6.554877589829496173e+03 1.039999999999999952e-01
6.554915190857965172e+03 -1.117500000000000021e-01
6.554952891889168313e+03 1.750000000000000036e-03
6.554990492917635493e+03 -1.262500000000000011e-01
6.555028093946104491e+03 -1.072499999999999981e-01
6.555065694974571670e+03 -5.525000000000000050e-02
6.555103296003039759e+03 9.274999999999999911e-02
6.555140897031508757e+03 1.037499999999999950e-01
6.555178498059975936e+03 2.249999999999999830e-03
6.555216099088444935e+03 4.124999999999999778e-01
6.555253700116912114e+03 2.502499999999999725e-01
6.555291301145380203e+03 4.229999999999999871e-01
6.555328902173848292e+03 3.437500000000000000e-01
6.555366503202316380e+03 2.839999999999999747e-01
6.555404104230783560e+03 2.235000000000000042e-01
6.555441705259252558e+03 9.500000000000000111e-02
6.555479306287719737e+03 3.400000000000000244e-01
6.555516807313453683e+03 9.450000000000000067e-02
6.555554408341920862e+03 4.432499999999999774e-01
6.555592009370389860e+03 1.734999999999999876e-01
6.555629610398857039e+03 1.877500000000000002e-01
6.555667211427325128e+03 8.824999999999999512e-02
6.555704812455793217e+03 3.622500000000000164e-01
6.555742313481525343e+03 2.547499999999999765e-01
6.555779914509994342e+03 4.630000000000000226e-01
6.555817515538461521e+03 1.277500000000000024e-01
6.555855116566929610e+03 9.700000000000000289e-02
6.555892617592662646e+03 -1.949999999999999997e-02
6.555930218621130734e+03 1.400000000000000029e-02
6.555967819649598823e+03 1.225000000000000047e-02
6.556005320675330950e+03 1.479999999999999927e-01
6.556042921703799948e+03 -5.500000000000000028e-02
6.556080522732267127e+03 6.500000000000000222e-02
6.556118023758000163e+03 4.750000000000000056e-02
6.556155624786468252e+03 -3.074999999999999956e-02
6.556193225814935431e+03 -2.500000000000000139e-02
6.556230726840669377e+03 -1.250000000000000069e-02
6.556268327869136556e+03 1.005000000000000060e-01
6.556305828894869592e+03 1.725000000000000144e-02
6.556343429923337681e+03 -1.712500000000000133e-01
6.556380930949070716e+03 -6.975000000000000644e-02
6.556418531977537896e+03 1.029999999999999943e-01
6.556456033003270932e+03 1.814999999999999947e-01
6.556493634031739020e+03 7.000000000000000146e-03
6.556531135057472056e+03 -3.874999999999999972e-02
6.556568636083205092e+03 5.885000000000000231e-01
6.556606237111673181e+03 7.932500000000000107e-01
6.556643738137406217e+03 9.457499999999999796e-01
6.556681339165873396e+03 3.802499999999999769e-01
6.556718840191605523e+03 4.329999999999999960e-01
6.556756341217338559e+03 2.057499999999999885e-01
6.556793942245806647e+03 2.782499999999999973e-01
6.556831443271539683e+03 3.300000000000000155e-01
6.556868944297272719e+03 3.467500000000000027e-01
6.556906545325740808e+03 8.350000000000000477e-02
6.556944046351473844e+03 3.355000000000000204e-01
6.556981547377205970e+03 -9.249999999999999542e-03
6.557019048402939006e+03 2.824999999999999734e-01
6.557056549428671133e+03 1.239999999999999991e-01
6.557094150457139222e+03 4.000000000000000083e-03
6.557131651482871348e+03 2.357499999999999873e-01
6.557169152508605293e+03 3.292499999999999871e-01
6.557206653534338329e+03 -1.849999999999999908e-02
6.557244154560070456e+03 3.350000000000000200e-02
6.557281655585803492e+03 -8.999999999999999320e-03
6.557319156611535618e+03 -1.200000000000000025e-02
6.557356757640003707e+03 -9.900000000000000466e-02
6.557394258665735833e+03 -1.777499999999999913e-01
6.557431759691469779e+03 7.049999999999999323e-02
6.557469260717202815e+03 -6.850000000000000533e-02
6.557506761742934941e+03 2.375000000000000028e-02
6.557544262768667977e+03 9.375000000000000000e-02
6.557581763794400104e+03 -2.235000000000000042e-01
6.557619264820133139e+03 1.464999999999999913e-01
6.557656765845866175e+03 2.342500000000000138e-01
6.557694166868863249e+03 2.877500000000000058e-01
6.557731667894596285e+03 -5.349999999999999895e-02
6.557769168920329321e+03 -3.880000000000000115e-01
6.557806669946061447e+03 9.324999999999999956e-02
6.557844170971794483e+03 -2.249999999999999830e-03
6.557881671997526610e+03 -1.362500000000000100e-01
6.557919173023259646e+03 -1.729999999999999871e-01
6.557956574046257629e+03 -1.187499999999999944e-01
6.557994075071989755e+03 7.825000000000000011e-02
6.558031576097722791e+03 8.849999999999999534e-02
6.558069077123455827e+03 1.847499999999999976e-01
6.558106578149187953e+03 1.762499999999999900e-01
6.558143979172185027e+03 2.874999999999999778e-01
6.558181480197918063e+03 4.455000000000000071e-01
6.558218981223650189e+03 3.617500000000000160e-01
6.558256382246648172e+03 7.249999999999999778e-01
6.558293883272381208e+03 4.542499999999999871e-01
6.558331384298113335e+03 6.127500000000000169e-01
6.558368785321111318e+03 2.979999999999999871e-01
6.558406286346844354e+03 3.975000000000000200e-01
6.558443787372576480e+03 4.600000000000000200e-01
6.558481188395574463e+03 4.385000000000000009e-01
6.558518689421307499e+03 4.919999999999999929e-01
6.558556090444304573e+03 2.997500000000000164e-01
6.558593591470036699e+03 1.692500000000000115e-01
6.558630992493034682e+03 4.050000000000000128e-02
6.558668493518767718e+03 2.805000000000000271e-01
6.558705894541763882e+03 2.869999999999999774e-01
6.558743395567497828e+03 3.579999999999999849e-01
6.558780796590494901e+03 5.502500000000000169e-01
6.558818297616227028e+03 5.645000000000000018e-01
6.558855698639225011e+03 2.625000000000000111e-01
6.558893099662222085e+03 4.052499999999999991e-01
6.558930600687955121e+03 3.744999999999999996e-01
6.558968001710952194e+03 1.927500000000000047e-01
6.559005502736685230e+03 2.419999999999999929e-01
6.559042903759683213e+03 -3.425000000000000266e-02
6.559080304782680287e+03 2.250000000000000056e-01
6.559117805808412413e+03 2.034999999999999865e-01
6.559155206831410396e+03 -2.775000000000000036e-02
6.559192607854408379e+03 6.775000000000000466e-02
6.559230008877405453e+03 6.499999999999999702e-03
6.559267509903137579e+03 3.022500000000000187e-01
6.559304910926135562e+03 7.474999999999999700e-02
6.559342311949132636e+03 9.875000000000000444e-02
6.559379712972130619e+03 1.247499999999999998e-01
6.559417113995128602e+03 -3.325000000000000178e-02
6.559454615020860729e+03 7.250000000000000368e-03
6.559492016043857802e+03 8.300000000000000433e-02
6.559529417066855785e+03 2.507499999999999729e-01
6.559566818089852859e+03 3.297499999999999876e-01
6.559604219112850842e+03 4.209999999999999853e-01
6.559641620135847916e+03 4.209999999999999853e-01
6.559679021158844989e+03 3.432499999999999996e-01
6.559716422181842972e+03 3.572500000000000120e-01
6.559753823204840046e+03 2.074999999999999900e-01
6.559791224227838029e+03 4.152500000000000080e-01
6.559828625250835103e+03 3.027500000000000191e-01
6.559866026273832176e+03 2.174999999999999989e-01
6.559903427296830159e+03 2.917500000000000093e-01
6.559940828319827233e+03 4.944999999999999951e-01
6.559978229342825216e+03 4.992500000000000271e-01
6.560015630365822290e+03 4.040000000000000258e-01
6.560053031388819363e+03 4.015000000000000235e-01
6.560090432411817346e+03 2.662499999999999867e-01
6.560127833434814420e+03 2.780000000000000249e-01
6.560165134455076441e+03 9.450000000000000067e-02
6.560202535478074424e+03 2.344999999999999862e-01
6.560239936501071497e+03 4.342500000000000249e-01
6.560277337524069480e+03 2.640000000000000124e-01
6.560314738547066554e+03 8.275000000000000411e-02
6.560352039567328575e+03 7.224999999999999478e-02
6.560389440590325648e+03 2.957500000000000129e-01
6.560426841613323631e+03 4.239999999999999880e-01
6.560464242636321615e+03 5.687499999999999778e-01
6.560501543656583635e+03 2.967500000000000138e-01
6.560538944679580709e+03 3.302499999999999880e-01
6.560576345702578692e+03 3.972499999999999920e-01
6.560613646722840713e+03 1.819999999999999951e-01
6.560651047745837786e+03 4.197500000000000120e-01
6.560688348766100717e+03 -7.499999999999999722e-03
6.560725749789096881e+03 2.749999999999999840e-03
6.560763150812094864e+03 3.674999999999999933e-01
6.560800451832356885e+03 4.749999999999999778e-01
6.560837852855353958e+03 5.324999999999999734e-01
6.560875153875616888e+03 5.835000000000000187e-01
6.560912554898613962e+03 5.220000000000000195e-01
6.560949855918875983e+03 6.962500000000000355e-01
6.560987256941873966e+03 1.113750000000000018e+00
6.561024557962135987e+03 7.724999999999999645e-01
6.561061958985133970e+03 8.002500000000000169e-01
6.561099260005395990e+03 9.745000000000000329e-01
6.561136661028393064e+03 8.677500000000000213e-01
6.561173962048655085e+03 9.172500000000000098e-01
6.561211263068917106e+03 1.030999999999999917e+00
6.561248664091914179e+03 1.112000000000000099e+00
6.561285965112176200e+03 8.262500000000000400e-01
6.561323266132439130e+03 9.457499999999999796e-01
6.561360667155436204e+03 9.617499999999999938e-01
6.561397968175698225e+03 5.937500000000000000e-01
6.561435269195960245e+03 6.099999999999999867e-01
6.561472670218958228e+03 4.462499999999999800e-01
6.561509971239220249e+03 6.544999999999999707e-01
6.561547272259482270e+03 5.157500000000000417e-01
6.561584573279744291e+03 4.515000000000000124e-01
6.561621974302742274e+03 1.912500000000000033e-01
6.561659275323004294e+03 2.032499999999999862e-01
6.561696576343266315e+03 7.449999999999999678e-02
6.561733877363528336e+03 -5.199999999999999761e-02
6.561771178383790357e+03 -1.327500000000000069e-01
6.561808479404052378e+03 -2.924999999999999822e-01
6.561845780424314398e+03 -1.754999999999999893e-01
6.561883081444577329e+03 -6.320000000000000062e-01
6.561920482467574402e+03 -6.977499999999999813e-01
6.561957783487836423e+03 -6.480000000000000204e-01
6.561995084508098444e+03 -5.955000000000000293e-01
6.562032385528360464e+03 -7.702499999999999902e-01
6.562069686548623395e+03 -4.842500000000000138e-01
6.562106987568885415e+03 -6.740000000000000435e-01
6.562144288589148346e+03 -5.544999999999999929e-01
6.562181589609410366e+03 -4.217500000000000138e-01
6.562218890629672387e+03 -3.920000000000000151e-01
6.562256091647198446e+03 -4.147500000000000075e-01
6.562293392667460466e+03 -3.282499999999999862e-01
6.562330693687723397e+03 -4.750000000000000056e-02
6.562367994707985417e+03 -7.574999999999999789e-02
6.562405295728247438e+03 1.282500000000000029e-01
6.562442596748509459e+03 5.700000000000000205e-02
6.562479897768771480e+03 2.842500000000000027e-01
6.562517198789033500e+03 1.962500000000000078e-01
6.562554399806561378e+03 1.089999999999999997e-01
6.562591700826823399e+03 1.817499999999999949e-01
6.562629001847085419e+03 6.085000000000000409e-01
6.562666302867347440e+03 3.547500000000000098e-01
6.562703503884874408e+03 4.610000000000000209e-01
6.562740804905136429e+03 7.287500000000000089e-01
6.562778105925398449e+03 5.667499999999999760e-01
6.562815306942925417e+03 6.434999999999999609e-01
6.562852607963187438e+03 3.907499999999999862e-01
6.562889908983449459e+03 6.602500000000000036e-01
6.562927110000976427e+03 6.065000000000000391e-01
6.562964411021239357e+03 3.019999999999999907e-01
6.563001712041501378e+03 5.067500000000000338e-01
6.563038913059027436e+03 3.052500000000000213e-01
6.563076214079289457e+03 -8.225000000000000366e-02
6.563113415096816425e+03 1.632500000000000062e-01
6.563150716117078446e+03 -2.649999999999999925e-02
6.563187917134606323e+03 2.379999999999999893e-01
6.563225218154868344e+03 -1.872499999999999998e-01
6.563262419172394402e+03 5.700000000000000205e-02
6.563299720192657333e+03 -7.299999999999999545e-02
6.563336921210183391e+03 -4.229999999999999871e-01
6.563374222230445412e+03 -1.600000000000000033e-01
6.563411423247973289e+03 -1.645000000000000073e-01
6.563448624265500257e+03 9.950000000000000511e-02
6.563485925285762278e+03 -1.524999999999999967e-02
6.563523126303288336e+03 -8.000000000000000167e-02
6.563560427323550357e+03 -1.050000000000000065e-02
6.563597628341077325e+03 -5.725000000000000228e-02
6.563634829358605202e+03 -5.099999999999999672e-02
6.563672030376131261e+03 -2.125000000000000153e-02
6.563709331396393281e+03 -2.822500000000000009e-01
6.563746532413920249e+03 -2.690000000000000169e-01
6.563783733431448127e+03 -1.000000000000000021e-02
6.563821034451710148e+03 -1.997500000000000109e-01
6.563858235469236206e+03 -1.922500000000000042e-01
6.563895436486763174e+03 -1.632500000000000062e-01
6.563932637504290142e+03 -1.585000000000000020e-01
6.563969838521817110e+03 -3.514999999999999791e-01
6.564007039539344078e+03 -1.880000000000000004e-01
6.564044340559606098e+03 -3.237499999999999822e-01
6.564081541577133066e+03 -4.229999999999999871e-01
6.564118742594660034e+03 4.050000000000000128e-02
6.564155943612187002e+03 -1.170000000000000068e-01
6.564193144629713061e+03 -2.114999999999999936e-01
6.564230345647240028e+03 -1.320000000000000062e-01
6.564267546664767906e+03 -3.307499999999999885e-01
6.564304747682293964e+03 -3.240000000000000102e-01
6.564341948699820932e+03 -2.822500000000000009e-01
6.564379149717347900e+03 -2.042499999999999871e-01
6.564416350734874868e+03 -5.999999999999999778e-02
6.564453551752401836e+03 -1.750000000000000036e-03
6.564490752769928804e+03 8.150000000000000300e-02
6.564527953787455772e+03 -5.124999999999999695e-02
6.564565154804982740e+03 2.802499999999999991e-01
6.564602355822508798e+03 3.617500000000000160e-01
6.564639556840035766e+03 4.570000000000000173e-01
6.564676657854827681e+03 2.352499999999999869e-01
6.564713858872354649e+03 3.022500000000000187e-01
6.564751059889880707e+03 2.064999999999999891e-01
6.564788260907408585e+03 -4.674999999999999989e-02
6.564825461924935553e+03 3.000000000000000062e-03
6.564862562939726558e+03 -2.949999999999999845e-01
6.564899763957253526e+03 -3.222499999999999809e-01
6.564936964974780494e+03 -1.424999999999999878e-01
6.564974165992307462e+03 -1.937500000000000056e-01
6.565011267007099377e+03 -6.119999999999999885e-01
6.565048468024625436e+03 -6.467500000000000471e-01
6.565085669042152404e+03 -4.490000000000000102e-01
6.565122770056944319e+03 -1.472499999999999920e-01
6.565159971074471287e+03 -1.464999999999999913e-01
6.565197172091998254e+03 -2.340000000000000135e-01
6.565234273106790170e+03 -1.349999999999999985e-02
6.565271474124316228e+03 -2.394999999999999907e-01
6.565308675141843196e+03 -2.807499999999999996e-01
6.565345776156635111e+03 -4.714999999999999747e-01
6.565382977174162079e+03 -2.954999999999999849e-01
6.565420078188953084e+03 -2.000000000000000111e-01
6.565457279206480052e+03 -2.427499999999999936e-01
6.565494380221271967e+03 -3.799999999999999906e-02
6.565531581238798026e+03 -1.874999999999999931e-02
6.565568682253589941e+03 -1.667500000000000093e-01
6.565605883271116909e+03 -3.430000000000000271e-01
6.565642984285908824e+03 -3.390000000000000235e-01
6.565680085300699830e+03 -2.585000000000000075e-01
6.565717286318227707e+03 -4.050000000000000266e-01
6.565754387333018713e+03 -2.677499999999999880e-01
6.565791588350545680e+03 -2.565000000000000058e-01
6.565828689365337596e+03 -3.612500000000000155e-01
6.565865790380128601e+03 -3.775000000000000022e-01
6.565902991397656479e+03 4.125000000000000194e-02
6.565940092412447484e+03 -3.980000000000000204e-01
6.565977193427238490e+03 -2.974999999999999867e-01
6.566014294442030405e+03 -2.129999999999999949e-01
6.566051495459557373e+03 -4.005000000000000226e-01
6.566088596474349288e+03 -2.144999999999999962e-01
6.566125697489140293e+03 -3.292499999999999871e-01
6.566162798503932208e+03 -5.087500000000000355e-01
6.566199999521459176e+03 -3.877499999999999836e-01
6.566237100536250182e+03 -2.645000000000000129e-01
6.566274201551042097e+03 9.575000000000000178e-02
6.566311302565833103e+03 1.514999999999999958e-01
6.566348403580625018e+03 1.692500000000000115e-01
6.566385504595416023e+03 1.145000000000000046e-01
6.566422605610208848e+03 -1.710000000000000131e-01
6.566459706624999853e+03 -1.074999999999999983e-01
6.566496807639791768e+03 -2.450000000000000094e-02
6.566534008657318736e+03 -1.042499999999999954e-01
6.566571109672110651e+03 -1.824999999999999956e-01
6.566608210686901657e+03 -3.360000000000000209e-01
6.566645311701693572e+03 -3.805000000000000049e-01
6.566682312713749525e+03 -3.210000000000000075e-01
6.566719413728541440e+03 -1.739999999999999880e-01
6.566756514743332446e+03 -1.337500000000000078e-01
6.566793615758124361e+03 -5.712500000000000355e-01
6.566830716772915366e+03 -4.667499999999999982e-01
6.566867817787707281e+03 -2.172499999999999987e-01
6.566904918802499196e+03 -3.380000000000000226e-01
6.566942019817291111e+03 -3.242499999999999827e-01
6.566979120832082117e+03 -8.924999999999999600e-02
6.567016221846874032e+03 -1.252500000000000002e-01
6.567053222858929985e+03 -3.370000000000000218e-01
6.567090323873721900e+03 -1.675000000000000100e-01
6.567127424888512905e+03 -3.135000000000000009e-01
6.567164525903304821e+03 -4.405000000000000027e-01
6.567201526915361683e+03 -1.769999999999999907e-01
6.567238627930152688e+03 -1.692500000000000115e-01
6.567275728944944603e+03 -2.782499999999999973e-01
6.567312829959735609e+03 -1.380000000000000115e-01
6.567349830971792471e+03 -2.982500000000000151e-01
6.567386931986583477e+03 -2.340000000000000135e-01
6.567424033001375392e+03 -1.142500000000000043e-01
6.567461034013432254e+03 -1.665000000000000091e-01
6.567498135028223260e+03 7.259999999999999787e-01
6.567535136040280122e+03 -2.025000000000000064e-02
6.567572237055071128e+03 2.919999999999999818e-01
6.567609338069863043e+03 1.414999999999999869e-01
6.567646339081918995e+03 2.900000000000000147e-02
6.567683440096710910e+03 4.850000000000000144e-02
6.567720441108766863e+03 -1.854999999999999982e-01
6.567757542123558778e+03 -1.142500000000000043e-01
6.567794543135614731e+03 -9.825000000000000400e-02
6.567831644150405737e+03 -1.074999999999999914e-02
6.567868645162462599e+03 6.525000000000000244e-02
6.567905646174519461e+03 2.350000000000000006e-02
6.567942747189310467e+03 -9.675000000000000266e-02
6.567979748201367329e+03 -3.475000000000000311e-02
6.568016849216158334e+03 -1.482499999999999929e-01
6.568053850228214287e+03 1.872499999999999998e-01
6.568090851240271149e+03 -9.850000000000000422e-02
6.568127952255062155e+03 4.499999999999999660e-03
6.568164953267119017e+03 3.000000000000000062e-03
6.568201954279174970e+03 -2.592499999999999805e-01
6.568239055293966885e+03 -2.897500000000000075e-01
6.568276056306022838e+03 -3.872499999999999831e-01
6.568313057318079700e+03 -4.114999999999999769e-01
6.568350058330135653e+03 -2.810000000000000275e-01
6.568387159344927568e+03 -7.049999999999999323e-02
6.568424160356983521e+03 -2.449999999999999956e-01
6.568461161369039473e+03 -2.765000000000000235e-01
6.568498162381096336e+03 -2.922500000000000098e-01
6.568535163393152288e+03 -6.264999999999999458e-01
6.568572164405208241e+03 -3.387499999999999956e-01
6.568609265420000156e+03 -2.357499999999999873e-01
6.568646266432057018e+03 -4.027499999999999969e-01
6.568683267444112971e+03 -1.769999999999999907e-01
6.568720268456168924e+03 -5.497499999999999609e-01
6.568757269468225786e+03 -2.535000000000000031e-01
6.568794270480281739e+03 -3.054999999999999938e-01
6.568831271492337692e+03 -3.524999999999999661e-02
6.568868272504394554e+03 -7.599999999999999811e-02
6.568905273516451416e+03 -3.250000000000000111e-02
6.568942274528506459e+03 1.349999999999999985e-02
6.568979275540563322e+03 9.074999999999999734e-02
6.569016276552620184e+03 6.775000000000000466e-02
6.569053277564675227e+03 -3.450000000000000289e-02
6.569090278576732089e+03 8.450000000000000566e-02
6.569127279588788952e+03 -8.275000000000000411e-02
6.569164180598109851e+03 9.074999999999999734e-02
6.569201181610165804e+03 -2.760000000000000231e-01
6.569238182622221757e+03 -2.012500000000000122e-01
6.569275183634278619e+03 3.500000000000000073e-03
6.569312184646334572e+03 -1.660000000000000087e-01
6.569349185658390525e+03 -1.385000000000000120e-01
6.569386086667711425e+03 -4.294999999999999929e-01
6.569423087679768287e+03 -2.000000000000000042e-02
6.569460088691825149e+03 -4.925000000000000211e-02
6.569497089703880192e+03 1.572500000000000009e-01
6.569533990713201092e+03 -3.275000000000000133e-02
6.569570991725257954e+03 6.750000000000000444e-02
6.569607992737314817e+03 3.150000000000000022e-02
6.569644893746635717e+03 -7.699999999999999900e-02
6.569681894758691669e+03 -4.324999999999999678e-02
6.569718895770747622e+03 4.649999999999999967e-02
6.569755796780069431e+03 -2.205000000000000016e-01
6.569792797792125384e+03 -3.014999999999999902e-01
6.569829698801446284e+03 -2.969999999999999862e-01
6.569866699813502237e+03 -2.997500000000000164e-01
6.569903600822823137e+03 -2.305000000000000104e-01
6.569940601834879999e+03 -1.385000000000000120e-01
6.569977602846936861e+03 9.199999999999999845e-02
6.570014503856257761e+03 -2.107499999999999929e-01
6.570051504868312804e+03 5.000000000000000278e-02
6.570088405877634614e+03 -6.749999999999999924e-03
6.570125306886955514e+03 -5.000000000000000104e-03
6.570162307899011466e+03 -1.492499999999999938e-01
6.570199208908333276e+03 4.150000000000000216e-02
6.570236209920389229e+03 -2.044999999999999873e-01
6.570273110929711038e+03 -4.399999999999999745e-02
6.570310011939031938e+03 -3.232499999999999818e-01
6.570347012951086981e+03 -2.532499999999999751e-01
6.570383913960408790e+03 -2.907500000000000084e-01
6.570420814969729690e+03 -4.422499999999999765e-01
6.570457815981785643e+03 -3.820000000000000062e-01
6.570494716991107452e+03 -3.664999999999999925e-01
6.570531618000428352e+03 -2.745000000000000218e-01
6.570568619012483396e+03 -1.157500000000000057e-01
6.570605520021805205e+03 -1.140000000000000041e-01
6.570642421031126105e+03 -3.222499999999999809e-01
