4.855314539770283773e+03 3.206666666666666554e-01
4.855342938568544923e+03 3.146666666666666501e-01
4.855371337366804255e+03 3.306666666666666643e-01
4.855399736165064496e+03 3.166666666666666519e-01
4.855428034967556414e+03 2.620000000000000107e-01
4.855456433765817565e+03 2.359999999999999876e-01
4.855484832564077806e+03 2.046666666666666634e-01
4.855513231362338047e+03 1.980000000000000093e-01
4.855541630160599198e+03 1.833333333333333204e-01
4.855569928963091115e+03 2.113333333333333452e-01
4.855598327761351356e+03 2.240000000000000047e-01
4.855626726559610688e+03 2.213333333333333264e-01
4.855655125357871839e+03 2.306666666666666587e-01
4.855683524156132080e+03 2.039999999999999869e-01
4.855711822958623998e+03 2.226666666666666794e-01
4.855740221756884239e+03 2.086666666666666670e-01
4.855768620555145390e+03 1.859999999999999987e-01
4.855796919357637307e+03 1.980000000000000093e-01
4.855825318155897548e+03 2.286666666666666570e-01
4.855853716954157790e+03 2.646666666666666612e-01
4.855882015756649707e+03 2.566666666666666541e-01
4.855910414554909948e+03 3.113333333333333508e-01
4.855938813353170190e+03 3.059999999999999942e-01
4.855967112155662107e+03 3.833333333333333592e-01
4.855995510953922349e+03 3.653333333333333433e-01
4.856023809756414266e+03 4.159999999999999809e-01
4.856052208554675417e+03 3.873333333333333073e-01
4.856080607352935658e+03 3.786666666666666514e-01
4.856108906155427576e+03 3.599999999999999867e-01
4.856137304953687817e+03 3.073333333333333472e-01
4.856165603756179735e+03 2.620000000000000107e-01
4.856194002554440885e+03 2.373333333333333406e-01
4.856222301356932803e+03 2.179999999999999993e-01
4.856250700155193044e+03 1.900000000000000022e-01
4.856278998957684962e+03 1.880000000000000004e-01
4.856307397755945203e+03 2.046666666666666634e-01
4.856335696558437121e+03 2.153333333333333210e-01
4.856364095356696453e+03 2.780000000000000249e-01
4.856392394159189280e+03 3.573333333333333361e-01
4.856420792957449521e+03 3.766666666666666496e-01
4.856449091759941439e+03 4.339999999999999969e-01
4.856477390562433357e+03 5.100000000000000089e-01
4.856505789360693598e+03 5.093333333333333046e-01
4.856534088163185515e+03 4.793333333333333335e-01
4.856562486961445757e+03 4.826666666666666883e-01
4.856590785763937674e+03 4.326666666666666439e-01
4.856619084566429592e+03 4.213333333333333375e-01
4.856647483364690743e+03 3.946666666666666656e-01
4.856675782167181751e+03 3.719999999999999973e-01
4.856704080969673669e+03 3.220000000000000084e-01
4.856732379772165586e+03 3.073333333333333472e-01
4.856760778570426737e+03 2.746666666666666701e-01
4.856789077372918655e+03 2.533333333333333548e-01
4.856817376175410573e+03 2.059999999999999887e-01
4.856845774973670814e+03 1.753333333333333410e-01
4.856874073776162732e+03 1.866666666666666752e-01
4.856902372578654649e+03 1.640000000000000069e-01
4.856930671381146567e+03 1.459999999999999909e-01
4.856958970183638485e+03 1.739999999999999880e-01
4.856987368981898726e+03 1.606666666666666798e-01
4.857015667784390644e+03 1.900000000000000022e-01
4.857043966586882561e+03 1.773333333333333428e-01
4.857072265389374479e+03 1.733333333333333393e-01
4.857100564191866397e+03 2.113333333333333452e-01
4.857128862994359224e+03 1.660000000000000087e-01
4.857157161796851142e+03 1.993333333333333346e-01
4.857185560595110474e+03 1.486666666666666692e-01
4.857213859397603301e+03 1.640000000000000069e-01
4.857242158200095218e+03 1.680000000000000104e-01
4.857270457002587136e+03 1.439999999999999891e-01
4.857298755805079054e+03 1.499999999999999944e-01
4.857327054607570972e+03 1.606666666666666798e-01
4.857355353410061980e+03 1.559999999999999998e-01
4.857383652212553898e+03 1.406666666666666621e-01
4.857411951015045815e+03 1.706666666666666610e-01
4.857440249817537733e+03 1.580000000000000016e-01
4.857468548620029651e+03 1.980000000000000093e-01
4.857496847422521569e+03 2.226666666666666794e-01
4.857525146225013486e+03 2.106666666666666687e-01
4.857553445027505404e+03 1.993333333333333346e-01
4.857581743829997322e+03 2.013333333333333364e-01
4.857610042632489240e+03 2.126666666666666705e-01
4.857638341434981157e+03 1.993333333333333346e-01
4.857666540241704752e+03 2.366666666666666641e-01
4.857694839044196669e+03 2.320000000000000118e-01
4.857723137846688587e+03 2.646666666666666612e-01
4.857751436649180505e+03 2.760000000000000231e-01
4.857779735451672423e+03 2.999999999999999889e-01
4.857808034254164340e+03 3.180000000000000049e-01
4.857836333056656258e+03 2.973333333333333384e-01
4.857864531863378943e+03 3.233333333333333059e-01
4.857892830665870861e+03 3.180000000000000049e-01
4.857921129468362778e+03 3.226666666666666572e-01
4.857949428270855606e+03 3.126666666666666483e-01
4.857977627077578290e+03 2.586666666666666559e-01
4.858005925880070208e+03 2.580000000000000071e-01
4.858034224682562126e+03 2.366666666666666641e-01
4.858062523485054044e+03 2.099999999999999922e-01
4.858090722291777638e+03 2.206666666666666776e-01
4.858119021094269556e+03 2.066666666666666652e-01
4.858147319896761474e+03 1.906666666666666787e-01
4.858175518703485068e+03 1.746666666666666645e-01
4.858203817505976986e+03 1.859999999999999987e-01
4.858232116308468903e+03 1.966666666666666563e-01
4.858260315115191588e+03 1.873333333333333239e-01
4.858288613917683506e+03 1.966666666666666563e-01
4.858316912720175424e+03 2.340000000000000135e-01
4.858345111526899018e+03 2.780000000000000249e-01
4.858373410329391845e+03 2.819999999999999729e-01
4.858401609136114530e+03 3.300000000000000155e-01
4.858429907938606448e+03 3.019999999999999907e-01
4.858458206741098365e+03 3.459999999999999742e-01
4.858486405547821960e+03 3.633333333333333415e-01
4.858514704350312968e+03 3.860000000000000098e-01
4.858542903157037472e+03 4.000000000000000222e-01
4.858571201959529390e+03 4.106666666666666798e-01
4.858599400766252074e+03 3.653333333333333433e-01
4.858627699568743992e+03 3.293333333333333113e-01
4.858655898375467586e+03 3.373333333333333184e-01
4.858684197177959504e+03 3.019999999999999907e-01
4.858712395984683099e+03 3.053333333333333455e-01
4.858740594791406693e+03 2.833333333333333259e-01
4.858768893593898611e+03 2.720000000000000195e-01
4.858797092400621295e+03 2.626666666666666594e-01
4.858825391203113213e+03 2.866666666666666807e-01
4.858853590009836807e+03 2.419999999999999929e-01
4.858881788816560402e+03 2.453333333333333199e-01
4.858910087619052319e+03 2.166666666666666741e-01
4.858938286425775004e+03 2.033333333333333381e-01
4.858966485232499508e+03 2.119999999999999940e-01
4.858994784034991426e+03 2.026666666666666616e-01
4.859022982841714111e+03 1.913333333333333275e-01
4.859051181648437705e+03 2.333333333333333370e-01
4.859079480450929623e+03 2.646666666666666612e-01
4.859107679257652308e+03 3.006666666666666932e-01
4.859135878064376811e+03 3.193333333333333579e-01
4.859164176866868729e+03 3.220000000000000084e-01
4.859192375673591414e+03 3.646666666666666390e-01
4.859220574480315008e+03 3.626666666666666927e-01
4.859248773287038603e+03 3.453333333333333255e-01
4.859276972093762197e+03 3.860000000000000098e-01
4.859305270896253205e+03 3.679999999999999938e-01
4.859333469702976799e+03 3.746666666666666479e-01
4.859361668509700394e+03 3.926666666666666639e-01
4.859389867316423988e+03 3.713333333333333486e-01
4.859418066123146673e+03 4.073333333333333250e-01
4.859446264929870267e+03 4.173333333333333339e-01
4.859474463736593862e+03 4.146666666666666834e-01
4.859502762539085779e+03 4.000000000000000222e-01
4.859530961345809374e+03 3.826666666666666550e-01
4.859559160152532058e+03 3.559999999999999831e-01
4.859587358959256562e+03 3.693333333333333468e-01
4.859615557765979247e+03 3.920000000000000151e-01
4.859643756572702841e+03 3.586666666666666892e-01
4.859671955379425526e+03 3.546666666666666856e-01
4.859700154186150030e+03 3.479999999999999760e-01
4.859728352992872715e+03 3.400000000000000244e-01
4.859756551799596309e+03 3.373333333333333184e-01
4.859784750606319903e+03 3.393333333333333202e-01
4.859812949413043498e+03 3.380000000000000226e-01
4.859841148219766183e+03 3.180000000000000049e-01
4.859869347026489777e+03 3.546666666666666856e-01
4.859897545833213371e+03 3.153333333333333544e-01
4.859925744639936966e+03 4.013333333333333197e-01
4.859953943446659650e+03 4.346666666666666456e-01
4.859982142253384154e+03 4.446666666666666545e-01
4.860010241064338516e+03 4.640000000000000235e-01
4.860038439871061200e+03 5.060000000000000053e-01
4.860066638677785704e+03 5.699999999999999512e-01
4.860094837484508389e+03 5.886666666666666714e-01
4.860123036291231074e+03 6.386666666666667158e-01
4.860151235097955578e+03 6.446666666666667211e-01
4.860179333908909939e+03 6.613333333333333286e-01
4.860207532715633533e+03 6.899999999999999467e-01
4.860235731522357128e+03 6.286666666666667069e-01
4.860263930329079813e+03 5.713333333333333597e-01
4.860292129135803407e+03 4.526666666666666616e-01
4.860320227946758678e+03 4.199999999999999845e-01
4.860348426753481363e+03 4.239999999999999880e-01
4.860376625560204957e+03 3.786666666666666514e-01
4.860404824366928551e+03 4.000000000000000222e-01
4.860432923177882913e+03 4.219999999999999862e-01
4.860461121984606507e+03 3.886666666666666603e-01
4.860489320791330101e+03 4.053333333333333233e-01
4.860517419602285372e+03 4.306666666666666421e-01
4.860545618409008057e+03 3.953333333333333144e-01
4.860573817215731651e+03 3.840000000000000080e-01
4.860601916026686922e+03 4.333333333333333481e-01
4.860630114833409607e+03 4.099999999999999756e-01
4.860658213644364878e+03 4.839999999999999858e-01
4.860686412451088472e+03 4.386666666666666492e-01
4.860714611257812066e+03 4.600000000000000200e-01
4.860742710068766428e+03 4.586666666666666670e-01
4.860770908875490022e+03 4.759999999999999787e-01
4.860799007686445293e+03 4.846666666666666901e-01
4.860827206493167978e+03 5.260000000000000231e-01
4.860855305304123249e+03 5.473333333333333384e-01
4.860883504110846843e+03 5.400000000000000355e-01
4.860911602921801205e+03 5.293333333333333224e-01
4.860939801728524799e+03 4.793333333333333335e-01
4.860967900539479160e+03 4.833333333333333370e-01
4.860996099346202755e+03 4.359999999999999987e-01
4.861024198157158025e+03 4.420000000000000040e-01
4.861052396963880710e+03 4.406666666666666510e-01
4.861080495774835981e+03 4.299999999999999933e-01
4.861108694581559575e+03 4.726666666666666794e-01
4.861136793392514846e+03 5.026666666666667060e-01
4.861164892203469208e+03 5.113333333333333064e-01
4.861193091010191893e+03 5.040000000000000036e-01
4.861221189821147163e+03 4.839999999999999858e-01
4.861249288632101525e+03 5.026666666666667060e-01
4.861277487438826029e+03 4.540000000000000147e-01
4.861305586249780390e+03 4.179999999999999827e-01
4.861333685060735661e+03 4.119999999999999774e-01
4.861361883867458346e+03 3.760000000000000009e-01
4.861389982678412707e+03 3.026666666666666394e-01
4.861418081489368888e+03 3.473333333333333273e-01
4.861446280296091572e+03 2.953333333333333366e-01
4.861474379107046843e+03 3.046666666666666412e-01
4.861502477918001205e+03 3.406666666666666732e-01
4.861530576728956476e+03 3.466666666666666785e-01
4.861558675539910837e+03 3.913333333333333108e-01
4.861586874346635341e+03 4.266666666666666941e-01
4.861614973157589702e+03 4.493333333333333068e-01
4.861643071968544973e+03 4.673333333333333228e-01
4.861671170779499334e+03 5.053333333333333011e-01
4.861699269590454605e+03 4.513333333333333086e-01
4.861727468397177290e+03 4.386666666666666492e-01
4.861755567208131652e+03 4.006666666666666710e-01
4.861783666019086922e+03 3.833333333333333592e-01
4.861811764830041284e+03 4.199999999999999845e-01
4.861839863640996555e+03 4.520000000000000129e-01
4.861867962451951826e+03 4.746666666666666812e-01
4.861896061262907097e+03 4.939999999999999947e-01
4.861924160073861458e+03 4.833333333333333370e-01
4.861952258884816729e+03 4.286666666666666403e-01
4.861980357695771090e+03 4.106666666666666798e-01
4.862008456506726361e+03 3.926666666666666639e-01
4.862036555317680723e+03 3.633333333333333415e-01
4.862064654128635993e+03 3.546666666666666856e-01
4.862092752939590355e+03 3.133333333333333526e-01
4.862120851750545626e+03 3.226666666666666572e-01
4.862148950561499987e+03 2.899999999999999800e-01
4.862177049372455258e+03 2.660000000000000142e-01
4.862205148183409619e+03 2.760000000000000231e-01
4.862233246994364890e+03 2.953333333333333366e-01
4.862261345805319252e+03 2.760000000000000231e-01
4.862289444616274523e+03 2.966666666666666896e-01
4.862317543427228884e+03 3.186666666666666536e-01
4.862345642238184155e+03 3.153333333333333544e-01
4.862373741049138516e+03 3.373333333333333184e-01
4.862401739864325464e+03 2.993333333333333401e-01
4.862429838675280735e+03 3.366666666666666696e-01
4.862457937486235096e+03 3.626666666666666927e-01
4.862486036297190367e+03 3.306666666666666643e-01
4.862514135108144728e+03 3.293333333333333113e-01
4.862542133923331676e+03 3.626666666666666927e-01
4.862570232734286037e+03 3.613333333333333397e-01
4.862598331545241308e+03 3.886666666666666603e-01
4.862626430356195669e+03 3.920000000000000151e-01
4.862654429171381707e+03 4.073333333333333250e-01
4.862682527982336978e+03 4.146666666666666834e-01
4.862710626793292249e+03 4.386666666666666492e-01
4.862738725604247520e+03 4.420000000000000040e-01
4.862766724419432649e+03 4.540000000000000147e-01
4.862794823230387919e+03 4.506666666666666599e-01
4.862822922041342281e+03 4.533333333333333104e-01
4.862850920856529228e+03 4.333333333333333481e-01
4.862879019667484499e+03 4.526666666666666616e-01
4.862907118478438861e+03 4.413333333333333552e-01
4.862935117293625808e+03 4.500000000000000111e-01
4.862963216104580169e+03 4.133333333333333304e-01
4.862991214919766207e+03 4.279999999999999916e-01
4.863019313730721478e+03 3.753333333333333521e-01
4.863047412541675840e+03 3.719999999999999973e-01
4.863075411356862787e+03 3.553333333333333344e-01
4.863103510167817149e+03 3.699999999999999956e-01
4.863131508983004096e+03 3.986666666666666692e-01
4.863159607793959367e+03 3.813333333333333575e-01
4.863187606609144495e+03 4.219999999999999862e-01
4.863215705420099766e+03 4.233333333333333393e-01
4.863243704235286714e+03 4.366666666666666474e-01
4.863271803046241075e+03 4.079999999999999738e-01
4.863299801861427113e+03 3.980000000000000204e-01
4.863327900672381475e+03 3.486666666666666803e-01
4.863355899487568422e+03 3.806666666666666532e-01
4.863383998298523693e+03 4.159999999999999809e-01
4.863411997113709731e+03 5.026666666666667060e-01
4.863439995928895769e+03 4.986666666666666470e-01
4.863468094739851040e+03 5.300000000000000266e-01
4.863496093555037078e+03 5.486666666666666359e-01
4.863524092370224025e+03 5.686666666666666536e-01
4.863552191181178387e+03 6.166666666666666963e-01
4.863580189996364425e+03 5.633333333333333526e-01
4.863608188811551372e+03 5.899999999999999689e-01
4.863636287622505733e+03 5.353333333333333277e-01
4.863664286437691771e+03 4.613333333333333175e-01
4.863692285252878719e+03 3.400000000000000244e-01
4.863720384063833080e+03 2.919999999999999818e-01
4.863748382879020028e+03 2.073333333333333417e-01
4.863776381694206066e+03 9.933333333333332904e-02
4.863804380509393013e+03 4.133333333333333304e-02
4.863832479320347375e+03 1.466666666666666639e-02
4.863860478135534322e+03 -1.000000000000000021e-02
4.863888476950720360e+03 -3.266666666666666330e-02
4.863916475765906398e+03 -2.000000000000000042e-03
4.863944474581092436e+03 5.466666666666666896e-02
4.863972573392046797e+03 1.386666666666666603e-01
4.864000572207233745e+03 2.326666666666666605e-01
4.864028571022420692e+03 3.206666666666666554e-01
4.864056569837606730e+03 3.719999999999999973e-01
4.864084568652792768e+03 3.813333333333333575e-01
4.864112567467978806e+03 4.126666666666666816e-01
4.864140566283165754e+03 4.259999999999999898e-01
4.864168565098352701e+03 4.286666666666666403e-01
4.864196663909307063e+03 4.546666666666666634e-01
4.864224662724493101e+03 4.786666666666666847e-01
4.864252661539680048e+03 4.859999999999999876e-01
4.864280660354865176e+03 5.273333333333333206e-01
4.864308659170052124e+03 5.346666666666666234e-01
4.864336657985239071e+03 6.293333333333333002e-01
4.864364656800424200e+03 6.486666666666666137e-01
4.864392655615611147e+03 6.013333333333333863e-01
4.864420654430797185e+03 5.440000000000000391e-01
4.864448653245984133e+03 4.726666666666666794e-01
4.864476652061170171e+03 4.966666666666666452e-01
4.864504550880587885e+03 5.066666666666667096e-01
4.864532549695773923e+03 5.293333333333333224e-01
4.864560548510960871e+03 5.806666666666666643e-01
4.864588547326147818e+03 6.013333333333333863e-01
4.864616546141332947e+03 6.606666666666666243e-01
4.864644544956519894e+03 6.320000000000000062e-01
4.864672543771705932e+03 6.440000000000000169e-01
4.864700542586891970e+03 6.146666666666666945e-01
4.864728541402078918e+03 5.426666666666666305e-01
4.864756440221496632e+03 5.053333333333333011e-01
4.864784439036682670e+03 4.413333333333333552e-01
4.864812437851869618e+03 4.380000000000000004e-01
4.864840436667055656e+03 3.940000000000000169e-01
4.864868435482241694e+03 4.066666666666666763e-01
4.864896334301659408e+03 3.826666666666666550e-01
4.864924333116846356e+03 4.099999999999999756e-01
4.864952331932032394e+03 3.966666666666666674e-01
4.864980330747218431e+03 4.520000000000000129e-01
4.865008229566636146e+03 4.526666666666666616e-01
4.865036228381823094e+03 4.420000000000000040e-01
4.865064227197010041e+03 4.319999999999999951e-01
4.865092126016427756e+03 4.460000000000000075e-01
4.865120124831612884e+03 4.580000000000000182e-01
4.865148123646799831e+03 4.573333333333333139e-01
4.865176022466217546e+03 5.053333333333333011e-01
4.865204021281404493e+03 5.140000000000000124e-01
4.865232020096589622e+03 4.939999999999999947e-01
4.865259918916007337e+03 5.293333333333333224e-01
4.865287917731194284e+03 5.600000000000000533e-01
4.865315816550611999e+03 5.879999999999999671e-01
4.865343815365798946e+03 5.939999999999999725e-01
4.865371714185216661e+03 5.773333333333333650e-01
4.865399713000402699e+03 5.600000000000000533e-01
4.865427711815588736e+03 5.666666666666666519e-01
4.865455610635006451e+03 5.566666666666666430e-01
4.865483609450193399e+03 5.486666666666666359e-01
4.865511508269611113e+03 5.486666666666666359e-01
4.865539507084797151e+03 5.273333333333333206e-01
4.865567405904214866e+03 5.466666666666666341e-01
4.865595304723632580e+03 4.899999999999999911e-01
4.865623303538819528e+03 4.573333333333333139e-01
4.865651202358237242e+03 4.166666666666666852e-01
4.865679201173423280e+03 3.993333333333333179e-01
4.865707099992841904e+03 4.126666666666666816e-01
4.865735098808027033e+03 4.106666666666666798e-01
4.865762997627444747e+03 4.093333333333333268e-01
4.865790896446862462e+03 3.946666666666666656e-01
4.865818895262049409e+03 3.606666666666666909e-01
4.865846794081467124e+03 3.659999999999999920e-01
4.865874692900884838e+03 3.566666666666666874e-01
4.865902691716071786e+03 2.946666666666666878e-01
4.865930590535489500e+03 3.573333333333333361e-01
4.865958489354907215e+03 3.973333333333333162e-01
4.865986488170093253e+03 4.480000000000000093e-01
4.866014386989510967e+03 5.200000000000000178e-01
4.866042285808928682e+03 5.140000000000000124e-01
4.866070184628346396e+03 5.600000000000000533e-01
4.866098183443533344e+03 5.406666666666666288e-01
4.866126082262951059e+03 5.486666666666666359e-01
4.866153981082368773e+03 6.006666666666666821e-01
4.866181879901786488e+03 6.133333333333332860e-01
4.866209778721205112e+03 5.913333333333333774e-01
4.866237777536390240e+03 5.779999999999999583e-01
4.866265676355807955e+03 5.799999999999999600e-01
4.866293575175226579e+03 5.340000000000000302e-01
4.866321473994644293e+03 5.506666666666666377e-01
4.866349372814062008e+03 5.393333333333333313e-01
4.866377271633479722e+03 5.220000000000000195e-01
4.866405170452897437e+03 5.866666666666666696e-01
4.866433169268084384e+03 6.046666666666666856e-01
4.866461068087502099e+03 6.246666666666667034e-01
4.866488966906919813e+03 7.006666666666666599e-01
4.866516865726337528e+03 6.840000000000000524e-01
4.866544764545755243e+03 7.359999999999999876e-01
4.866572663365173867e+03 7.059999999999999609e-01
4.866600562184591581e+03 6.253333333333332966e-01
4.866628461004009296e+03 5.799999999999999600e-01
4.866656359823427010e+03 5.073333333333333028e-01
4.866684258642843815e+03 4.993333333333333512e-01
4.866712157462261530e+03 4.520000000000000129e-01
4.866740056281680154e+03 4.753333333333333299e-01
4.866767955101097868e+03 4.853333333333333388e-01
4.866795853920515583e+03 5.033333333333332993e-01
4.866823752739933298e+03 5.020000000000000018e-01
4.866851551563582689e+03 5.433333333333333348e-01
4.866879450383000403e+03 5.220000000000000195e-01
4.866907349202418118e+03 5.106666666666667131e-01
4.866935248021835832e+03 4.440000000000000058e-01
4.866963146841253547e+03 4.326666666666666439e-01
4.866991045660672171e+03 4.066666666666666763e-01
4.867018944480089885e+03 4.146666666666666834e-01
4.867046743303738367e+03 3.973333333333333162e-01
4.867074642123156991e+03 4.199999999999999845e-01
4.867102540942574706e+03 5.060000000000000053e-01
4.867130439761992420e+03 5.046666666666667078e-01
4.867158338581410135e+03 5.573333333333333472e-01
4.867186137405059526e+03 5.560000000000000497e-01
4.867214036224477240e+03 5.193333333333333135e-01
