4.096707606879910600e+03 0.000000000000000000e+00
4.096729706129048282e+03 0.000000000000000000e+00
4.096751805378185963e+03 0.000000000000000000e+00
4.096774004623925975e+03 0.000000000000000000e+00
4.096796103873063657e+03 0.000000000000000000e+00
4.096818203122201339e+03 0.000000000000000000e+00
4.096840302371339021e+03 0.000000000000000000e+00
4.096862401620476703e+03 0.000000000000000000e+00
4.096884500869614385e+03 0.000000000000000000e+00
4.096906600118752067e+03 0.000000000000000000e+00
4.096928699367889749e+03 0.000000000000000000e+00
4.096950798617027431e+03 0.000000000000000000e+00
4.096972897866165113e+03 0.000000000000000000e+00
4.096994997115302795e+03 0.000000000000000000e+00
4.097017096364440476e+03 0.000000000000000000e+00
4.097039195613577249e+03 0.000000000000000000e+00
4.097061294862714931e+03 0.000000000000000000e+00
4.097083394111853522e+03 0.000000000000000000e+00
4.097105493360991204e+03 0.000000000000000000e+00
4.097127592610128886e+03 0.000000000000000000e+00
4.097149691859266568e+03 0.000000000000000000e+00
4.097171791108404250e+03 0.000000000000000000e+00
4.097193890357541022e+03 0.000000000000000000e+00
4.097215989606678704e+03 0.000000000000000000e+00
4.097238088855816386e+03 0.000000000000000000e+00
4.097260088108351738e+03 0.000000000000000000e+00
4.097282187357489420e+03 0.000000000000000000e+00
4.097285887231780180e+03 6.700000000000000400e-01
4.097309786419761622e+03 6.199999999999999956e-01
4.097333685607742154e+03 8.249999999999999556e-01
4.097357584795723596e+03 6.600000000000000311e-01
4.097381483983705948e+03 5.799999999999999600e-01
4.097405383171687390e+03 5.000000000000000000e-01
4.097429282359668832e+03 4.600000000000000200e-01
4.097453181547650274e+03 4.949999999999999956e-01
4.097477080735631716e+03 4.249999999999999889e-01
4.097500979923612249e+03 4.450000000000000067e-01
4.097524879111594601e+03 2.149999999999999967e-01
4.097548778299576043e+03 3.150000000000000022e-01
4.097572677487557485e+03 3.499999999999999778e-01
4.097596576675538927e+03 6.149999999999999911e-01
4.097620475863520369e+03 5.300000000000000266e-01
4.097644375051500901e+03 5.000000000000000000e-01
4.097668274239483253e+03 5.600000000000000533e-01
4.097692173427464695e+03 5.550000000000000488e-01
4.097716072615446137e+03 4.550000000000000155e-01
4.097739971803427579e+03 6.350000000000000089e-01
4.097763770994806691e+03 4.000000000000000222e-01
4.097787670182788133e+03 4.949999999999999956e-01
4.097811569370769575e+03 4.550000000000000155e-01
4.097835468558750108e+03 5.000000000000000000e-01
4.097859367746732460e+03 5.350000000000000311e-01
4.097883266934713902e+03 5.899999999999999689e-01
4.097907066126093014e+03 4.799999999999999822e-01
4.097930965314074456e+03 5.649999999999999467e-01
4.097954864502055898e+03 5.450000000000000400e-01
4.097978763690037340e+03 5.749999999999999556e-01
4.098002662878018782e+03 5.699999999999999512e-01
4.098026462069397894e+03 7.500000000000000000e-01
4.098050361257379336e+03 6.250000000000000000e-01
4.098074260445359869e+03 5.250000000000000222e-01
4.098098159633342220e+03 9.449999999999999512e-01
4.098121958824720423e+03 8.399999999999999689e-01
4.098145858012702774e+03 9.250000000000000444e-01
4.098169757200684217e+03 9.799999999999999822e-01
4.098193656388665659e+03 8.249999999999999556e-01
4.098217455580044771e+03 9.250000000000000444e-01
4.098241354768026213e+03 1.139999999999999902e+00
4.098265253956007655e+03 9.100000000000000311e-01
4.098289053147386767e+03 9.499999999999999556e-01
4.098312952335368209e+03 8.100000000000000533e-01
4.098336751526747321e+03 6.600000000000000311e-01
4.098360650714727853e+03 5.799999999999999600e-01
4.098384549902709296e+03 5.999999999999999778e-01
4.098408349094088408e+03 6.049999999999999822e-01
4.098432248282069850e+03 3.250000000000000111e-01
4.098456047473448962e+03 5.749999999999999556e-01
4.098479946661430404e+03 6.049999999999999822e-01
4.098503845849411846e+03 6.199999999999999956e-01
4.098527645040790958e+03 4.749999999999999778e-01
4.098551544228772400e+03 5.000000000000000000e-01
4.098575343420151512e+03 3.800000000000000044e-01
4.098599242608132954e+03 5.150000000000000133e-01
4.098623041799512066e+03 2.500000000000000000e-01
4.098646940987493508e+03 3.099999999999999978e-01
4.098670740178872620e+03 3.800000000000000044e-01
4.098694639366854062e+03 4.949999999999999956e-01
4.098718438558233174e+03 3.300000000000000155e-01
4.098742337746214616e+03 5.300000000000000266e-01
4.098766136937593728e+03 6.199999999999999956e-01
4.098790036125575170e+03 5.350000000000000311e-01
4.098813835316954282e+03 6.700000000000000400e-01
4.098837634508333394e+03 7.149999999999999689e-01
4.098861533696313927e+03 6.199999999999999956e-01
4.098885332887693949e+03 5.450000000000000400e-01
4.098909232075674481e+03 7.099999999999999645e-01
4.098933031267053593e+03 4.799999999999999822e-01
4.098956830458432705e+03 4.949999999999999956e-01
4.098980729646414147e+03 4.849999999999999867e-01
4.099004528837793259e+03 4.299999999999999933e-01
4.099028328029172371e+03 3.750000000000000000e-01
4.099052227217153813e+03 1.900000000000000022e-01
4.099076026408532925e+03 3.200000000000000067e-01
4.099099825599912037e+03 2.849999999999999756e-01
4.099123724787893480e+03 1.000000000000000056e-01
4.099147523979272592e+03 2.149999999999999967e-01
4.099171323170651704e+03 2.650000000000000133e-01
4.099195122362030816e+03 4.400000000000000022e-01
4.099219021550012258e+03 5.500000000000000444e-01
4.099242820741390460e+03 4.249999999999999889e-01
4.099266619932769572e+03 6.300000000000000044e-01
4.099290419124149594e+03 7.650000000000000133e-01
4.099314318312130126e+03 8.800000000000000044e-01
4.099338117503509238e+03 9.499999999999999556e-01
4.099361916694889260e+03 7.449999999999999956e-01
4.099385715886268372e+03 1.014999999999999902e+00
4.099409515077647484e+03 9.399999999999999467e-01
4.099433314269025686e+03 1.014999999999999902e+00
4.099457213457008038e+03 1.014999999999999902e+00
4.099481012648386240e+03 1.024999999999999911e+00
4.099504811839765352e+03 8.649999999999999911e-01
4.099528611031144465e+03 5.699999999999999512e-01
4.099552410222523577e+03 4.600000000000000200e-01
4.099576209413902689e+03 6.049999999999999822e-01
4.099600008605281801e+03 5.999999999999999778e-01
4.099623807796660003e+03 4.000000000000000222e-01
4.099647606988039115e+03 5.400000000000000355e-01
4.099671406179418227e+03 5.300000000000000266e-01
4.099695205370797339e+03 7.550000000000000044e-01
4.099719004562176451e+03 6.600000000000000311e-01
4.099742803753555563e+03 4.400000000000000022e-01
4.099766602944933766e+03 5.400000000000000355e-01
4.099790402136313787e+03 4.849999999999999867e-01
4.099814201327692899e+03 6.999999999999999556e-01
4.099838000519072011e+03 7.800000000000000266e-01
4.099861799710451123e+03 6.850000000000000533e-01
4.099885598901830235e+03 4.899999999999999911e-01
4.099909398093208438e+03 6.949999999999999512e-01
4.099933197284587550e+03 6.500000000000000222e-01
4.099956996475966662e+03 6.250000000000000000e-01
4.099980795667345774e+03 5.400000000000000355e-01
4.100004594858724886e+03 3.800000000000000044e-01
4.100028394050103998e+03 2.650000000000000133e-01
4.100052193241482200e+03 3.449999999999999734e-01
4.100075992432861312e+03 5.749999999999999556e-01
4.100099791624240424e+03 3.599999999999999867e-01
4.100123490819018116e+03 3.499999999999999778e-01
4.100147290010396318e+03 4.650000000000000244e-01
4.100171089201775430e+03 2.999999999999999889e-01
4.100194888393154542e+03 5.200000000000000178e-01
4.100218687584533654e+03 1.799999999999999933e-01
4.100242386779309527e+03 4.099999999999999756e-01
4.100266185970688639e+03 3.549999999999999822e-01
4.100289985162067751e+03 4.949999999999999956e-01
4.100313784353447772e+03 3.099999999999999978e-01
4.100337583544826884e+03 4.799999999999999822e-01
4.100361282739602757e+03 5.100000000000000089e-01
4.100385081930981869e+03 5.350000000000000311e-01
4.100408881122360981e+03 7.149999999999999689e-01
4.100432680313740093e+03 4.849999999999999867e-01
4.100456379508515965e+03 5.600000000000000533e-01
4.100480178699895077e+03 4.600000000000000200e-01
4.100503977891275099e+03 4.349999999999999978e-01
4.100527677086050971e+03 4.249999999999999889e-01
4.100551476277430083e+03 4.799999999999999822e-01
4.100575275468809195e+03 5.000000000000000000e-01
4.100598974663585977e+03 5.450000000000000400e-01
4.100622773854964180e+03 6.500000000000000222e-01
4.100646573046343292e+03 6.750000000000000444e-01
4.100670272241120983e+03 8.699999999999999956e-01
4.100694071432500095e+03 9.150000000000000355e-01
4.100717770627275968e+03 1.129999999999999893e+00
4.100741569818655080e+03 1.485000000000000098e+00
4.100765269013430952e+03 1.554999999999999938e+00
4.100789068204810064e+03 1.629999999999999893e+00
4.100812867396190086e+03 1.794999999999999929e+00
4.100836566590966868e+03 1.915000000000000036e+00
4.100860365782345070e+03 2.165000000000000036e+00
4.100884064977121852e+03 1.975000000000000089e+00
4.100907864168500964e+03 1.560000000000000053e+00
4.100931563363277746e+03 1.395000000000000018e+00
4.100955362554656858e+03 9.100000000000000311e-01
4.100979061749433640e+03 6.800000000000000488e-01
4.101002860940811843e+03 4.099999999999999756e-01
4.101026560135588625e+03 6.550000000000000266e-01
4.101050259330365407e+03 5.050000000000000044e-01
4.101074058521744519e+03 3.900000000000000133e-01
4.101097757716521301e+03 4.600000000000000200e-01
4.101121556907900413e+03 5.400000000000000355e-01
4.101145256102676285e+03 4.749999999999999778e-01
4.101169055294055397e+03 3.099999999999999978e-01
4.101192754488832179e+03 3.750000000000000000e-01
4.101216453683608961e+03 6.949999999999999512e-01
4.101240252874988073e+03 7.750000000000000222e-01
4.101263952069763945e+03 7.349999999999999867e-01
4.101287651264541637e+03 9.799999999999999822e-01
4.101311450455920749e+03 1.155000000000000027e+00
4.101335149650696621e+03 1.425000000000000044e+00
4.101358848845473403e+03 1.445000000000000062e+00
4.101382648036851606e+03 1.074999999999999956e+00
4.101406347231629297e+03 1.165000000000000036e+00
4.101430046426405170e+03 9.300000000000000488e-01
4.101453745621181952e+03 8.000000000000000444e-01
4.101477544812561064e+03 5.799999999999999600e-01
4.101501244007337846e+03 4.650000000000000244e-01
4.101524943202114628e+03 4.099999999999999756e-01
4.101548642396890500e+03 4.099999999999999756e-01
4.101572441588269612e+03 4.050000000000000266e-01
4.101596140783046394e+03 1.749999999999999889e-01
4.101619839977823176e+03 3.950000000000000178e-01
4.101643539172599958e+03 2.049999999999999878e-01
4.101667238367375830e+03 2.600000000000000089e-01
4.101691037558754942e+03 1.000000000000000056e-01
4.101714736753531724e+03 1.650000000000000078e-01
4.101738435948308506e+03 5.000000000000000000e-01
4.101762135143084379e+03 2.550000000000000044e-01
4.101785834337862070e+03 4.249999999999999889e-01
4.101809533532637943e+03 3.699999999999999956e-01
4.101833232727414725e+03 4.050000000000000266e-01
4.101856931922190597e+03 4.600000000000000200e-01
4.101880631116968289e+03 5.250000000000000222e-01
4.101904430308347401e+03 5.250000000000000222e-01
4.101928129503123273e+03 5.749999999999999556e-01
4.101951828697900055e+03 6.800000000000000488e-01
4.101975527892676837e+03 3.950000000000000178e-01
4.101999227087453619e+03 5.699999999999999512e-01
4.102022926282229491e+03 5.150000000000000133e-01
4.102046625477007183e+03 4.749999999999999778e-01
4.102070324671783055e+03 7.099999999999999645e-01
4.102094023866559837e+03 6.750000000000000444e-01
4.102117723061335710e+03 6.199999999999999956e-01
4.102141422256113401e+03 7.550000000000000044e-01
4.102165121450889274e+03 7.650000000000000133e-01
4.102188720649063725e+03 7.449999999999999956e-01
4.102212419843840507e+03 7.500000000000000000e-01
4.102236119038616380e+03 8.800000000000000044e-01
4.102259818233393162e+03 8.000000000000000444e-01
4.102283517428169944e+03 6.500000000000000222e-01
4.102307216622946726e+03 6.650000000000000355e-01
4.102330915817722598e+03 5.150000000000000133e-01
4.102354615012500290e+03 6.600000000000000311e-01
4.102378314207276162e+03 5.300000000000000266e-01
4.102401913405450614e+03 6.300000000000000044e-01
4.102425612600227396e+03 5.649999999999999467e-01
4.102449311795004178e+03 5.600000000000000533e-01
4.102473010989780050e+03 2.899999999999999800e-01
4.102496710184557742e+03 3.750000000000000000e-01
4.102520409379333614e+03 3.400000000000000244e-01
4.102544008577507157e+03 3.699999999999999956e-01
4.102567707772284848e+03 3.800000000000000044e-01
4.102591406967060720e+03 4.050000000000000266e-01
4.102615106161837502e+03 2.750000000000000222e-01
4.102638705360011954e+03 3.150000000000000022e-01
4.102662404554787827e+03 3.800000000000000044e-01
4.102686103749564609e+03 3.300000000000000155e-01
4.102709702947739061e+03 3.499999999999999778e-01
4.102733402142515843e+03 2.349999999999999867e-01
4.102757101337291715e+03 3.900000000000000133e-01
4.102780800532069406e+03 5.250000000000000222e-01
4.102804399730242949e+03 5.100000000000000089e-01
4.102828098925018821e+03 6.300000000000000044e-01
4.102851798119796513e+03 6.600000000000000311e-01
4.102875397317970055e+03 6.999999999999999556e-01
4.102899096512746837e+03 6.650000000000000355e-01
4.102922695710921289e+03 8.100000000000000533e-01
4.102946394905697161e+03 7.850000000000000311e-01
4.102970094100474853e+03 5.250000000000000222e-01
4.102993693298648395e+03 6.400000000000000133e-01
4.103017392493424268e+03 7.149999999999999689e-01
4.103040991691598720e+03 3.750000000000000000e-01
4.103064690886375502e+03 2.650000000000000133e-01
4.103088290084549953e+03 4.849999999999999867e-01
4.103111989279325826e+03 3.099999999999999978e-01
4.103135588477501187e+03 1.799999999999999933e-01
4.103159287672277060e+03 3.400000000000000244e-01
4.103182886870450602e+03 4.600000000000000200e-01
4.103206586065228294e+03 5.050000000000000044e-01
4.103230185263401836e+03 4.550000000000000155e-01
4.103253884458178618e+03 3.599999999999999867e-01
4.103277483656353070e+03 5.100000000000000089e-01
4.103301182851128942e+03 2.000000000000000111e-01
4.103324782049303394e+03 7.349999999999999867e-01
4.103348481244080176e+03 6.400000000000000133e-01
4.103372080442254628e+03 3.499999999999999778e-01
4.103395679640428170e+03 6.099999999999999867e-01
4.103419378835204952e+03 4.000000000000000222e-01
4.103442978033379404e+03 4.299999999999999933e-01
4.103466677228155277e+03 4.050000000000000266e-01
4.103490276426329729e+03 4.450000000000000067e-01
4.103513875624504180e+03 4.600000000000000200e-01
4.103537574819280962e+03 2.700000000000000178e-01
4.103561174017454505e+03 3.699999999999999956e-01
4.103584773215628957e+03 4.149999999999999800e-01
4.103608472410405739e+03 4.149999999999999800e-01
4.103632071608579281e+03 5.400000000000000355e-01
4.103655670806753733e+03 4.500000000000000111e-01
4.103679270004927275e+03 5.000000000000000000e-01
4.103702969199704967e+03 5.200000000000000178e-01
4.103726568397878509e+03 4.600000000000000200e-01
4.103750167596052961e+03 6.700000000000000400e-01
4.103773766794226503e+03 5.400000000000000355e-01
4.103797465989004195e+03 6.049999999999999822e-01
4.103821065187177737e+03 5.350000000000000311e-01
4.103844664385352189e+03 6.099999999999999867e-01
4.103868263583525732e+03 7.449999999999999956e-01
4.103891862781701093e+03 6.350000000000000089e-01
4.103915561976476965e+03 5.749999999999999556e-01
4.103939161174650508e+03 5.749999999999999556e-01
4.103962760372824960e+03 6.500000000000000222e-01
4.103986359570999412e+03 6.450000000000000178e-01
4.104009958769173863e+03 6.300000000000000044e-01
4.104033557967347406e+03 9.100000000000000311e-01
4.104057157165521858e+03 6.650000000000000355e-01
4.104080756363695400e+03 6.300000000000000044e-01
4.104104455558473092e+03 6.400000000000000133e-01
4.104128054756646634e+03 5.550000000000000488e-01
4.104151653954821086e+03 5.200000000000000178e-01
4.104175253152994628e+03 6.400000000000000133e-01
4.104198852351169080e+03 4.299999999999999933e-01
4.104222451549343532e+03 4.400000000000000022e-01
4.104246050747517984e+03 5.350000000000000311e-01
4.104269649945691526e+03 6.049999999999999822e-01
4.104293249143865978e+03 3.699999999999999956e-01
4.104316848342039521e+03 5.250000000000000222e-01
4.104340447540213972e+03 4.600000000000000200e-01
4.104364046738388424e+03 2.399999999999999911e-01
4.104387645936562876e+03 4.099999999999999756e-01
4.104411245134736419e+03 2.300000000000000100e-01
4.104434844332910870e+03 1.650000000000000078e-01
4.104458343534482992e+03 7.499999999999999722e-02
4.104481942732656535e+03 1.300000000000000044e-01
4.104505541930830987e+03 2.250000000000000056e-01
4.104529141129004529e+03 2.049999999999999878e-01
4.104552740327178981e+03 1.600000000000000033e-01
4.104576339525353433e+03 2.200000000000000011e-01
4.104599938723527885e+03 3.699999999999999956e-01
4.104623537921701427e+03 2.550000000000000044e-01
4.104647137119875879e+03 4.450000000000000067e-01
4.104670636321448001e+03 5.050000000000000044e-01
4.104694235519621543e+03 6.700000000000000400e-01
4.104717834717795995e+03 5.500000000000000444e-01
4.104741433915969537e+03 5.000000000000000000e-01
4.104765033114144899e+03 4.650000000000000244e-01
4.104788532315715202e+03 7.399999999999999911e-01
4.104812131513890563e+03 6.450000000000000178e-01
4.104835730712064105e+03 5.699999999999999512e-01
4.104859329910238557e+03 6.949999999999999512e-01
4.104882829111810679e+03 7.099999999999999645e-01
4.104906428309984221e+03 8.299999999999999600e-01
4.104930027508158673e+03 6.650000000000000355e-01
4.104953526709729886e+03 6.600000000000000311e-01
4.104977125907904338e+03 7.800000000000000266e-01
4.105000725106077880e+03 9.200000000000000400e-01
4.105024224307650002e+03 8.549999999999999822e-01
4.105047823505824454e+03 8.750000000000000000e-01
4.105071422703997996e+03 7.449999999999999956e-01
4.105094921905570118e+03 7.149999999999999689e-01
4.105118521103743660e+03 5.300000000000000266e-01
4.105142120301919022e+03 5.100000000000000089e-01
4.105165619503490234e+03 4.600000000000000200e-01
4.105189218701664686e+03 5.849999999999999645e-01
4.105212717903235898e+03 4.899999999999999911e-01
4.105236317101410350e+03 4.849999999999999867e-01
4.105259916299584802e+03 3.300000000000000155e-01
4.105283415501156924e+03 3.649999999999999911e-01
4.105307014699330466e+03 5.150000000000000133e-01
4.105330513900902588e+03 7.199999999999999734e-01
4.105354113099076130e+03 6.999999999999999556e-01
4.105377612300648252e+03 8.249999999999999556e-01
4.105401211498822704e+03 6.600000000000000311e-01
4.105424710700393916e+03 5.949999999999999734e-01
4.105448309898568368e+03 6.850000000000000533e-01
4.105471809100140490e+03 7.149999999999999689e-01
4.105495408298314032e+03 5.350000000000000311e-01
4.105518907499885245e+03 6.099999999999999867e-01
4.105542506698059697e+03 7.049999999999999600e-01
4.105566005899630909e+03 5.450000000000000400e-01
4.105589505101203031e+03 5.450000000000000400e-01
4.105613104299376573e+03 5.550000000000000488e-01
4.105636603500948695e+03 5.749999999999999556e-01
4.105660202699123147e+03 5.200000000000000178e-01
4.105683701900694359e+03 5.550000000000000488e-01
4.105707201102266481e+03 4.199999999999999845e-01
4.105730800300440933e+03 5.949999999999999734e-01
4.105754299502012145e+03 6.650000000000000355e-01
4.105777798703584267e+03 7.700000000000000178e-01
4.105801397901758719e+03 7.600000000000000089e-01
4.105824897103329931e+03 5.799999999999999600e-01
4.105848396304902053e+03 5.649999999999999467e-01
4.105871895506474175e+03 6.350000000000000089e-01
4.105895494704647717e+03 3.850000000000000089e-01
4.105918993906219839e+03 5.849999999999999645e-01
4.105942493107791051e+03 4.699999999999999734e-01
4.105966092305965503e+03 4.400000000000000022e-01
4.105989591507536716e+03 5.450000000000000400e-01
4.106013090709108837e+03 7.600000000000000089e-01
4.106036589910680959e+03 8.399999999999999689e-01
4.106060089112252172e+03 6.049999999999999822e-01
4.106083688310426624e+03 5.150000000000000133e-01
4.106107187511998745e+03 6.049999999999999822e-01
4.106130686713569958e+03 6.999999999999999556e-01
4.106154185915142079e+03 7.299999999999999822e-01
4.106177685116713292e+03 6.500000000000000222e-01
4.106201184318284504e+03 6.850000000000000533e-01
4.106224683519856626e+03 5.699999999999999512e-01
4.106248282718031078e+03 6.049999999999999822e-01
4.106271781919602290e+03 6.199999999999999956e-01
4.106295281121174412e+03 8.399999999999999689e-01
4.106318780322746534e+03 4.650000000000000244e-01
4.106342279524317746e+03 7.049999999999999600e-01
4.106365778725888958e+03 6.400000000000000133e-01
4.106389277927461080e+03 5.300000000000000266e-01
4.106412777129033202e+03 5.050000000000000044e-01
4.106436276330605324e+03 7.199999999999999734e-01
4.106459775532176536e+03 6.800000000000000488e-01
4.106483274733747749e+03 4.450000000000000067e-01
4.106506773935319870e+03 7.049999999999999600e-01
4.106530273136891992e+03 4.849999999999999867e-01
4.106553772338463205e+03 4.500000000000000111e-01
4.106577271540035326e+03 6.400000000000000133e-01
4.106600770741607448e+03 3.750000000000000000e-01
4.106624269943178660e+03 4.749999999999999778e-01
4.106647769144749873e+03 2.999999999999999889e-01
4.106671268346321995e+03 4.349999999999999978e-01
