4.335289600621106729e+03 9.531615925058547489e-01
4.335314199785305391e+03 8.220140515222482680e-01
4.335338898946106383e+03 8.735362997658079331e-01
4.335363498110304135e+03 7.564402810304449165e-01
4.335388197271105128e+03 7.939110070257611174e-01
4.335412796435303790e+03 8.149882903981264803e-01
4.335437495596104782e+03 8.711943793911006706e-01
4.335462094760303444e+03 8.782201405152224583e-01
4.335486793921104436e+03 7.119437939110070390e-01
4.335511393085302188e+03 6.955503512880562011e-01
4.335536092246103181e+03 7.634660421545667042e-01
4.335560691410302752e+03 7.377049180327869271e-01
4.335585390571102835e+03 8.266978922716627931e-01
4.335609989735301497e+03 8.407494145199063684e-01
4.335634588899499249e+03 8.196721311475410054e-01
4.335659288060300241e+03 7.306791569086651394e-01
4.335683887224499813e+03 7.658079625292739667e-01
4.335708586385300805e+03 7.611241217798594416e-01
4.335733185549498558e+03 6.861826697892271509e-01
4.335757784713697220e+03 6.604215456674472629e-01
4.335782483874498212e+03 7.611241217798594416e-01
4.335807083038696874e+03 8.548009367681498327e-01
4.335831682202895536e+03 8.126463700234192178e-01
4.335856381363695618e+03 8.992974238875878212e-01
4.335880980527894280e+03 9.812646370023418996e-01
4.335905579692092942e+03 9.156908665105386591e-01
4.335930178856291604e+03 9.578454332552692740e-01
4.335954878017092597e+03 9.531615925058547489e-01
4.335979477181290349e+03 9.789227166276346370e-01
4.336004076345489921e+03 9.765807962529273745e-01
4.336028675509687673e+03 9.906323185011709498e-01
4.336053374670488665e+03 9.133489461358313966e-01
4.336077973834687327e+03 9.039812646370023463e-01
4.336102572998885080e+03 9.437939110070258097e-01
4.336127172163084651e+03 9.156908665105386591e-01
4.336151771327282404e+03 8.548009367681498327e-01
4.336176470488083396e+03 7.939110070257611174e-01
4.336201069652282058e+03 8.946135831381732961e-01
4.336225668816480720e+03 8.899297423887587710e-01
4.336250267980679382e+03 7.494145199063232399e-01
4.336274867144877135e+03 7.236533957845433518e-01
4.336299466309076706e+03 7.306791569086651394e-01
4.336324065473274459e+03 5.386416861826698321e-01
4.336348764634075451e+03 4.566744730679156983e-01
4.336373363798274113e+03 4.660421545667447485e-01
4.336397962962471865e+03 5.761124121779859220e-01
4.336422562126671437e+03 5.971896955503512849e-01
4.336447161290869190e+03 5.737704918032786594e-01
4.336471760455067852e+03 5.807962529274004471e-01
4.336496359619266514e+03 6.978922716627634637e-01
4.336520958783465176e+03 6.651053864168617880e-01
4.336545557947662928e+03 7.564402810304449165e-01
4.336570157111862500e+03 7.400468384074941897e-01
4.336594756276060252e+03 8.758782201405151957e-01
4.336619355440258914e+03 7.377049180327869271e-01
4.336643954604456667e+03 7.283372365339578769e-01
4.336668553768656238e+03 6.978922716627634637e-01
4.336693152932853991e+03 6.978922716627634637e-01
4.336717752097052653e+03 5.362997658079625696e-01
4.336742251264648985e+03 5.058548009367681564e-01
4.336766850428847647e+03 4.847775175644027934e-01
4.336791449593045400e+03 2.880562060889929610e-01
4.336816048757244971e+03 3.091334894613583240e-01
4.336840647921442724e+03 2.459016393442622905e-01
4.336865247085641386e+03 3.021077283372365363e-01
4.336889846249839138e+03 3.419203747072599442e-01
4.336914345417435470e+03 3.419203747072599442e-01
4.336938944581634132e+03 3.442622950819672067e-01
4.336963543745832794e+03 5.011709601873536313e-01
4.336988142910031456e+03 5.409836065573770947e-01
4.337012742074229209e+03 6.323185011709602232e-01
4.337037241241826450e+03 6.510538641686182126e-01
4.337061840406024203e+03 6.533957845433254752e-01
4.337086439570222865e+03 6.065573770491803351e-01
4.337111038734421527e+03 5.714285714285713969e-01
4.337135537902016949e+03 4.660421545667447485e-01
4.337160137066215611e+03 4.402810304449648604e-01
4.337184736230414273e+03 4.637002341920374859e-01
4.337209335394612935e+03 5.269320843091335194e-01
4.337233834562208358e+03 4.988290398126463687e-01
4.337258433726407929e+03 4.332552693208430727e-01
4.337283032890605682e+03 4.285714285714285476e-01
4.337307532058202014e+03 4.004683840749414525e-01
4.337332131222400676e+03 4.332552693208430727e-01
4.337356730386598429e+03 5.597189695550350841e-01
4.337381229554195670e+03 4.543325526932084357e-01
4.337405828718393423e+03 4.121779859484777653e-01
4.337430327885988845e+03 4.098360655737705027e-01
4.337454927050188417e+03 3.419203747072599442e-01
4.337479526214386169e+03 4.777517564402810057e-01
4.337504025381982501e+03 3.231850117096018993e-01
4.337528624546181163e+03 4.847775175644027934e-01
4.337553123713776586e+03 5.854800936768149722e-01
4.337577722877976157e+03 4.800936768149882683e-01
4.337602222045571580e+03 5.526932084309132964e-01
4.337626821209769332e+03 4.145199063231850278e-01
4.337651320377366574e+03 4.309133489461358102e-01
4.337675919541564326e+03 5.526932084309132964e-01
4.337700418709160658e+03 4.590163934426229608e-01
4.337725017873359320e+03 4.168618266978922904e-01
4.337749517040955652e+03 3.887587822014051397e-01
4.337774116205153405e+03 4.379391100702575979e-01
4.337798615372749737e+03 4.262295081967212851e-01
4.337823114540346069e+03 4.824355971896955309e-01
4.337847713704543821e+03 4.355971896955503353e-01
4.337872212872141063e+03 4.168618266978922904e-01
4.337896812036338815e+03 4.355971896955503353e-01
4.337921311203934238e+03 3.911007025761124023e-01
4.337945810371530570e+03 4.566744730679156983e-01
4.337970409535729232e+03 4.519906323185011732e-01
4.337994908703325564e+03 6.276346604215456981e-01
4.338019407870920986e+03 4.332552693208430727e-01
4.338044007035120558e+03 5.245901639344262568e-01
4.338068506202715980e+03 5.339578454332553070e-01
4.338093005370312312e+03 4.309133489461358102e-01
4.338117604534510974e+03 5.175644028103044691e-01
4.338142103702106397e+03 5.409836065573770947e-01
4.338166602869702729e+03 5.339578454332553070e-01
4.338191102037298151e+03 5.737704918032786594e-01
4.338215701201497723e+03 6.088992974238875977e-01
4.338240200369093145e+03 6.276346604215456981e-01
4.338264699536689477e+03 5.222482435597189943e-01
4.338289198704284900e+03 5.690866510538641343e-01
4.338313697871881232e+03 5.948477751756440224e-01
4.338338297036079894e+03 5.573770491803278215e-01
4.338362796203676226e+03 5.456674473067916198e-01
4.338387295371271648e+03 4.894613583138173185e-01
4.338411794538868890e+03 5.081967213114754189e-01
4.338436293706464312e+03 4.824355971896955309e-01
4.338460792874060644e+03 3.840749414519906146e-01
4.338485392038258396e+03 5.316159250585480445e-01
4.338509891205854728e+03 5.245901639344262568e-01
4.338534390373451060e+03 5.737704918032786594e-01
4.338558889541046483e+03 3.676814988290398323e-01
4.338583388708642815e+03 5.409836065573770947e-01
4.338607887876238237e+03 4.590163934426229608e-01
4.338632387043835479e+03 4.730679156908665361e-01
4.338656886211430901e+03 3.934426229508196649e-01
4.338681385379027233e+03 2.224824355971896928e-01
4.338705884546622656e+03 2.388758782201405029e-01
4.338730383714218988e+03 1.709601873536299721e-01
4.338754882881815320e+03 1.967213114754098324e-01
4.338779382049411652e+03 2.107728337236534077e-01
4.338803881217007984e+03 2.177985948477751676e-01
4.338828380384603406e+03 3.348946135831381565e-01
4.338852879552199738e+03 4.637002341920374859e-01
4.338877378719795161e+03 4.964871194379391062e-01
4.338901877887392402e+03 4.168618266978922904e-01
4.338926377054987825e+03 3.747072599531616199e-01
4.338950876222584156e+03 3.021077283372365363e-01
4.338975375390179579e+03 2.599531615925058659e-01
4.338999774561173581e+03 2.903981264637002235e-01
4.339024273728769003e+03 2.880562060889929610e-01
4.339048772896365335e+03 3.559718969555035195e-01
4.339073272063960758e+03 3.044496487119437989e-01
4.339097771231557999e+03 4.238875878220140780e-01
4.339122270399153422e+03 3.840749414519906146e-01
4.339146769566749754e+03 4.262295081967212851e-01
4.339171168737743756e+03 4.660421545667447485e-01
4.339195667905339178e+03 4.847775175644027934e-01
4.339220167072935510e+03 4.918032786885245811e-01
4.339244666240530933e+03 4.847775175644027934e-01
4.339269065411524934e+03 4.988290398126463687e-01
4.339293564579120357e+03 5.831381733021077096e-01
4.339318063746717598e+03 5.199063231850117317e-01
4.339342562914313021e+03 5.597189695550350841e-01
4.339366962085307023e+03 5.995316159250585475e-01
4.339391461252903355e+03 6.580796252927400003e-01
4.339415960420498777e+03 6.533957845433254752e-01
4.339440359591492779e+03 7.142857142857143016e-01
4.339464858759088202e+03 6.651053864168617880e-01
4.339489357926684534e+03 8.360655737704918433e-01
4.339513757097678536e+03 8.290398126463700557e-01
4.339538256265273958e+03 7.845433255269320671e-01
4.339562755432870290e+03 7.822014051522248046e-01
4.339587154603863382e+03 7.775175644028102795e-01
4.339611653771459714e+03 6.651053864168617880e-01
4.339636052942453716e+03 7.681498829039812293e-01
4.339660552110049139e+03 7.400468384074941897e-01
4.339685051277646380e+03 8.407494145199063684e-01
4.339709450448639473e+03 8.665105386416861455e-01
4.339733949616235805e+03 9.695550351288055868e-01
4.339758348787229806e+03 9.461358313817330723e-01
4.339782847954825229e+03 9.976580796252927374e-01
4.339807247125819231e+03 8.032786885245901676e-01
4.339831746293414653e+03 6.580796252927400003e-01
4.339856145464408655e+03 6.908665105386416760e-01
4.339880644632004987e+03 6.768149882903981007e-01
4.339905043802998080e+03 6.861826697892271509e-01
4.339929542970594412e+03 5.878220140515222347e-01
4.339953942141588414e+03 6.768149882903981007e-01
4.339978441309183836e+03 7.119437939110070390e-01
4.340002840480177838e+03 5.737704918032786594e-01
4.340027239651171840e+03 5.667447306791568717e-01
4.340051738818767262e+03 5.597189695550350841e-01
4.340076137989761264e+03 5.128805620608899440e-01
4.340100637157356687e+03 5.550351288056205590e-01
4.340125036328350689e+03 4.426229508196721230e-01
4.340149435499343781e+03 2.529274004683840782e-01
4.340173934666940113e+03 3.419203747072599442e-01
4.340198333837933205e+03 2.295081967213114804e-01
4.340222733008927207e+03 2.177985948477751676e-01
4.340247232176523539e+03 1.756440281030444972e-01
4.340271631347516632e+03 1.077283372365339525e-01
4.340296030518510634e+03 1.779859484777517598e-01
4.340320529686106056e+03 1.288056206088993016e-01
4.340344928857100058e+03 1.569086651053864245e-01
4.340369328028094060e+03 3.348946135831381565e-01
4.340393727199088062e+03 3.185011709601873742e-01
4.340418226366683484e+03 3.559718969555035195e-01
4.340442625537677486e+03 4.332552693208430727e-01
4.340467024708671488e+03 4.988290398126463687e-01
4.340491423879664580e+03 5.573770491803278215e-01
4.340515823050657673e+03 4.473067915690866481e-01
4.340540322218254914e+03 5.035128805620608938e-01
4.340564721389248007e+03 5.105386416861826815e-01
4.340589120560241099e+03 4.871194379391100560e-01
4.340613519731235101e+03 4.683840749414520110e-01
4.340637918902228193e+03 4.941451990632318436e-01
4.340662318073222195e+03 5.690866510538641343e-01
4.340686717244216197e+03 5.199063231850117317e-01
4.340711216411811620e+03 5.480093676814988823e-01
4.340735615582805622e+03 6.276346604215456981e-01
4.340760014753799624e+03 6.088992974238875977e-01
4.340784413924792716e+03 5.292740046838407819e-01
4.340808813095785808e+03 5.175644028103044691e-01
4.340833212266779810e+03 6.042154566744730726e-01
4.340857611437773812e+03 4.918032786885245811e-01
4.340882010608767814e+03 5.245901639344262568e-01
4.340906409779760907e+03 5.995316159250585475e-01
4.340930808950754908e+03 5.644028103044496092e-01
4.340955208121748001e+03 5.784543325526931845e-01
4.340979607292742003e+03 5.807962529274004471e-01
4.341004006463735095e+03 5.901639344262294973e-01
4.341028405634729097e+03 5.854800936768149722e-01
4.341052804805723099e+03 6.370023419203747483e-01
4.341077203976716191e+03 6.065573770491803351e-01
4.341101603147709284e+03 5.667447306791568717e-01
4.341126002318703286e+03 5.714285714285713969e-01
4.341150301493094958e+03 5.901639344262294973e-01
4.341174700664088959e+03 5.409836065573770947e-01
4.341199099835082052e+03 5.761124121779859220e-01
4.341223499006075144e+03 5.667447306791568717e-01
4.341247898177069146e+03 5.737704918032786594e-01
4.341272297348063148e+03 6.416861826697892734e-01
4.341296696519056241e+03 5.854800936768149722e-01
4.341320995693447003e+03 4.402810304449648604e-01
4.341345394864441005e+03 4.519906323185011732e-01
4.341369794035435007e+03 4.262295081967212851e-01
4.341394193206428099e+03 3.091334894613583240e-01
4.341418592377422101e+03 4.004683840749414525e-01
4.341442891551812863e+03 4.800936768149882683e-01
4.341467290722806865e+03 5.011709601873536313e-01
4.341491689893800867e+03 6.206088992974239105e-01
4.341516089064793960e+03 5.480093676814988823e-01
4.341540388239184722e+03 5.854800936768149722e-01
4.341564787410178724e+03 6.674473067915690505e-01
4.341589186581172726e+03 5.316159250585480445e-01
4.341613485755564398e+03 5.316159250585480445e-01
4.341637884926556580e+03 5.690866510538641343e-01
4.341662284097550582e+03 6.065573770491803351e-01
4.341686583271942254e+03 6.978922716627634637e-01
4.341710982442936256e+03 6.721311475409835756e-01
4.341735381613930258e+03 5.878220140515222347e-01
4.341759680788321020e+03 5.316159250585480445e-01
4.341784079959314113e+03 5.831381733021077096e-01
4.341808479130308115e+03 4.988290398126463687e-01
4.341832778304698877e+03 5.597189695550350841e-01
4.341857177475692879e+03 5.152224824355972066e-01
4.341881476650084551e+03 6.252927400468384356e-01
4.341905875821076734e+03 5.316159250585480445e-01
4.341930174995468406e+03 5.854800936768149722e-01
4.341954574166462407e+03 6.487119437939110611e-01
4.341978873340853170e+03 6.557377049180327377e-01
4.342003272511847172e+03 6.697892271662763131e-01
4.342027571686238844e+03 6.791569086651053633e-01
4.342051970857232845e+03 5.058548009367681564e-01
4.342076270031622698e+03 5.480093676814988823e-01
4.342100669202616700e+03 5.316159250585480445e-01
4.342124968377007463e+03 5.339578454332553070e-01
4.342149367548001464e+03 5.901639344262294973e-01
4.342173666722393136e+03 5.480093676814988823e-01
4.342198065893387138e+03 5.456674473067916198e-01
4.342222365067777901e+03 5.644028103044496092e-01
4.342246664242169572e+03 5.854800936768149722e-01
4.342271063413161755e+03 4.894613583138173185e-01
4.342295362587553427e+03 4.637002341920374859e-01
4.342319661761944189e+03 4.918032786885245811e-01
4.342344060932938191e+03 5.035128805620608938e-01
4.342368360107329863e+03 4.402810304449648604e-01
4.342392759278323865e+03 5.245901639344262568e-01
4.342417058452714627e+03 6.206088992974239105e-01
4.342441357627106299e+03 6.206088992974239105e-01
4.342465656801496152e+03 6.510538641686182126e-01
4.342490055972490154e+03 6.042154566744730726e-01
4.342514355146881826e+03 6.580796252927400003e-01
4.342538654321272588e+03 6.885245901639344135e-01
4.342562953495664260e+03 7.330210772833724020e-01
4.342587352666657353e+03 5.456674473067916198e-01
4.342611651841049024e+03 7.119437939110070390e-01
4.342635951015439787e+03 6.838407494145198884e-01
4.342660250189831459e+03 6.112412177985948603e-01
4.342684649360824551e+03 5.901639344262294973e-01
4.342708948535215313e+03 6.229508196721311730e-01
4.342733247709606985e+03 6.346604215456674858e-01
4.342757546883997747e+03 5.925058548009367598e-01
4.342781846058389419e+03 5.597189695550350841e-01
4.342806145232780182e+03 5.807962529274004471e-01
4.342830544403774184e+03 5.175644028103044691e-01
4.342854843578165855e+03 5.503512880562060339e-01
4.342879142752556618e+03 5.807962529274004471e-01
4.342903441926948290e+03 5.737704918032786594e-01
4.342927741101339052e+03 5.386416861826698321e-01
4.342952040275730724e+03 4.800936768149882683e-01
4.342976339450121486e+03 5.784543325526931845e-01
4.343000638624513158e+03 5.128805620608899440e-01
4.343024937798903920e+03 6.323185011709602232e-01
4.343049236973295592e+03 4.402810304449648604e-01
4.343073536147686355e+03 6.018735362997658100e-01
4.343097835322077117e+03 6.135831381733021228e-01
4.343122134496467879e+03 6.721311475409835756e-01
4.343146433670859551e+03 6.323185011709602232e-01
4.343170732845250313e+03 6.135831381733021228e-01
4.343195032019641985e+03 5.550351288056205590e-01
4.343219331194032748e+03 5.878220140515222347e-01
4.343243630368424419e+03 5.948477751756440224e-01
4.343267929542815182e+03 5.690866510538641343e-01
4.343292228717206854e+03 5.995316159250585475e-01
4.343316527891597616e+03 6.838407494145198884e-01
4.343340827065989288e+03 5.971896955503512849e-01
4.343365126240380050e+03 5.784543325526931845e-01
4.343389325418169392e+03 5.925058548009367598e-01
4.343413624592560154e+03 6.182669789227166479e-01
4.343437923766951826e+03 6.206088992974239105e-01
4.343462222941342588e+03 6.252927400468384356e-01
4.343486522115734260e+03 5.925058548009367598e-01
4.343510821290125023e+03 6.932084309133489386e-01
4.343535020467913455e+03 6.135831381733021228e-01
4.343559319642305127e+03 5.433255269320843572e-01
4.343583618816695889e+03 5.925058548009367598e-01
4.343607917991087561e+03 5.878220140515222347e-01
4.343632117168875993e+03 5.152224824355972066e-01
4.343656416343267665e+03 4.449648711943793855e-01
4.343680715517658427e+03 4.098360655737705027e-01
4.343705014692050099e+03 3.278688524590163689e-01
4.343729213869838532e+03 3.325526932084308940e-01
4.343753513044229294e+03 3.208430913348946367e-01
4.343777812218620966e+03 3.653395784543325697e-01
4.343802011396409398e+03 3.512880562060889944e-01
4.343826310570801070e+03 3.021077283372365363e-01
4.343850609745191832e+03 3.044496487119437989e-01
4.343874808922980264e+03 4.519906323185011732e-01
4.343899108097371936e+03 3.653395784543325697e-01
4.343923407271762699e+03 4.964871194379391062e-01
4.343947606449552040e+03 5.620608899297423466e-01
4.343971905623942803e+03 6.604215456674472629e-01
4.343996204798333565e+03 6.206088992974239105e-01
4.344020403976123816e+03 6.323185011709602232e-01
4.344044703150514579e+03 6.393442622950820109e-01
4.344068902328303011e+03 6.112412177985948603e-01
4.344093201502694683e+03 7.189695550351288267e-01
4.344117400680483115e+03 6.042154566744730726e-01
4.344141699854873877e+03 5.995316159250585475e-01
4.344165899032663219e+03 6.861826697892271509e-01
4.344190198207053982e+03 5.550351288056205590e-01
4.344214397384842414e+03 7.377049180327869271e-01
4.344238696559234086e+03 5.831381733021077096e-01
4.344262895737022518e+03 6.276346604215456981e-01
4.344287194911414190e+03 6.838407494145198884e-01
4.344311394089202622e+03 5.714285714285713969e-01
4.344335693263593384e+03 5.854800936768149722e-01
4.344359892441382726e+03 5.245901639344262568e-01
4.344384091619172068e+03 4.660421545667447485e-01
4.344408390793562830e+03 5.316159250585480445e-01
4.344432589971351263e+03 5.550351288056205590e-01
4.344456889145742934e+03 5.433255269320843572e-01
4.344481088323531367e+03 3.981264637002341900e-01
4.344505287501319799e+03 4.215456674473068155e-01
4.344529586675711471e+03 4.285714285714285476e-01
4.344553785853499903e+03 5.480093676814988823e-01
4.344577985031288335e+03 6.065573770491803351e-01
4.344602284205680007e+03 5.316159250585480445e-01
4.344626483383469349e+03 6.697892271662763131e-01
4.344650682561257781e+03 6.440281030444965360e-01
4.344674981735648544e+03 6.978922716627634637e-01
4.344699180913437885e+03 6.182669789227166479e-01
4.344723380091226318e+03 7.634660421545667042e-01
4.344747579269014750e+03 6.744730679156908382e-01
4.344771878443405512e+03 7.072599531615925139e-01
4.344796077621194854e+03 7.025761124121779888e-01
4.344820276798984196e+03 6.885245901639344135e-01
4.344844475976772628e+03 5.292740046838407819e-01
4.344868675154561060e+03 6.346604215456674858e-01
4.344892974328952732e+03 7.259953161592506143e-01
4.344917173506741165e+03 7.283372365339578769e-01
4.344941372684529597e+03 6.651053864168617880e-01
4.344965571862318029e+03 7.447306791569087148e-01
4.344989771040107371e+03 6.229508196721311730e-01
4.345013970217896713e+03 6.463700234192037986e-01
4.345038169395685145e+03 6.838407494145198884e-01
4.345062368573473577e+03 6.370023419203747483e-01
4.345086667747864340e+03 5.644028103044496092e-01
4.345110866925653681e+03 5.433255269320843572e-01
4.345135066103443023e+03 5.222482435597189943e-01
4.345159265281231455e+03 4.683840749414520110e-01
4.345183464459019888e+03 4.426229508196721230e-01
4.345207663636808320e+03 4.894613583138173185e-01
4.345231862814596752e+03 5.526932084309132964e-01
4.345256061992386094e+03 6.018735362997658100e-01
4.345280261170175436e+03 7.283372365339578769e-01
4.345304460347963868e+03 8.149882903981264803e-01
4.345328659525752300e+03 7.751756440281030169e-01
4.345352858703540733e+03 7.423887587822014522e-01
4.345377057881330074e+03 6.768149882903981007e-01
4.345401257059118507e+03 6.744730679156908382e-01
4.345425456236907849e+03 6.182669789227166479e-01
4.345449655414696281e+03 6.768149882903981007e-01
4.345473754595882383e+03 7.025761124121779888e-01
4.345497953773670815e+03 6.744730679156908382e-01
4.345522152951460157e+03 5.667447306791568717e-01
4.345546352129248589e+03 6.604215456674472629e-01
4.345570551307037931e+03 5.807962529274004471e-01
4.345594750484826363e+03 4.941451990632318436e-01
4.345618949662614796e+03 4.683840749414520110e-01
