R_Cam.32
6802.5370	4423.0000
6802.5779	6587.0000
6802.6189	6623.0000
6802.6598	6411.0000
6802.7007	6174.0000
6802.7416	5782.0000
6802.7825	5531.0000
6802.8235	5439.0000
6802.8644	5337.0000
6802.9053	5133.0000
6802.9462	6734.0000
6802.9871	6788.0000
6803.0280	7003.0000
6803.0689	7440.0000
6803.1098	7847.0000
6803.1507	8330.0000
6803.1916	8890.0000
6803.2325	9164.0000
6803.2734	9199.0000
6803.3143	9403.0000
6803.3553	9271.0000
6803.3962	8949.0000
6803.4371	8841.0000
6803.4780	8526.0000
6803.5189	8377.0000
6803.5598	8241.0000
6803.6007	8207.0000
6803.6415	7999.0000
6803.6824	7684.0000
6803.7233	7518.0000
6803.7642	7438.0000
6803.8050	7503.0000
6803.8459	7577.0000
6803.8868	7498.0000
6803.9277	7460.0000
6803.9685	7391.0000
6804.0094	7324.0000
6804.0503	7380.0000
6804.0911	7455.0000
6804.1320	7803.0000
6804.1728	8087.0000
6804.2137	8415.0000
6804.2546	8559.0000
6804.2954	8979.0000
6804.3363	9222.0000
6804.3771	9451.0000
6804.4181	9757.0000
6804.4589	9998.0000
6804.4998	10046.0000
6804.5406	10059.0000
6804.5815	9860.0000
6804.6223	9322.0000
6804.6631	8901.0000
6804.7040	8389.0000
6804.7448	8235.0000
6804.7856	8096.0000
6804.8265	7826.0000
6804.8673	7641.0000
6804.9081	7841.0000
6804.9490	7821.0000
6804.9898	8102.0000
6805.0306	8225.0000
6805.0714	8274.0000
6805.1123	8203.0000
6805.1531	8163.0000
6805.1939	7872.0000
6805.2347	7807.0000
6805.2755	7596.0000
6805.3163	7592.0000
6805.3571	7782.0000
6805.3979	8111.0000
6805.4388	8530.0000
6805.4797	8940.0000
6805.5205	9281.0000
6805.5613	9627.0000
6805.6021	9789.0000
6805.6429	9658.0000
6805.6837	9374.0000
6805.7245	9026.0000
6805.7652	8708.0000
6805.8060	8520.0000
6805.8468	8316.0000
6805.8876	8095.0000
6805.9284	8046.0000
6805.9692	8058.0000
6806.0100	8216.0000
6806.0507	8361.0000
6806.0915	8676.0000
6806.1323	8905.0000
6806.1731	9257.0000
6806.2139	9437.0000
6806.2546	9584.0000
6806.2954	9552.0000
6806.3362	9396.0000
6806.3769	9333.0000
6806.4177	9464.0000
6806.4585	9433.0000
6806.4992	9449.0000
6806.5401	9371.0000
6806.5808	9372.0000
6806.6216	9261.0000
6806.6623	9157.0000
6806.7031	8929.0000
6806.7439	8872.0000
6806.7846	8763.0000
6806.8253	8861.0000
6806.8661	8946.0000
6806.9068	8888.0000
6806.9476	8719.0000
6806.9883	8534.0000
6807.0291	8397.0000
6807.0698	8394.0000
6807.1105	8469.0000
6807.1513	8557.0000
6807.1920	8817.0000
6807.2327	9196.0000
6807.2735	9580.0000
6807.3142	9855.0000
6807.3549	9894.0000
6807.3956	9902.0000
6807.4364	9724.0000
6807.4771	9482.0000
6807.5178	9112.0000
6807.5586	8811.0000
6807.5993	8449.0000
6807.6400	8233.0000
6807.6808	8021.0000
6807.7215	7903.0000
6807.7622	7932.0000
6807.8029	8015.0000
6807.8436	8186.0000
6807.8843	8599.0000
6807.9250	9056.0000
6807.9657	9552.0000
6808.0064	9805.0000
6808.0471	9993.0000
6808.0878	10086.0000
6808.1285	10191.0000
6808.1692	10233.0000
6808.2098	10221.0000
6808.2505	10128.0000
6808.2912	10112.0000
6808.3319	10044.0000
6808.3726	9956.0000
6808.4133	10056.0000
6808.4539	10379.0000
6808.4946	10532.0000
6808.5353	10796.0000
6808.5760	10859.0000
6808.6167	10731.0000
6808.6574	10481.0000
6808.6981	10314.0000
6808.7387	10041.0000
6808.7794	9665.0000
6808.8201	9378.0000
6808.8607	9005.0000
6808.9014	8776.0000
6808.9421	8812.0000
6808.9827	9002.0000
6809.0234	9229.0000
6809.0640	9655.0000
6809.1047	10213.0000
6809.1453	10890.0000
6809.1860	11221.0000
6809.2266	11435.0000
6809.2673	11637.0000
6809.3079	11777.0000
6809.3485	11793.0000
6809.3892	11640.0000
6809.4298	11421.0000
6809.4705	10871.0000
6809.5111	10474.0000
6809.5517	10092.0000
6809.5923	9724.0000
6809.6330	9672.0000
6809.6737	9749.0000
6809.7143	9912.0000
6809.7550	10192.0000
6809.7956	10221.0000
6809.8362	10203.0000
6809.8768	10141.0000
6809.9174	9860.0000
6809.9580	9457.0000
6809.9987	9041.0000
6810.0393	8710.0000
6810.0799	8378.0000
6810.1205	8445.0000
6810.1611	8629.0000
6810.2017	8873.0000
6810.2423	9149.0000
6810.2829	9410.0000
6810.3235	9741.0000
6810.3641	10001.0000
6810.4047	10436.0000
6810.4453	10869.0000
6810.4859	11354.0000
6810.5265	11668.0000
6810.5671	11827.0000
6810.6076	11929.0000
6810.6482	11684.0000
6810.6888	11120.0000
6810.7295	10640.0000
6810.7701	10282.0000
6810.8107	10077.0000
6810.8512	10053.0000
6810.8918	10348.0000
6810.9324	10734.0000
6810.9730	11058.0000
6811.0135	11292.0000
6811.0541	11455.0000
6811.0947	11424.0000
6811.1352	11304.0000
6811.1758	11042.0000
6811.2164	10663.0000
6811.2569	10410.0000
6811.2975	10426.0000
6811.3380	10596.0000
6811.3786	10938.0000
6811.4191	11278.0000
6811.4597	11418.0000
6811.5002	11431.0000
6811.5408	11257.0000
6811.5813	10965.0000
6811.6219	10706.0000
6811.6624	10597.0000
6811.7030	10717.0000
6811.7435	11156.0000
6811.7841	11383.0000
6811.8247	11618.0000
6811.8652	11767.0000
6811.9057	11856.0000
6811.9463	11901.0000
6811.9868	11776.0000
6812.0273	11536.0000
6812.0678	11387.0000
6812.1084	11167.0000
6812.1489	10970.0000
6812.1894	10881.0000
6812.2299	10751.0000
6812.2704	10471.0000
6812.3110	10220.0000
6812.3515	9997.0000
6812.3920	9779.0000
6812.4325	9396.0000
6812.4730	9223.0000
6812.5135	9324.0000
6812.5540	9301.0000
6812.5945	9446.0000
6812.6350	9555.0000
6812.6755	9600.0000
6812.7160	9742.0000
6812.7565	9934.0000
6812.7970	10068.0000
6812.8376	10140.0000
6812.8781	10323.0000
6812.9186	10491.0000
6812.9591	10675.0000
6812.9995	10858.0000
6813.0400	11176.0000
6813.0805	11472.0000
6813.1210	11778.0000
6813.1615	11704.0000
6813.2019	11610.0000
6813.2424	11526.0000
6813.2829	11367.0000
6813.3234	11083.0000
6813.3638	11012.0000
6813.4043	11157.0000
6813.4448	11382.0000
6813.4852	11464.0000
6813.5257	11447.0000
6813.5662	11363.0000
6813.6066	11047.0000
6813.6471	10765.0000
6813.6875	10712.0000
6813.7280	10801.0000
6813.7684	11248.0000
6813.8089	11822.0000
6813.8493	12103.0000
6813.8899	12181.0000
6813.9303	12214.0000
6813.9708	12080.0000
6814.0112	11689.0000
6814.0517	11704.0000
6814.0921	11746.0000
6814.1325	11986.0000
6814.1730	11817.0000
6814.2134	11948.0000
6814.2538	11930.0000
6814.2943	12091.0000
6814.3347	12419.0000
6814.3751	12680.0000
6814.4155	12790.0000
6814.4560	12816.0000
6814.4964	12676.0000
6814.5368	12223.0000
6814.5772	11761.0000
6814.6176	11125.0000
6814.6581	10602.0000
6814.6985	10231.0000
6814.7389	10172.0000
6814.7793	10102.0000
6814.8197	9899.0000
6814.8601	9645.0000
6814.9005	9373.0000
6814.9410	9181.0000
6814.9814	9113.0000
6815.0218	9049.0000
6815.0622	9031.0000
6815.1026	8969.0000
6815.1430	8851.0000
6815.1834	8727.0000
6815.2238	8696.0000
6815.2642	8755.0000
6815.3046	8696.0000
6815.3450	8843.0000
6815.3853	9040.0000
6815.4257	9036.0000
6815.4661	9172.0000
6815.5065	9325.0000
6815.5469	9539.0000
6815.5872	9504.0000
6815.6276	9498.0000
6815.6680	9434.0000
6815.7083	9359.0000
6815.7487	9498.0000
6815.7891	9586.0000
6815.8294	9646.0000
6815.8698	9673.0000
6815.9102	9786.0000
6815.9505	9764.0000
6815.9910	9604.0000
6816.0313	9652.0000
6816.0717	9654.0000
6816.1120	9641.0000
6816.1524	9580.0000
6816.1927	9538.0000
6816.2331	9603.0000
6816.2734	9810.0000
6816.3138	10101.0000
6816.3541	10530.0000
6816.3945	11113.0000
6816.4348	11789.0000
6816.4751	12060.0000
6816.5155	12260.0000
6816.5558	12042.0000
6816.5961	11805.0000
6816.6365	11389.0000
6816.6768	10949.0000
6816.7171	10721.0000
6816.7575	10587.0000
6816.7978	10566.0000
6816.8381	10493.0000
6816.8784	10679.0000
6816.9187	10741.0000
6816.9591	10902.0000
6816.9994	10905.0000
6817.0398	10913.0000
6817.0801	10955.0000
6817.1204	10835.0000
6817.1607	10700.0000
6817.2010	10731.0000
6817.2413	10555.0000
6817.2816	10342.0000
6817.3219	10241.0000
6817.3622	10121.0000
6817.4025	9979.0000
6817.4428	9834.0000
6817.4831	9741.0000
6817.5234	9740.0000
6817.5637	9713.0000
6817.6040	10056.0000
6817.6443	10447.0000
6817.6846	11055.0000
6817.7248	11704.0000
6817.7651	12481.0000
6817.8054	13391.0000
6817.8457	14343.0000
6817.8860	14829.0000
6817.9262	15127.0000
6817.9665	14931.0000
6818.0068	14331.0000
6818.0470	13650.0000
6818.0874	12752.0000
6818.1277	11821.0000
6818.1679	11413.0000
6818.2082	11144.0000
6818.2485	11247.0000
6818.2887	11485.0000
6818.3290	12013.0000
6818.3692	12369.0000
6818.4095	12770.0000
6818.4498	13035.0000
6818.4900	13159.0000
6818.5303	13060.0000
6818.5705	12669.0000
6818.6107	12386.0000
6818.6510	11864.0000
6818.6912	11297.0000
6818.7315	10783.0000
6818.7717	10419.0000
6818.8119	10178.0000
6818.8522	10164.0000
6818.8924	10188.0000
6818.9326	10363.0000
6818.9729	10716.0000
6819.0131	11181.0000
6819.0533	11855.0000
6819.0936	12478.0000
6819.1338	13094.0000
6819.1741	13673.0000
6819.2143	14300.0000
6819.2545	14791.0000
6819.2948	14684.0000
6819.3350	14394.0000
6819.3752	13654.0000
6819.4154	13025.0000
6819.4556	12264.0000
6819.4958	11736.0000
6819.5360	11350.0000
6819.5762	11109.0000
6819.6164	11142.0000
6819.6566	11290.0000
6819.6968	11262.0000
6819.7370	11379.0000
6819.7772	11521.0000
6819.8174	11793.0000
6819.8576	11977.0000
6819.8978	12071.0000
6819.9380	11961.0000
6819.9782	11853.0000
6820.0184	11715.0000
6820.0585	11431.0000
6820.0987	11138.0000
6820.1389	10714.0000
6820.1791	10572.0000
6820.2194	10581.0000
6820.2595	10785.0000
6820.2997	11116.0000
6820.3399	11738.0000
6820.3801	12404.0000
6820.4202	12753.0000
6820.4604	12873.0000
6820.5006	12850.0000
6820.5407	12593.0000
6820.5809	12479.0000
6820.6210	12209.0000
6820.6612	11962.0000
6820.7014	11844.0000
6820.7415	11776.0000
6820.7817	11807.0000
6820.8218	11884.0000
6820.8620	11947.0000
6820.9021	11900.0000
6820.9423	12020.0000
6820.9824	12110.0000
6821.0225	12019.0000
6821.0627	11942.0000
6821.1028	11859.0000
6821.1430	11766.0000
6821.1831	11789.0000
6821.2232	11786.0000
6821.2635	12213.0000
6821.3036	12532.0000
6821.3437	12945.0000
6821.3838	13486.0000
6821.4240	13624.0000
6821.4641	13774.0000
6821.5042	13632.0000
6821.5443	13223.0000
6821.5844	12565.0000
6821.6246	11984.0000
6821.6647	11434.0000
6821.7048	11006.0000
6821.7449	10882.0000
6821.7850	10911.0000
6821.8251	10932.0000
6821.8652	11200.0000
6821.9053	11351.0000
6821.9454	11551.0000
6821.9855	11711.0000
6822.0256	12075.0000
6822.0657	12760.0000
6822.1058	13434.0000
6822.1459	14089.0000
6822.1860	14479.0000
6822.2261	14668.0000
6822.2662	14592.0000
6822.3064	14288.0000
6822.3465	13818.0000
6822.3866	13233.0000
6822.4266	12719.0000
6822.4667	12543.0000
6822.5068	12414.0000
6822.5469	12488.0000
6822.5869	12750.0000
6822.6270	12728.0000
6822.6671	12714.0000
6822.7072	12685.0000
6822.7472	12382.0000
6822.7873	12213.0000
6822.8274	12219.0000
6822.8674	12049.0000
6822.9075	12125.0000
6822.9475	11885.0000
6822.9876	11710.0000
6823.0277	11382.0000
6823.0677	10974.0000
6823.1078	10813.0000
6823.1478	10821.0000
6823.1879	11123.0000
6823.2279	11566.0000
6823.2680	12322.0000
6823.3080	12963.0000
6823.3481	13671.0000
6823.3882	13923.0000
6823.4282	14061.0000
6823.4683	13821.0000
6823.5083	13601.0000
6823.5483	13599.0000
6823.5884	13758.0000
6823.6284	13932.0000
6823.6684	14197.0000
6823.7084	14174.0000
6823.7485	14157.0000
6823.7885	13922.0000
6823.8285	13475.0000
6823.8685	13017.0000
6823.9086	12559.0000
6823.9486	12345.0000
6823.9886	12074.0000
6824.0286	12056.0000
6824.0686	12232.0000
6824.1086	12710.0000
6824.1486	13317.0000
6824.1886	13628.0000
6824.2286	14097.0000
6824.2686	14173.0000
6824.3086	14215.0000
6824.3486	13836.0000
6824.3886	13429.0000
6824.4287	12855.0000
6824.4687	12324.0000
6824.5087	11736.0000
6824.5487	11245.0000
6824.5887	11017.0000
6824.6287	10962.0000
6824.6687	11053.0000
6824.7087	11270.0000
6824.7486	11578.0000
6824.7886	11922.0000
6824.8286	12215.0000
6824.8686	12297.0000
6824.9086	12355.0000
6824.9485	12480.0000
6824.9885	12730.0000
6825.0285	12977.0000
6825.0684	13018.0000
6825.1084	13019.0000
6825.1484	12788.0000
6825.1883	12907.0000
6825.2283	12849.0000
6825.2683	12794.0000
6825.3082	13021.0000
6825.3482	13258.0000
6825.3881	13361.0000
6825.4281	13506.0000
6825.4681	13888.0000
6825.5081	14501.0000
6825.5480	14949.0000
6825.5880	15350.0000
6825.6279	15463.0000
6825.6679	15341.0000
6825.7078	15024.0000
6825.7477	14449.0000
6825.7877	13938.0000
6825.8276	13376.0000
6825.8675	13051.0000
6825.9075	12894.0000
6825.9474	12592.0000
6825.9873	12257.0000
6826.0273	11832.0000
6826.0672	11457.0000
6826.1071	11189.0000
6826.1470	11410.0000
6826.1870	11694.0000
6826.2269	12041.0000
6826.2668	12461.0000
6826.3067	12907.0000
6826.3466	13479.0000
6826.3865	13693.0000
6826.4264	13919.0000
6826.4663	14261.0000
6826.5064	14677.0000
6826.5463	15171.0000
6826.5862	15903.0000
6826.6261	16443.0000
6826.6660	16889.0000
6826.7059	17060.0000
6826.7458	17004.0000
6826.7856	16611.0000
6826.8255	16121.0000
6826.8654	15632.0000
6826.9053	14943.0000
6826.9452	14211.0000
6826.9851	13304.0000
6827.0250	12884.0000
6827.0649	12585.0000
6827.1047	12427.0000
6827.1446	12753.0000
6827.1845	13084.0000
6827.2244	13822.0000
6827.2642	14647.0000
6827.3041	15240.0000
6827.3440	15591.0000
6827.3839	15783.0000
6827.4237	15575.0000
6827.4636	15290.0000
6827.5034	14826.0000
6827.5433	14007.0000
6827.5833	13190.0000
6827.6231	12599.0000
6827.6630	12428.0000
6827.7028	12088.0000
6827.7427	11928.0000
6827.7825	11910.0000
6827.8224	12156.0000
6827.8622	12268.0000
6827.9021	12679.0000
6827.9419	13102.0000
6827.9818	13487.0000
6828.0216	13993.0000
6828.0615	14255.0000
6828.1013	14597.0000
6828.1411	14805.0000
6828.1810	14605.0000
6828.2208	14489.0000
6828.2606	14486.0000
6828.3005	14286.0000
6828.3403	14316.0000
6828.3801	14614.0000
6828.4199	15075.0000
6828.4597	15235.0000
6828.4996	15134.0000
6828.5394	14934.0000
6828.5792	14679.0000
6828.6191	14322.0000
6828.6589	14243.0000
6828.6987	14521.0000
6828.7386	15038.0000
6828.7784	15200.0000
6828.8182	15660.0000
6828.8580	15940.0000
6828.8978	16239.0000
6828.9376	16382.0000
6828.9774	16456.0000
6829.0172	16447.0000
6829.0570	16137.0000
6829.0968	15592.0000
6829.1366	14700.0000
6829.1764	13869.0000
6829.2161	13192.0000
6829.2559	12693.0000
6829.2957	12481.0000
6829.3355	12006.0000
6829.3753	11694.0000
6829.4151	12187.0000
6829.4548	12853.0000
6829.4946	13462.0000
6829.5344	13759.0000
6829.5742	14218.0000
6829.6139	14499.0000
6829.6537	14911.0000
6829.6936	15399.0000
6829.7333	15980.0000
6829.7731	16533.0000
6829.8129	16930.0000
6829.8526	17096.0000
6829.8924	17168.0000
6829.9322	17255.0000
6829.9719	17364.0000
6830.0117	17322.0000
6830.0514	16847.0000
6830.0912	16275.0000
6830.1309	15506.0000
6830.1707	14849.0000
6830.2104	14256.0000
6830.2502	14040.0000
6830.2899	14342.0000
6830.3296	14563.0000
6830.3694	14873.0000
6830.4091	14999.0000
6830.4489	15191.0000
6830.4886	15160.0000
6830.5283	14662.0000
6830.5680	14196.0000
6830.6078	13683.0000
6830.6475	13366.0000
6830.6872	13043.0000
6830.7271	13190.0000
6830.7668	13380.0000
6830.8065	13625.0000
6830.8462	13703.0000
6830.8859	13707.0000
6830.9256	13539.0000
6830.9654	13401.0000
6831.0051	13342.0000
6831.0448	13584.0000
6831.0845	13959.0000
6831.1242	14743.0000
6831.1639	15546.0000
6831.2036	16366.0000
6831.2433	17050.0000
6831.2830	17715.0000
6831.3227	17870.0000
6831.3624	17717.0000
6831.4021	17519.0000
6831.4418	17196.0000
6831.4815	16429.0000
6831.5212	15756.0000
6831.5609	15460.0000
6831.6005	15281.0000
6831.6402	15395.0000
6831.6799	15720.0000
6831.7196	15956.0000
6831.7593	16113.0000
6831.7990	15959.0000
6831.8387	15705.0000
6831.8784	15412.0000
6831.9181	15147.0000
6831.9577	15228.0000
6831.9974	15467.0000
6832.0371	15520.0000
6832.0767	15209.0000
6832.1164	15054.0000
6832.1561	14570.0000
6832.1957	13841.0000
6832.2354	13136.0000
6832.2750	12925.0000
6832.3147	12870.0000
6832.3543	12965.0000
6832.3940	13140.0000
6832.4336	13573.0000
6832.4733	13836.0000
6832.5129	13847.0000
6832.5526	13771.0000
6832.5922	13408.0000
6832.6319	13067.0000
6832.6715	12455.0000
6832.7111	12235.0000
6832.7508	12191.0000
6832.7904	12169.0000
6832.8302	12223.0000
6832.8698	12755.0000
6832.9094	13306.0000
6832.9490	13874.0000
6832.9887	14579.0000
6833.0283	15200.0000
6833.0679	15701.0000
6833.1075	15828.0000
6833.1471	15861.0000
6833.1868	15763.0000
6833.2264	15622.0000
6833.2660	15286.0000
6833.3056	14876.0000
6833.3452	14758.0000
6833.3848	14640.0000
6833.4244	14559.0000
6833.4640	14575.0000
6833.5036	14457.0000
6833.5432	14129.0000
6833.5828	14070.0000
6833.6224	13646.0000
6833.6620	13417.0000
6833.7016	13366.0000
6833.7412	13568.0000
6833.7808	13826.0000
6833.8204	14328.0000
6833.8600	14728.0000
6833.8997	15185.0000
6833.9393	15314.0000
6833.9788	15601.0000
6834.0184	15640.0000
6834.0580	15961.0000
6834.0976	16328.0000
6834.1372	16806.0000
6834.1767	16990.0000
6834.2163	17366.0000
6834.2559	17249.0000
6834.2954	16933.0000
6834.3350	16471.0000
6834.3746	15925.0000
6834.4141	15436.0000
6834.4537	15266.0000
6834.4933	15224.0000
6834.5328	15200.0000
6834.5724	15056.0000
6834.6119	15041.0000
6834.6515	14935.0000
6834.6910	14757.0000
6834.7306	14699.0000
6834.7701	14792.0000
6834.8097	15263.0000
6834.8492	15729.0000
6834.8888	16295.0000
6834.9284	16943.0000
6834.9680	17160.0000
6835.0075	17402.0000
6835.0470	17229.0000
6835.0866	16760.0000
6835.1261	16311.0000
6835.1656	15645.0000
6835.2052	15234.0000
6835.2447	14996.0000
6835.2842	14879.0000
6835.3237	14443.0000
6835.3633	14250.0000
6835.4028	14026.0000
6835.4423	13945.0000
6835.4818	13756.0000
6835.5213	13689.0000
6835.5608	13559.0000
6835.6004	13544.0000
6835.6399	13810.0000
6835.6794	13912.0000
6835.7189	14229.0000
6835.7584	14884.0000
6835.7979	15658.0000
6835.8374	16368.0000
6835.8769	16778.0000
6835.9164	17049.0000
6835.9559	16819.0000
6835.9955	16414.0000
6836.0350	15737.0000
6836.0745	15255.0000
6836.1140	14849.0000
6836.1534	14698.0000
6836.1929	14886.0000
6836.2324	15324.0000
6836.2719	15904.0000
6836.3114	16360.0000
6836.3509	17010.0000
6836.3903	17359.0000
6836.4298	17617.0000
6836.4693	17928.0000
6836.5088	18153.0000
6836.5482	18175.0000
6836.5877	17518.0000
6836.6272	16848.0000
6836.6666	16529.0000
6836.7061	16169.0000
6836.7456	16241.0000
6836.7850	16259.0000
6836.8245	16448.0000
6836.8639	16696.0000
6836.9034	16615.0000
6836.9428	16578.0000
6836.9823	16519.0000
6837.0217	16373.0000
6837.0613	16581.0000
6837.1007	17016.0000
6837.1402	17478.0000
6837.1796	17820.0000
6837.2191	18157.0000
6837.2585	18107.0000
6837.2979	17643.0000
6837.3374	16910.0000
6837.3768	15861.0000
6837.4163	15306.0000
6837.4557	14958.0000
6837.4951	14951.0000
6837.5345	15217.0000
6837.5740	15572.0000
6837.6134	15957.0000
6837.6528	16115.0000
6837.6922	16088.0000
6837.7317	15743.0000
6837.7711	15375.0000
6837.8105	15015.0000
6837.8499	14832.0000
6837.8893	15101.0000
6837.9287	15603.0000
6837.9681	16238.0000
6838.0075	16850.0000
6838.0469	17268.0000
6838.0864	17488.0000
6838.1259	17545.0000
6838.1653	17345.0000
6838.2047	16932.0000
6838.2440	16551.0000
6838.2834	16410.0000
6838.3228	16400.0000
6838.3622	16333.0000
6838.4016	16662.0000
6838.4410	17453.0000
6838.4804	18160.0000
6838.5198	18737.0000
6838.5592	19075.0000
6838.5985	19070.0000
6838.6379	18769.0000
6838.6773	18029.0000
6838.7167	17402.0000
6838.7560	16623.0000
6838.7954	15729.0000
6838.8348	15178.0000
6838.8742	14792.0000
6838.9135	14546.0000
6838.9529	14624.0000
6838.9923	14640.0000
6839.0316	14738.0000
6839.0710	14933.0000
6839.1103	15183.0000
6839.1498	15443.0000
6839.1892	15965.0000
6839.2285	16886.0000
6839.2679	17341.0000
6839.3072	17930.0000
6839.3466	18322.0000
6839.3859	18196.0000
6839.4253	18138.0000
6839.4646	17828.0000
6839.5039	17568.0000
6839.5433	17069.0000
6839.5826	16760.0000
6839.6220	16373.0000
6839.6613	16136.0000
6839.7006	15710.0000
6839.7400	15566.0000
6839.7793	15611.0000
6839.8186	15376.0000
6839.8579	15108.0000
6839.8973	15151.0000
6839.9366	15193.0000
6839.9759	15343.0000
6840.0152	15713.0000
6840.0545	16195.0000
6840.0939	16768.0000
6840.1332	16903.0000
6840.1725	16792.0000
6840.2119	16881.0000
6840.2512	16922.0000
6840.2905	17005.0000
6840.3298	17365.0000
6840.3691	17844.0000
6840.4084	18009.0000
6840.4477	18104.0000
6840.4870	18193.0000
6840.5263	18122.0000
6840.5656	17847.0000
6840.6049	17156.0000
6840.6442	16447.0000
6840.6835	16249.0000
6840.7228	15960.0000
6840.7621	15899.0000
6840.8014	15966.0000
6840.8406	16017.0000
6840.8799	16019.0000
6840.9192	16074.0000
6840.9585	16034.0000
6840.9978	15937.0000
6841.0370	16060.0000
6841.0763	16027.0000
6841.1156	16193.0000
6841.1548	16567.0000
6841.1941	17110.0000
6841.2334	17527.0000
6841.2727	17836.0000
6841.3120	17965.0000
6841.3513	17802.0000
6841.3905	17731.0000
6841.4298	17481.0000
6841.4690	17263.0000
6841.5083	17513.0000
6841.5475	18208.0000
6841.5868	18936.0000
6841.6260	19318.0000
6841.6653	19239.0000
6841.7045	18699.0000
6841.7438	18047.0000
6841.7830	17398.0000
6841.8223	16931.0000
6841.8615	16794.0000
6841.9007	17172.0000
6841.9400	17456.0000
6841.9792	18061.0000
6842.0184	18659.0000
6842.0577	19028.0000
6842.0969	19059.0000
6842.1361	18383.0000
6842.1753	17605.0000
6842.2146	16705.0000
6842.2538	16022.0000
6842.2930	16042.0000
6842.3323	16530.0000
6842.3715	16877.0000
6842.4108	17233.0000
6842.4500	17618.0000
6842.4892	17311.0000
6842.5284	16357.0000
6842.5676	15368.0000
6842.6068	15021.0000
6842.6460	15349.0000
6842.6852	15269.0000
6842.7244	15664.0000
6842.7636	16706.0000
6842.8028	18080.0000
6842.8420	19166.0000
6842.8812	19875.0000
6842.9204	20435.0000
6842.9596	20405.0000
6842.9988	19942.0000
6843.0380	19028.0000
6843.0771	18057.0000
6843.1163	17331.0000
6843.1555	16860.0000
6843.1947	16668.0000
6843.2339	16485.0000
6843.2730	16374.0000
6843.3122	16311.0000
6843.3515	16438.0000
6843.3907	16592.0000
6843.4298	16868.0000
6843.4690	16975.0000
6843.5082	17186.0000
6843.5473	17611.0000
6843.5865	18031.0000
6843.6257	18566.0000
6843.6648	19045.0000
6843.7040	19841.0000
6843.7431	20297.0000
6843.7823	20781.0000
6843.8214	21186.0000
6843.8606	21477.0000
6843.8997	21346.0000
6843.9389	21253.0000
6843.9780	20608.0000
6844.0172	19902.0000
6844.0563	19387.0000
6844.0955	19122.0000
6844.1346	19052.0000
6844.1737	19699.0000
6844.2129	20405.0000
6844.2520	20813.0000
6844.2911	20933.0000
6844.3303	20578.0000
6844.3694	19883.0000
6844.4086	18906.0000
6844.4478	17527.0000
6844.4869	16170.0000
6844.5260	15241.0000
6844.5651	14628.0000
6844.6042	14212.0000
6844.6434	14539.0000
6844.6825	15177.0000
6844.7216	16507.0000
6844.7607	17873.0000
6844.7998	19400.0000
6844.8389	21150.0000
6844.8780	22541.0000
6844.9171	23369.0000
6844.9562	23695.0000
6844.9953	23348.0000
6845.0344	22486.0000
6845.0735	21364.0000
6845.1126	20098.0000
6845.1517	18993.0000
6845.1908	18434.0000
6845.2299	17869.0000
6845.2690	17847.0000
6845.3081	18074.0000
6845.3472	18492.0000
6845.3862	18788.0000
6845.4253	19047.0000
6845.4645	19247.0000
6845.5036	19399.0000
6845.5427	19379.0000
6845.5817	19565.0000
6845.6208	19413.0000
6845.6599	19098.0000
6845.6990	18984.0000
6845.7380	18531.0000
6845.7771	17719.0000
6845.8162	17215.0000
6845.8552	16902.0000
6845.8943	16706.0000
6845.9333	16517.0000
6845.9724	16741.0000
6846.0115	17216.0000
6846.0505	17784.0000
6846.0896	18606.0000
6846.1286	19316.0000
6846.1677	19959.0000
6846.2067	20216.0000
6846.2458	19692.0000
6846.2848	19134.0000
6846.3238	18377.0000
6846.3629	17816.0000
6846.4019	17437.0000
6846.4410	17706.0000
6846.4800	18201.0000
6846.5191	18693.0000
6846.5582	18973.0000
6846.5972	18973.0000
6846.6362	18649.0000
6846.6752	18120.0000
6846.7143	17427.0000
6846.7533	17432.0000
6846.7923	17307.0000
6846.8313	17415.0000
6846.8704	17476.0000
6846.9094	17386.0000
6846.9484	17380.0000
6846.9874	17213.0000
6847.0264	17033.0000
6847.0654	16848.0000
6847.1044	16872.0000
6847.1434	17005.0000
6847.1824	17059.0000
6847.2215	16896.0000
6847.2605	16833.0000
6847.2995	16720.0000
6847.3385	16727.0000
6847.3774	16589.0000
6847.4164	16651.0000
6847.4554	17061.0000
6847.4944	17453.0000
6847.5334	18194.0000
6847.5725	18929.0000
6847.6115	19615.0000
6847.6505	20388.0000
6847.6895	21169.0000
6847.7284	21397.0000
6847.7674	21450.0000
6847.8064	21375.0000
6847.8454	21425.0000
6847.8843	20852.0000
6847.9233	20108.0000
6847.9623	19016.0000
6848.0013	18117.0000
6848.0402	17221.0000
6848.0792	16726.0000
6848.1182	16225.0000
6848.1571	16160.0000
6848.1961	15896.0000
6848.2350	15439.0000
6848.2740	15082.0000
6848.3129	15669.0000
6848.3519	16507.0000
6848.3908	16882.0000
6848.4298	17324.0000
6848.4687	17414.0000
6848.5077	17315.0000
6848.5466	17179.0000
6848.5856	16695.0000
6848.6246	16433.0000
6848.6636	16301.0000
6848.7025	16462.0000
6848.7414	16682.0000
6848.7804	17042.0000
6848.8193	17344.0000
6848.8582	17590.0000
6848.8972	17494.0000
6848.9361	17283.0000
6848.9750	17187.0000
6849.0139	17060.0000
6849.0529	17153.0000
6849.0918	17440.0000
6849.1307	17882.0000
6849.1696	18339.0000
6849.2085	18725.0000
6849.2475	18739.0000
6849.2864	18663.0000
6849.3253	18260.0000
6849.3642	17932.0000
6849.4031	17524.0000
6849.4420	17011.0000
6849.4809	16580.0000
6849.5198	16429.0000
6849.5587	16433.0000
6849.5976	16449.0000
6849.6365	16565.0000
6849.6755	16593.0000
6849.7144	16418.0000
6849.7533	16001.0000
6849.7922	15126.0000
6849.8311	14318.0000
6849.8699	13422.0000
6849.9088	12683.0000
6849.9477	12095.0000
6849.9866	11870.0000
6850.0255	11697.0000
6850.0643	11605.0000
6850.1032	11519.0000
6850.1421	11387.0000
6850.1810	11328.0000
6850.2198	11556.0000
6850.2587	11523.0000
6850.2976	11840.0000
6850.3364	12190.0000
6850.3753	12506.0000
6850.4142	12832.0000
6850.4530	13053.0000
6850.4919	13487.0000
6850.5307	13710.0000
6850.5696	14023.0000
6850.6085	14277.0000
6850.6473	14518.0000
6850.6862	14681.0000
6850.7251	14643.0000
6850.7640	14614.0000
6850.8028	14402.0000
6850.8416	14097.0000
6850.8805	13702.0000
6850.9193	13491.0000
6850.9582	13427.0000
6850.9970	13472.0000
6851.0358	13664.0000
6851.0747	13923.0000
6851.1135	14026.0000
6851.1523	14394.0000
6851.1912	14756.0000
6851.2300	14962.0000
6851.2688	14945.0000
6851.3076	15086.0000
6851.3465	14798.0000
6851.3853	14814.0000
6851.4241	15221.0000
6851.4629	15724.0000
6851.5017	16353.0000
6851.5405	16719.0000
6851.5793	16873.0000
6851.6182	16769.0000
6851.6570	16120.0000
6851.6958	15580.0000
6851.7346	15393.0000
6851.7735	15310.0000
6851.8123	15470.0000
6851.8511	15801.0000
6851.8899	16304.0000
6851.9287	16375.0000
6851.9675	16189.0000
6852.0062	15863.0000
6852.0450	15449.0000
6852.0838	14926.0000
6852.1226	14489.0000
6852.1614	14295.0000
6852.2002	14047.0000
6852.2390	13862.0000
6852.2777	13463.0000
6852.3165	13346.0000
6852.3553	13203.0000
6852.3941	13200.0000
6852.4328	13196.0000
6852.4716	13182.0000
6852.5104	13183.0000
6852.5492	13290.0000
6852.5879	13524.0000
6852.6267	13634.0000
6852.6654	13424.0000
6852.7042	13190.0000
6852.7430	13037.0000
6852.7817	13084.0000
6852.8205	12997.0000
6852.8593	13085.0000
6852.8981	13199.0000
6852.9368	13499.0000
6852.9756	13738.0000
6853.0143	13979.0000
6853.0531	14203.0000
6853.0918	14284.0000
6853.1306	14478.0000
6853.1693	14439.0000
6853.2080	14401.0000
6853.2468	14548.0000
6853.2855	14655.0000
6853.3243	14924.0000
6853.3630	15268.0000
6853.4017	15627.0000
6853.4404	15975.0000
6853.4792	16148.0000
6853.5179	16179.0000
6853.5566	16312.0000
6853.5953	16320.0000
6853.6341	16179.0000
6853.6728	16248.0000
6853.7115	16179.0000
6853.7502	16348.0000
6853.7889	16146.0000
6853.8276	16141.0000
6853.8663	16114.0000
6853.9052	15896.0000
6853.9439	15657.0000
6853.9826	15360.0000
6854.0213	14727.0000
6854.0600	14320.0000
6854.0987	13785.0000
6854.1374	13317.0000
6854.1761	13120.0000
6854.2148	12960.0000
6854.2534	13023.0000
6854.2921	13317.0000
6854.3308	13452.0000
6854.3695	13784.0000
6854.4082	13997.0000
6854.4469	14169.0000
6854.4856	14217.0000
6854.5242	14135.0000
6854.5629	14172.0000
6854.6016	14164.0000
6854.6403	13958.0000
6854.6789	14205.0000
6854.7176	14454.0000
6854.7563	14548.0000
6854.7950	14671.0000
6854.8336	14514.0000
6854.8723	14296.0000
6854.9110	14261.0000
6854.9497	14161.0000
6854.9884	14200.0000
6855.0270	14181.0000
6855.0657	14363.0000
6855.1043	14627.0000
6855.1430	14983.0000
6855.1816	15423.0000
6855.2203	15910.0000
6855.2589	16401.0000
6855.2976	16533.0000
6855.3362	16776.0000
6855.3749	16839.0000
6855.4135	16761.0000
6855.4522	16314.0000
6855.4908	15722.0000
6855.5294	15059.0000
6855.5681	14436.0000
6855.6067	13771.0000
6855.6453	13504.0000
6855.6840	13546.0000
6855.7226	13764.0000
6855.7612	13996.0000
6855.7998	14405.0000
6855.8385	15041.0000
6855.8771	15587.0000
6855.9157	16164.0000
6855.9543	16384.0000
6855.9930	16560.0000
6856.0316	16628.0000
6856.0703	16256.0000
6856.1089	15747.0000
6856.1475	14986.0000
6856.1861	14416.0000
6856.2247	14031.0000
6856.2633	13718.0000
6856.3019	13784.0000
6856.3405	13823.0000
6856.3791	13963.0000
6856.4177	14186.0000
6856.4563	14188.0000
6856.4949	14109.0000
6856.5335	14298.0000
6856.5720	14639.0000
6856.6106	14694.0000
6856.6492	14909.0000
6856.6878	15155.0000
6856.7264	15539.0000
6856.7650	15518.0000
6856.8035	15309.0000
6856.8421	14906.0000
6856.8807	14441.0000
6856.9193	14108.0000
6856.9578	13645.0000
6856.9964	13439.0000
6857.0350	13293.0000
6857.0737	13345.0000
6857.1122	13245.0000
6857.1508	13329.0000
6857.1893	13610.0000
6857.2279	13799.0000
6857.2665	13949.0000
6857.3050	14284.0000
6857.3436	14513.0000
6857.3821	14740.0000
6857.4207	15019.0000
6857.4592	15225.0000
6857.4978	15329.0000
6857.5363	15467.0000
6857.5749	15769.0000
6857.6134	15931.0000
6857.6520	15932.0000
6857.6905	16165.0000
6857.7290	16259.0000
6857.7676	16328.0000
6857.8061	16452.0000
6857.8446	16838.0000
6857.8832	17236.0000
6857.9217	17441.0000
6857.9602	17443.0000
6857.9988	17360.0000
6858.0373	16903.0000
6858.0758	16133.0000
6858.1144	15380.0000
6858.1529	14433.0000
6858.1915	13775.0000
6858.2300	13554.0000
6858.2685	13575.0000
6858.3070	14009.0000
6858.3455	14684.0000
6858.3840	15345.0000
6858.4225	15922.0000
6858.4610	16229.0000
6858.4995	16531.0000
6858.5380	16360.0000
6858.5765	15900.0000
6858.6150	15295.0000
6858.6535	14670.0000
6858.6920	14085.0000
6858.7305	14157.0000
6858.7690	14082.0000
6858.8075	14159.0000
6858.8460	14437.0000
6858.8845	14740.0000
6858.9230	14878.0000
6858.9614	14953.0000
6858.9999	14792.0000
6859.0384	14707.0000
6859.0769	14522.0000
6859.1154	14164.0000
6859.1539	14130.0000
6859.1924	14392.0000
6859.2309	14650.0000
6859.2693	14962.0000
6859.3078	15379.0000
6859.3463	15943.0000
6859.3847	16645.0000
6859.4232	16965.0000
6859.4617	17369.0000
6859.5001	17741.0000
6859.5386	17902.0000
6859.5770	17836.0000
6859.6155	17283.0000
6859.6539	16683.0000
6859.6924	15855.0000
6859.7308	15236.0000
6859.7693	14835.0000
6859.8077	14674.0000
6859.8462	15189.0000
6859.8846	15834.0000
6859.9231	16612.0000
6859.9615	17364.0000
6859.9999	18155.0000
6860.0384	18622.0000
6860.0768	18705.0000
6860.1152	18430.0000
6860.1537	17843.0000
6860.1921	16786.0000
6860.2306	15747.0000
6860.2690	14810.0000
6860.3075	13740.0000
6860.3459	13362.0000
6860.3843	13441.0000
6860.4227	13879.0000
6860.4611	14843.0000
6860.4996	15638.0000
6860.5380	16634.0000
6860.5764	17178.0000
6860.6148	17586.0000
6860.6532	17732.0000
6860.6916	17528.0000
6860.7300	16872.0000
6860.7684	16389.0000
6860.8068	15839.0000
6860.8452	15317.0000
6860.8836	14940.0000
6860.9220	14740.0000
6860.9604	14370.0000
6860.9988	14384.0000
6861.0372	14501.0000
6861.0756	14765.0000
6861.1140	14718.0000
6861.1523	14986.0000
6861.1907	15431.0000
6861.2291	15924.0000
6861.2676	16456.0000
6861.3060	17090.0000
6861.3443	17721.0000
6861.3827	17641.0000
6861.4211	17674.0000
6861.4595	17342.0000
6861.4978	16558.0000
6861.5362	15839.0000
6861.5746	15338.0000
6861.6129	15291.0000
6861.6513	15342.0000
6861.6897	15393.0000
6861.7280	15544.0000
6861.7664	15594.0000
6861.8047	15667.0000
6861.8431	15497.0000
6861.8814	15316.0000
6861.9198	15010.0000
6861.9581	14658.0000
6861.9965	14389.0000
6862.0348	14134.0000
6862.0732	14000.0000
6862.1115	13905.0000
6862.1499	13850.0000
6862.1882	14019.0000
6862.2265	14172.0000
6862.2649	14355.0000
6862.3033	14509.0000
6862.3416	14815.0000
6862.3800	14890.0000
6862.4183	14870.0000
6862.4566	14912.0000
6862.4949	14578.0000
6862.5333	14630.0000
6862.5716	14673.0000
6862.6099	15143.0000
6862.6482	15451.0000
6862.6865	15915.0000
6862.7249	16204.0000
6862.7632	16036.0000
6862.8015	15866.0000
6862.8398	15256.0000
6862.8781	15031.0000
6862.9164	14860.0000
6862.9547	14907.0000
6862.9930	15358.0000
6863.0313	15878.0000
6863.0696	16276.0000
6863.1079	16346.0000
6863.1462	16312.0000
6863.1845	15907.0000
6863.2228	15708.0000
6863.2611	15401.0000
6863.2994	14908.0000
6863.3377	14451.0000
6863.3761	14165.0000
6863.4143	13688.0000
6863.4526	13509.0000
6863.4909	13460.0000
6863.5292	13223.0000
6863.5675	13170.0000
6863.6057	13327.0000
6863.6440	13468.0000
6863.6823	13895.0000
6863.7205	14365.0000
6863.7588	15017.0000
6863.7971	15768.0000
6863.8354	16667.0000
6863.8736	17536.0000
6863.9119	18204.0000
6863.9501	19024.0000
6863.9884	19515.0000
6864.0267	19759.0000
6864.0649	19491.0000
6864.1032	19133.0000
6864.1414	18599.0000
6864.1797	17930.0000
6864.2179	17166.0000
6864.2562	16407.0000
6864.2944	15887.0000
6864.3326	15835.0000
6864.3709	15986.0000
6864.4092	16547.0000
6864.4475	17320.0000
6864.4857	18217.0000
6864.5239	18618.0000
6864.5622	18801.0000
6864.6004	18387.0000
6864.6386	17700.0000
6864.6769	16898.0000
6864.7151	16207.0000
6864.7533	15834.0000
6864.7915	15647.0000
6864.8297	15845.0000
6864.8680	15858.0000
6864.9062	15760.0000
6864.9444	15521.0000
6864.9826	15073.0000
6865.0208	14621.0000
6865.0590	14165.0000
6865.0972	13523.0000
6865.1354	13178.0000
6865.1737	13082.0000
6865.2119	13034.0000
6865.2501	13296.0000
6865.2883	13485.0000
6865.3265	13718.0000
6865.3647	14051.0000
6865.4028	14300.0000
6865.4410	14387.0000
6865.4793	14448.0000
6865.5175	14431.0000
6865.5557	14451.0000
6865.5939	14606.0000
6865.6321	14805.0000
6865.6703	15014.0000
6865.7084	15388.0000
6865.7466	15760.0000
6865.7848	15999.0000
6865.8230	16069.0000
6865.8612	16198.0000
6865.8993	16222.0000
6865.9375	16027.0000
6865.9757	15799.0000
6866.0138	15750.0000
6866.0520	15628.0000
6866.0902	15709.0000
6866.1283	15860.0000
6866.1665	15962.0000
6866.2046	16478.0000
6866.2428	17183.0000
6866.2810	17923.0000
6866.3191	18581.0000
6866.3573	19106.0000
6866.3954	19274.0000
6866.4336	18950.0000
6866.4717	18379.0000
6866.5099	17649.0000
6866.5481	16870.0000
6866.5862	16117.0000
6866.6244	15570.0000
6866.6625	15024.0000
6866.7007	14676.0000
6866.7388	14490.0000
6866.7769	14278.0000
6866.8151	14248.0000
6866.8532	14308.0000
6866.8913	14237.0000
6866.9294	14287.0000
6866.9676	14131.0000
6867.0057	14061.0000
6867.0438	14135.0000
6867.0819	14179.0000
6867.1200	14505.0000
6867.1582	14776.0000
6867.1963	15163.0000
6867.2344	15654.0000
6867.2725	15943.0000
6867.3106	16052.0000
6867.3487	16189.0000
6867.3868	16249.0000
6867.4249	15863.0000
6867.4630	15686.0000
6867.5011	15313.0000
6867.5392	14943.0000
6867.5774	14496.0000
6867.6155	14112.0000
6867.6536	13722.0000
6867.6917	12887.0000
6867.7298	11379.0000
6867.7679	9046.0000
6867.8060	6931.0000
6867.8441	6314.0000
6867.8821	7136.0000
6867.9202	8402.0000
6867.9583	9343.0000
6867.9964	9940.0000
6868.0345	10022.0000
6868.0725	9292.0000
6868.1106	8130.0000
6868.1487	7435.0000
6868.1868	8179.0000
6868.2248	10121.0000
6868.2629	12171.0000
6868.3010	13734.0000
6868.3390	14777.0000
6868.3771	14464.0000
6868.4151	13543.0000
6868.4532	12606.0000
6868.4913	12182.0000
6868.5293	11864.0000
6868.5674	11484.0000
6868.6054	10264.0000
6868.6436	8230.0000
6868.6816	6155.0000
6868.7197	4868.0000
6868.7577	4148.0000
6868.7957	3699.0000
6868.8338	4055.0000
6868.8718	5377.0000
6868.9099	7187.0000
6868.9479	8565.0000
6868.9859	8891.0000
6869.0240	8657.0000
6869.0620	7763.0000
6869.1000	6605.0000
6869.1380	5780.0000
6869.1761	6139.0000
6869.2141	7527.0000
6869.2521	9163.0000
6869.2901	10419.0000
6869.3282	11088.0000
6869.3662	11054.0000
6869.4042	9726.0000
6869.4422	7894.0000
6869.4802	6049.0000
6869.5182	5010.0000
6869.5562	5256.0000
6869.5942	5910.0000
6869.6322	6100.0000
6869.6703	5784.0000
6869.7083	6122.0000
6869.7463	7620.0000
6869.7843	9962.0000
6869.8223	12473.0000
6869.8603	14689.0000
6869.8983	15971.0000
6869.9363	16517.0000
6869.9743	16598.0000
6870.0123	16178.0000
6870.0503	15456.0000
6870.0883	14920.0000
6870.1262	14080.0000
6870.1642	13328.0000
6870.2022	12476.0000
6870.2402	11959.0000
6870.2782	11816.0000
6870.3161	11623.0000
6870.3541	10997.0000
6870.3921	9607.0000
6870.4300	7298.0000
6870.4680	5019.0000
6870.5060	3250.0000
6870.5439	2251.0000
6870.5819	2518.0000
6870.6199	4113.0000
6870.6578	6635.0000
6870.6958	9257.0000
6870.7338	11557.0000
6870.7718	13057.0000
6870.8097	14040.0000
6870.8477	14712.0000
6870.8856	15249.0000
6870.9236	15683.0000
6870.9615	15965.0000
6870.9995	15862.0000
6871.0374	15656.0000
6871.0754	15249.0000
6871.1133	14600.0000
6871.1512	13900.0000
6871.1892	13240.0000
6871.2271	12872.0000
6871.2650	12629.0000
6871.3030	12615.0000
6871.3409	12522.0000
6871.3788	12197.0000
6871.4167	11427.0000
6871.4547	9772.0000
6871.4926	7509.0000
6871.5305	5587.0000
6871.5684	5278.0000
6871.6063	6338.0000
6871.6442	8173.0000
6871.6822	9917.0000
6871.7201	10748.0000
6871.7580	10326.0000
6871.7960	8724.0000
6871.8339	6470.0000
6871.8718	4691.0000
6871.9097	4143.0000
6871.9476	5184.0000
6871.9855	7171.0000
6872.0234	9193.0000
6872.0613	10839.0000
6872.0992	11793.0000
6872.1371	12340.0000
6872.1750	12334.0000
6872.2128	12468.0000
6872.2507	12542.0000
6872.2886	12704.0000
6872.3265	13218.0000
6872.3644	14122.0000
6872.4023	14992.0000
6872.4401	15779.0000
6872.4780	16593.0000
6872.5159	17446.0000
6872.5538	18174.0000
6872.5916	18368.0000
6872.6295	17945.0000
6872.6674	17142.0000
6872.7052	15582.0000
6872.7431	12911.0000
6872.7810	9687.0000
6872.8188	6944.0000
6872.8568	5696.0000
6872.8946	6537.0000
6872.9325	9225.0000
6872.9704	12682.0000
6873.0082	15286.0000
6873.0461	16540.0000
6873.0839	16807.0000
6873.1217	16289.0000
6873.1596	15201.0000
6873.1974	14231.0000
6873.2353	13308.0000
6873.2731	11862.0000
6873.3110	10205.0000
6873.3488	8158.0000
6873.3866	5970.0000
6873.4245	4288.0000
6873.4623	4017.0000
6873.5001	5272.0000
6873.5380	7390.0000
6873.5758	9883.0000
6873.6136	12071.0000
6873.6514	14037.0000
6873.6893	15467.0000
6873.7271	16563.0000
6873.7649	17233.0000
6873.8027	17756.0000
6873.8405	18162.0000
6873.8783	18275.0000
6873.9162	18030.0000
6873.9541	17632.0000
6873.9919	17202.0000
6874.0297	16669.0000
6874.0675	15983.0000
6874.1053	14958.0000
6874.1431	13800.0000
6874.1809	12687.0000
6874.2187	11471.0000
6874.2565	9999.0000
6874.2943	8250.0000
6874.3321	6203.0000
6874.3698	4210.0000
6874.4076	3495.0000
6874.4454	4098.0000
6874.4832	5758.0000
6874.5210	7762.0000
6874.5588	9770.0000
6874.5966	11592.0000
6874.6343	13061.0000
6874.6721	14353.0000
6874.7099	15481.0000
6874.7477	16383.0000
6874.7854	16906.0000
6874.8232	17603.0000
6874.8610	17856.0000
6874.8987	18384.0000
6874.9366	18701.0000
6874.9744	18969.0000
6875.0121	19175.0000
6875.0499	18756.0000
6875.0876	17817.0000
6875.1254	15837.0000
6875.1632	12594.0000
6875.2009	8635.0000
6875.2387	5915.0000
6875.2764	4968.0000
6875.3142	5579.0000
6875.3519	7134.0000
6875.3896	9071.0000
6875.4274	10597.0000
6875.4651	11813.0000
6875.5029	12704.0000
6875.5406	13523.0000
6875.5783	14097.0000
6875.6161	14514.0000
6875.6538	14924.0000
6875.6915	15431.0000
6875.7293	15881.0000
6875.7670	16197.0000
6875.8047	16341.0000
6875.8424	16322.0000
6875.8802	16192.0000
6875.9179	15652.0000
6875.9556	15130.0000
6875.9934	14409.0000
6876.0311	13527.0000
6876.0689	12168.0000
6876.1066	9982.0000
6876.1443	7599.0000
6876.1820	5738.0000
6876.2197	5429.0000
6876.2574	6584.0000
6876.2951	8607.0000
6876.3328	10454.0000
6876.3705	12049.0000
6876.4082	12764.0000
6876.4459	12958.0000
6876.4836	12989.0000
6876.5213	12972.0000
6876.5590	12996.0000
6876.5967	13457.0000
6876.6344	13838.0000
6876.6720	14020.0000
6876.7097	14081.0000
6876.7474	14310.0000
6876.7851	14626.0000
6876.8228	14698.0000
6876.8604	14556.0000
6876.8981	14661.0000
6876.9358	15287.0000
6876.9735	15972.0000
6877.0111	16791.0000
6877.0489	17531.0000
6877.0866	17994.0000
6877.1242	17877.0000
6877.1619	16733.0000
6877.1996	14297.0000
6877.2372	10901.0000
6877.2749	7819.0000
6877.3125	6101.0000
6877.3502	6155.0000
6877.3879	7970.0000
6877.4255	10686.0000
6877.4632	13341.0000
6877.5008	14841.0000
6877.5385	15553.0000
6877.5761	15618.0000
6877.6137	15312.0000
6877.6514	14654.0000
6877.6890	14332.0000
6877.7267	14197.0000
6877.7643	14149.0000
6877.8019	14412.0000
6877.8396	14708.0000
6877.8772	14895.0000
6877.9148	15350.0000
6877.9525	15424.0000
6877.9901	15335.0000
6878.0277	15133.0000
6878.0653	14380.0000
6878.1030	13230.0000
6878.1407	11148.0000
6878.1783	8506.0000
6878.2159	6328.0000
6878.2535	5343.0000
6878.2911	5767.0000
6878.3287	7186.0000
6878.3663	9273.0000
6878.4040	10874.0000
6878.4416	12274.0000
6878.4792	13145.0000
6878.5168	14116.0000
6878.5544	14799.0000
6878.5920	15382.0000
6878.6296	15798.0000
6878.6672	16179.0000
6878.7048	16186.0000
6878.7423	15925.0000
6878.7799	15678.0000
6878.8175	15339.0000
6878.8551	15130.0000
6878.8927	15449.0000
6878.9303	15737.0000
6878.9679	16020.0000
6879.0054	16352.0000
6879.0430	16596.0000
6879.0806	16443.0000
6879.1182	16132.0000
6879.1558	15700.0000
6879.1934	15297.0000
6879.2310	14695.0000
6879.2686	14484.0000
6879.3061	14448.0000
6879.3437	14696.0000
6879.3813	14593.0000
6879.4188	14831.0000
6879.4564	15063.0000
6879.4939	14830.0000
6879.5315	13704.0000
6879.5690	11414.0000
6879.6066	8953.0000
6879.6441	7675.0000
6879.6817	8330.0000
6879.7192	10409.0000
6879.7568	12582.0000
6879.7943	14415.0000
6879.8319	15286.0000
6879.8694	15373.0000
6879.9070	15010.0000
6879.9445	14662.0000
6879.9820	14384.0000
6880.0196	14009.0000
6880.0571	13958.0000
6880.0946	14274.0000
6880.1322	14717.0000
6880.1697	15007.0000
6880.2073	15837.0000
6880.2448	16345.0000
6880.2824	16823.0000
6880.3199	17120.0000
6880.3574	17145.0000
6880.3949	16473.0000
6880.4324	14708.0000
6880.4699	12399.0000
6880.5074	10616.0000
6880.5450	10047.0000
6880.5825	10741.0000
6880.6200	12231.0000
6880.6575	13509.0000
6880.6950	14303.0000
6880.7325	14727.0000
6880.7700	14722.0000
6880.8075	14715.0000
6880.8450	14959.0000
6880.8825	15441.0000
6880.9200	15885.0000
6880.9575	16348.0000
6880.9949	16584.0000
6881.0324	16586.0000
6881.0699	16600.0000
6881.1074	16321.0000
6881.1449	16153.0000
6881.1824	15865.0000
6881.2198	15466.0000
6881.2574	15280.0000
6881.2949	15154.0000
6881.3324	15315.0000
6881.3698	15693.0000
6881.4073	16388.0000
6881.4448	16738.0000
6881.4823	16842.0000
6881.5197	17103.0000
6881.5572	16734.0000
6881.5946	16030.0000
6881.6321	15300.0000
6881.6696	14698.0000
6881.7070	14296.0000
6881.7445	14212.0000
6881.7819	14391.0000
6881.8194	14852.0000
6881.8568	15120.0000
6881.8943	15571.0000
6881.9317	15686.0000
6881.9692	15757.0000
6882.0066	15606.0000
6882.0441	15297.0000
6882.0815	15406.0000
6882.1189	15663.0000
6882.1564	16030.0000
6882.1938	16919.0000
6882.2312	17875.0000
6882.2687	18772.0000
6882.3062	19454.0000
6882.3436	19637.0000
6882.3811	15956.0000
6882.4185	15015.0000
6882.4559	13863.0000
6882.4933	12793.0000
6882.5307	12064.0000
6882.5682	11757.0000
6882.6056	11820.0000
6882.6430	12132.0000
6882.6804	12327.0000
6882.7178	12497.0000
