R_Cam.25
6177.5848	526.0000
6177.6219	888.0000
6177.6590	950.0000
6177.6961	999.0000
6177.7332	1043.0000
6177.7703	1106.0000
6177.8075	1056.0000
6177.8446	1081.0000
6177.8817	1114.0000
6177.9188	1074.0000
6177.9559	1366.0000
6177.9930	1461.0000
6178.0302	1643.0000
6178.0673	1748.0000
6178.1044	1762.0000
6178.1415	1779.0000
6178.1786	1776.0000
6178.2156	1834.0000
6178.2527	1840.0000
6178.2898	1809.0000
6178.3269	1659.0000
6178.3640	1667.0000
6178.4011	1645.0000
6178.4382	1619.0000
6178.4752	1542.0000
6178.5123	1556.0000
6178.5494	1562.0000
6178.5865	1535.0000
6178.6235	1616.0000
6178.6606	1574.0000
6178.6977	1631.0000
6178.7348	1630.0000
6178.7718	1588.0000
6178.8089	1631.0000
6178.8460	1710.0000
6178.8830	1763.0000
6178.9201	1678.0000
6178.9571	1826.0000
6178.9942	1903.0000
6179.0313	1889.0000
6179.0683	1813.0000
6179.1055	1736.0000
6179.1425	1800.0000
6179.1796	1798.0000
6179.2166	1788.0000
6179.2537	1819.0000
6179.2907	1803.0000
6179.3278	1802.0000
6179.3648	1738.0000
6179.4018	1673.0000
6179.4389	1658.0000
6179.4759	1690.0000
6179.5130	1727.0000
6179.5500	1802.0000
6179.5870	1762.0000
6179.6241	1675.0000
6179.6611	1704.0000
6179.6981	1776.0000
6179.7351	1767.0000
6179.7722	1786.0000
6179.8092	1765.0000
6179.8462	1820.0000
6179.8832	1814.0000
6179.9203	1789.0000
6179.9573	1826.0000
6179.9943	1950.0000
6180.0313	2059.0000
6180.0683	1946.0000
6180.1053	1872.0000
6180.1424	1918.0000
6180.1794	1975.0000
6180.2165	1868.0000
6180.2535	1867.0000
6180.2905	1856.0000
6180.3275	1862.0000
6180.3645	1810.0000
6180.4015	1772.0000
6180.4385	1751.0000
6180.4755	1688.0000
6180.5125	1721.0000
6180.5494	1765.0000
6180.5864	1708.0000
6180.6234	1768.0000
6180.6604	1739.0000
6180.6974	1739.0000
6180.7344	1771.0000
6180.7714	1792.0000
6180.8084	1811.0000
6180.8453	1882.0000
6180.8823	2011.0000
6180.9193	2021.0000
6180.9563	1949.0000
6180.9932	1887.0000
6181.0302	1872.0000
6181.0672	1837.0000
6181.1042	1855.0000
6181.1411	1965.0000
6181.1782	2029.0000
6181.2152	1958.0000
6181.2521	1871.0000
6181.2891	1851.0000
6181.3260	1769.0000
6181.3630	1752.0000
6181.4000	1861.0000
6181.4369	1873.0000
6181.4739	1821.0000
6181.5108	1871.0000
6181.5478	1958.0000
6181.5847	1882.0000
6181.6217	1832.0000
6181.6586	1782.0000
6181.6956	1848.0000
6181.7325	1889.0000
6181.7694	1899.0000
6181.8064	1996.0000
6181.8433	1923.0000
6181.8803	1968.0000
6181.9172	2006.0000
6181.9541	1882.0000
6181.9911	1869.0000
6182.0280	1895.0000
6182.0649	1882.0000
6182.1018	1932.0000
6182.1388	1811.0000
6182.1757	1818.0000
6182.2126	1701.0000
6182.2496	1729.0000
6182.2866	1660.0000
6182.3235	1662.0000
6182.3604	1764.0000
6182.3973	1752.0000
6182.4342	1732.0000
6182.4711	1753.0000
6182.5080	1780.0000
6182.5449	1741.0000
6182.5818	1827.0000
6182.6188	1829.0000
6182.6557	1776.0000
6182.6926	1841.0000
6182.7295	1843.0000
6182.7664	1858.0000
6182.8033	1818.0000
6182.8402	1972.0000
6182.8770	1981.0000
6182.9139	1914.0000
6182.9508	1921.0000
6182.9877	1841.0000
6183.0246	1839.0000
6183.0615	1772.0000
6183.0984	1801.0000
6183.1353	1752.0000
6183.1721	1660.0000
6183.2090	1719.0000
6183.2459	1671.0000
6183.2829	1636.0000
6183.3198	1579.0000
6183.3566	1648.0000
6183.3935	1687.0000
6183.4304	1677.0000
6183.4672	1584.0000
6183.5041	1595.0000
6183.5410	1727.0000
6183.5778	1689.0000
6183.6147	1536.0000
6183.6516	1643.0000
6183.6884	1639.0000
6183.7253	1617.0000
6183.7621	1544.0000
6183.7990	1580.0000
6183.8359	1710.0000
6183.8727	1664.0000
6183.9096	1613.0000
6183.9464	1687.0000
6183.9833	1690.0000
6184.0201	1704.0000
6184.0569	1697.0000
6184.0938	1728.0000
6184.1306	1748.0000
6184.1675	1741.0000
6184.2043	1715.0000
6184.2411	1691.0000
6184.2780	1723.0000
6184.3148	1682.0000
6184.3517	1647.0000
6184.3886	1669.0000
6184.4254	1605.0000
6184.4622	1637.0000
6184.4991	1673.0000
6184.5359	1693.0000
6184.5727	1736.0000
6184.6095	1766.0000
6184.6463	1823.0000
6184.6832	1732.0000
6184.7200	1670.0000
6184.7568	1712.0000
6184.7936	1706.0000
6184.8304	1812.0000
6184.8672	1867.0000
6184.9040	1748.0000
6184.9408	1714.0000
6184.9776	1734.0000
6185.0145	1773.0000
6185.0513	1801.0000
6185.0881	1865.0000
6185.1249	1858.0000
6185.1616	1880.0000
6185.1984	1928.0000
6185.2352	1901.0000
6185.2720	1851.0000
6185.3088	1817.0000
6185.3456	1800.0000
6185.3824	1880.0000
6185.4193	1879.0000
6185.4561	1840.0000
6185.4929	1803.0000
6185.5296	1824.0000
6185.5664	1904.0000
6185.6032	1956.0000
6185.6400	1983.0000
6185.6768	1936.0000
6185.7135	1815.0000
6185.7503	1786.0000
6185.7871	1808.0000
6185.8238	1926.0000
6185.8606	1940.0000
6185.8974	1925.0000
6185.9341	2004.0000
6185.9709	1964.0000
6186.0077	1879.0000
6186.0444	1888.0000
6186.0812	1864.0000
6186.1179	1751.0000
6186.1547	1792.0000
6186.1914	1783.0000
6186.2282	1797.0000
6186.2649	1715.0000
6186.3017	1693.0000
6186.3384	1702.0000
6186.3752	1649.0000
6186.4119	1534.0000
6186.4488	1495.0000
6186.4855	1566.0000
6186.5223	1569.0000
6186.5590	1481.0000
6186.5957	1473.0000
6186.6325	1486.0000
6186.6692	1445.0000
6186.7059	1412.0000
6186.7427	1468.0000
6186.7794	1481.0000
6186.8161	1475.0000
6186.8528	1446.0000
6186.8896	1503.0000
6186.9263	1508.0000
6186.9630	1540.0000
6186.9997	1566.0000
6187.0365	1597.0000
6187.0732	1631.0000
6187.1099	1601.0000
6187.1466	1605.0000
6187.1833	1584.0000
6187.2200	1599.0000
6187.2567	1602.0000
6187.2934	1644.0000
6187.3301	1668.0000
6187.3668	1626.0000
6187.4035	1705.0000
6187.4402	1684.0000
6187.4769	1632.0000
6187.5137	1686.0000
6187.5504	1646.0000
6187.5871	1566.0000
6187.6238	1572.0000
6187.6605	1725.0000
6187.6972	1666.0000
6187.7339	1617.0000
6187.7706	1739.0000
6187.8073	1752.0000
6187.8439	1695.0000
6187.8806	1672.0000
6187.9173	1620.0000
6187.9540	1660.0000
6187.9907	1752.0000
6188.0273	1745.0000
6188.0640	1659.0000
6188.1007	1667.0000
6188.1374	1777.0000
6188.1740	1769.0000
6188.2107	1773.0000
6188.2474	1812.0000
6188.2840	1823.0000
6188.3207	1912.0000
6188.3574	1863.0000
6188.3940	1973.0000
6188.4307	1908.0000
6188.4673	1882.0000
6188.5040	1938.0000
6188.5406	1896.0000
6188.5774	1877.0000
6188.6140	1871.0000
6188.6507	1883.0000
6188.6873	1840.0000
6188.7240	1856.0000
6188.7606	1861.0000
6188.7973	1855.0000
6188.8339	1898.0000
6188.8705	1886.0000
6188.9072	1842.0000
6188.9438	1893.0000
6188.9805	1926.0000
6189.0171	1947.0000
6189.0537	1983.0000
6189.0904	2014.0000
6189.1270	2019.0000
6189.1636	1996.0000
6189.2002	2067.0000
6189.2369	2108.0000
6189.2735	2092.0000
6189.3101	2114.0000
6189.3467	2095.0000
6189.3833	2095.0000
6189.4200	2028.0000
6189.4566	1923.0000
6189.4932	1931.0000
6189.5298	1960.0000
6189.5664	1901.0000
6189.6031	1988.0000
6189.6397	1931.0000
6189.6763	1890.0000
6189.7129	1762.0000
6189.7495	1748.0000
6189.7861	1793.0000
6189.8227	1816.0000
6189.8593	1847.0000
6189.8959	1846.0000
6189.9325	1792.0000
6189.9691	1807.0000
6190.0057	1805.0000
6190.0423	1812.0000
6190.0789	1830.0000
6190.1155	1863.0000
6190.1521	1860.0000
6190.1886	1862.0000
6190.2252	1851.0000
6190.2618	1775.0000
6190.2984	1690.0000
6190.3350	1762.0000
6190.3715	1761.0000
6190.4081	1770.0000
6190.4447	1752.0000
6190.4812	1770.0000
6190.5178	1833.0000
6190.5544	1820.0000
6190.5910	1764.0000
6190.6275	1814.0000
6190.6642	1813.0000
6190.7007	1792.0000
6190.7373	1726.0000
6190.7739	1764.0000
6190.8104	1743.0000
6190.8470	1711.0000
6190.8835	1789.0000
6190.9201	1901.0000
6190.9566	1778.0000
6190.9932	1783.0000
6191.0297	1776.0000
6191.0663	1851.0000
6191.1028	1867.0000
6191.1394	1827.0000
6191.1759	1794.0000
6191.2124	1691.0000
6191.2490	1745.0000
6191.2855	1715.0000
6191.3220	1775.0000
6191.3586	1793.0000
6191.3951	1854.0000
6191.4316	1833.0000
6191.4682	1845.0000
6191.5047	1783.0000
6191.5412	1691.0000
6191.5777	1644.0000
6191.6143	1737.0000
6191.6508	1771.0000
6191.6873	1777.0000
6191.7239	1851.0000
6191.7604	1833.0000
6191.7970	1803.0000
6191.8335	1802.0000
6191.8700	1763.0000
6191.9065	1795.0000
6191.9430	1813.0000
6191.9795	1751.0000
6192.0160	1728.0000
6192.0525	1819.0000
6192.0890	1940.0000
6192.1255	1899.0000
6192.1620	1879.0000
6192.1985	1868.0000
6192.2350	1817.0000
6192.2715	1851.0000
6192.3080	1953.0000
6192.3445	1867.0000
6192.3810	1921.0000
6192.4175	1903.0000
6192.4540	1807.0000
6192.4904	1840.0000
6192.5269	1867.0000
6192.5634	1905.0000
6192.5999	1874.0000
6192.6364	1894.0000
6192.6728	1922.0000
6192.7093	1850.0000
6192.7458	1846.0000
6192.7824	1908.0000
6192.8188	1945.0000
6192.8553	1960.0000
6192.8918	1933.0000
6192.9282	1973.0000
6192.9647	1991.0000
6193.0012	2050.0000
6193.0376	2122.0000
6193.0741	2192.0000
6193.1105	2121.0000
6193.1470	2007.0000
6193.1835	2022.0000
6193.2199	1956.0000
6193.2564	1886.0000
6193.2928	1947.0000
6193.3293	1942.0000
6193.3657	1931.0000
6193.4022	1978.0000
6193.4386	1941.0000
6193.4750	1950.0000
6193.5115	1922.0000
6193.5479	1877.0000
6193.5844	1850.0000
6193.6208	1856.0000
6193.6572	1883.0000
6193.6937	1892.0000
6193.7301	1918.0000
6193.7665	1917.0000
6193.8030	1960.0000
6193.8395	1984.0000
6193.8759	1886.0000
6193.9123	1841.0000
6193.9488	1811.0000
6193.9852	1834.0000
6194.0216	1862.0000
6194.0580	1894.0000
6194.0944	1981.0000
6194.1308	1893.0000
6194.1673	1957.0000
6194.2037	1973.0000
6194.2401	2042.0000
6194.2765	2089.0000
6194.3129	2152.0000
6194.3493	2116.0000
6194.3857	2012.0000
6194.4221	2014.0000
6194.4585	1964.0000
6194.4949	2008.0000
6194.5313	1969.0000
6194.5677	2009.0000
6194.6041	1971.0000
6194.6405	2006.0000
6194.6769	1998.0000
6194.7133	2029.0000
6194.7497	1979.0000
6194.7860	1942.0000
6194.8224	1934.0000
6194.8588	2059.0000
6194.8953	2039.0000
6194.9317	2033.0000
6194.9681	2039.0000
6195.0044	2057.0000
6195.0408	2044.0000
6195.0772	2041.0000
6195.1136	2111.0000
6195.1499	2119.0000
6195.1863	2143.0000
6195.2227	2128.0000
6195.2590	2129.0000
6195.2954	2100.0000
6195.3318	2033.0000
6195.3681	2059.0000
6195.4045	2138.0000
6195.4408	2143.0000
6195.4772	2167.0000
6195.5135	2087.0000
6195.5499	2072.0000
6195.5863	2066.0000
6195.6226	2014.0000
6195.6589	2092.0000
6195.6953	2149.0000
6195.7316	2140.0000
6195.7680	2217.0000
6195.8043	2209.0000
6195.8407	2146.0000
6195.8770	2199.0000
6195.9133	2171.0000
6195.9498	2218.0000
6195.9861	2259.0000
6196.0225	2156.0000
6196.0588	2042.0000
6196.0951	2074.0000
6196.1314	2095.0000
6196.1678	2031.0000
6196.2041	2039.0000
6196.2404	1983.0000
6196.2767	2033.0000
6196.3131	2122.0000
6196.3494	2103.0000
6196.3857	1967.0000
6196.4220	1991.0000
6196.4583	2079.0000
6196.4946	2106.0000
6196.5310	2025.0000
6196.5673	2009.0000
6196.6036	2044.0000
6196.6399	2104.0000
6196.6762	2073.0000
6196.7125	2114.0000
6196.7488	2100.0000
6196.7851	2086.0000
6196.8214	2040.0000
6196.8577	2128.0000
6196.8940	2018.0000
6196.9303	2001.0000
6196.9667	2034.0000
6197.0030	2036.0000
6197.0393	1990.0000
6197.0755	2079.0000
6197.1118	2075.0000
6197.1481	1999.0000
6197.1844	2169.0000
6197.2207	2126.0000
6197.2570	2144.0000
6197.2932	2221.0000
6197.3295	2206.0000
6197.3658	2198.0000
6197.4021	2188.0000
6197.4383	2262.0000
6197.4746	2230.0000
6197.5109	2171.0000
6197.5471	2205.0000
6197.5834	2060.0000
6197.6197	2005.0000
6197.6559	2041.0000
6197.6922	2157.0000
6197.7285	2199.0000
6197.7647	2182.0000
6197.8010	2086.0000
6197.8372	2123.0000
6197.8735	2356.0000
6197.9097	2386.0000
6197.9460	2463.0000
6197.9822	2457.0000
6198.0185	2435.0000
6198.0548	2521.0000
6198.0911	2578.0000
6198.1273	2548.0000
6198.1636	2433.0000
6198.1998	2418.0000
6198.2360	2358.0000
6198.2723	2290.0000
6198.3085	2195.0000
6198.3447	2275.0000
6198.3810	2324.0000
6198.4172	2269.0000
6198.4534	2212.0000
6198.4897	2241.0000
6198.5259	2347.0000
6198.5621	2407.0000
6198.5983	2371.0000
6198.6346	2451.0000
6198.6708	2432.0000
6198.7070	2528.0000
6198.7432	2613.0000
6198.7794	2658.0000
6198.8156	2657.0000
6198.8518	2555.0000
6198.8881	2527.0000
6198.9243	2423.0000
6198.9605	2313.0000
6198.9967	2220.0000
6199.0329	2183.0000
6199.0691	2132.0000
6199.1054	2045.0000
6199.1416	2063.0000
6199.1778	2171.0000
6199.2140	2224.0000
6199.2502	2385.0000
6199.2864	2335.0000
6199.3226	2321.0000
6199.3587	2230.0000
6199.3949	2310.0000
6199.4311	2446.0000
6199.4673	2470.0000
6199.5035	2333.0000
6199.5397	2376.0000
6199.5758	2416.0000
6199.6120	2305.0000
6199.6482	2331.0000
6199.6844	2331.0000
6199.7206	2272.0000
6199.7567	2262.0000
6199.7929	2194.0000
6199.8291	2200.0000
6199.8652	2193.0000
6199.9014	2258.0000
6199.9376	2435.0000
6199.9737	2416.0000
6200.0099	2407.0000
6200.0460	2341.0000
6200.0822	2315.0000
6200.1184	2384.0000
6200.1546	2363.0000
6200.1908	2288.0000
6200.2269	2312.0000
6200.2631	2283.0000
6200.2992	2324.0000
6200.3354	2363.0000
6200.3715	2406.0000
6200.4077	2391.0000
6200.4438	2453.0000
6200.4799	2401.0000
6200.5161	2356.0000
6200.5522	2336.0000
6200.5884	2257.0000
6200.6245	2328.0000
6200.6606	2354.0000
6200.6968	2327.0000
6200.7329	2329.0000
6200.7690	2339.0000
6200.8051	2298.0000
6200.8413	2225.0000
6200.8774	2263.0000
6200.9135	2252.0000
6200.9496	2178.0000
6200.9858	2329.0000
6201.0219	2377.0000
6201.0580	2395.0000
6201.0941	2364.0000
6201.1302	2430.0000
6201.1663	2430.0000
6201.2025	2580.0000
6201.2386	2502.0000
6201.2748	2438.0000
6201.3109	2390.0000
6201.3470	2364.0000
6201.3831	2446.0000
6201.4192	2320.0000
6201.4553	2369.0000
6201.4914	2401.0000
6201.5275	2333.0000
6201.5636	2315.0000
6201.5996	2279.0000
6201.6357	2235.0000
6201.6718	2247.0000
6201.7079	2236.0000
6201.7440	2360.0000
6201.7801	2372.0000
6201.8162	2431.0000
6201.8523	2471.0000
6201.8883	2485.0000
6201.9244	2509.0000
6201.9605	2561.0000
6201.9966	2721.0000
6202.0326	2602.0000
6202.0687	2517.0000
6202.1048	2588.0000
6202.1408	2549.0000
6202.1769	2474.0000
6202.2130	2507.0000
6202.2491	2373.0000
6202.2852	2282.0000
6202.3213	2236.0000
6202.3573	2285.0000
6202.3934	2386.0000
6202.4294	2415.0000
6202.4655	2378.0000
6202.5016	2430.0000
6202.5376	2381.0000
6202.5737	2401.0000
6202.6097	2456.0000
6202.6458	2555.0000
6202.6818	2588.0000
6202.7178	2656.0000
6202.7539	2712.0000
6202.7899	2777.0000
6202.8260	2834.0000
6202.8620	2821.0000
6202.8980	2764.0000
6202.9341	2715.0000
6202.9701	2705.0000
6203.0061	2542.0000
6203.0422	2499.0000
6203.0782	2474.0000
6203.1142	2380.0000
6203.1503	2412.0000
6203.1863	2406.0000
6203.2223	2377.0000
6203.2583	2392.0000
6203.2944	2477.0000
6203.3305	2532.0000
6203.3665	2513.0000
6203.4025	2597.0000
6203.4385	2703.0000
6203.4745	2691.0000
6203.5105	2694.0000
6203.5465	2661.0000
6203.5825	2766.0000
6203.6185	2733.0000
6203.6545	2712.0000
6203.6906	2700.0000
6203.7266	2733.0000
6203.7626	2687.0000
6203.7985	2598.0000
6203.8345	2522.0000
6203.8705	2409.0000
6203.9065	2469.0000
6203.9425	2477.0000
6203.9785	2434.0000
6204.0145	2368.0000
6204.0505	2444.0000
6204.0865	2452.0000
6204.1225	2480.0000
6204.1584	2523.0000
6204.1944	2532.0000
6204.2304	2541.0000
6204.2664	2691.0000
6204.3023	2617.0000
6204.3384	2628.0000
6204.3744	2615.0000
6204.4104	2568.0000
6204.4463	2626.0000
6204.4823	2637.0000
6204.5183	2633.0000
6204.5542	2667.0000
6204.5902	2606.0000
6204.6262	2588.0000
6204.6621	2486.0000
6204.6981	2501.0000
6204.7340	2475.0000
6204.7700	2418.0000
6204.8059	2507.0000
6204.8419	2524.0000
6204.8778	2511.0000
6204.9138	2420.0000
6204.9497	2391.0000
6204.9857	2405.0000
6205.0216	2438.0000
6205.0576	2495.0000
6205.0935	2653.0000
6205.1295	2679.0000
6205.1654	2602.0000
6205.2013	2551.0000
6205.2373	2595.0000
6205.2732	2653.0000
6205.3091	2679.0000
6205.3451	2664.0000
6205.3810	2625.0000
6205.4170	2633.0000
6205.4529	2671.0000
6205.4889	2663.0000
6205.5248	2660.0000
6205.5607	2578.0000
6205.5966	2470.0000
6205.6325	2499.0000
6205.6685	2571.0000
6205.7044	2564.0000
6205.7403	2470.0000
6205.7762	2483.0000
6205.8121	2436.0000
6205.8480	2460.0000
6205.8839	2483.0000
6205.9198	2461.0000
6205.9557	2540.0000
6205.9916	2641.0000
6206.0275	2658.0000
6206.0634	2737.0000
6206.0993	2803.0000
6206.1352	2818.0000
6206.1711	2770.0000
6206.2070	2742.0000
6206.2429	2734.0000
6206.2788	2642.0000
6206.3147	2690.0000
6206.3506	2662.0000
6206.3865	2673.0000
6206.4223	2674.0000
6206.4583	2704.0000
6206.4942	2696.0000
6206.5301	2698.0000
6206.5660	2686.0000
6206.6018	2659.0000
6206.6377	2723.0000
6206.6736	2648.0000
6206.7095	2581.0000
6206.7453	2658.0000
6206.7812	2720.0000
6206.8171	2619.0000
6206.8529	2646.0000
6206.8888	2650.0000
6206.9246	2683.0000
6206.9605	2689.0000
6206.9964	2748.0000
6207.0322	2785.0000
6207.0681	2734.0000
6207.1039	2637.0000
6207.1398	2643.0000
6207.1756	2716.0000
6207.2115	2677.0000
6207.2473	2710.0000
6207.2832	2760.0000
6207.3190	2819.0000
6207.3549	2758.0000
6207.3907	2847.0000
6207.4265	2858.0000
6207.4624	2824.0000
6207.4983	2771.0000
6207.5341	2741.0000
6207.5700	2798.0000
6207.6058	2825.0000
6207.6416	2777.0000
6207.6775	2723.0000
6207.7133	2804.0000
6207.7491	2772.0000
6207.7850	2714.0000
6207.8208	2704.0000
6207.8566	2678.0000
6207.8924	2692.0000
6207.9282	2737.0000
6207.9640	2789.0000
6207.9999	2735.0000
6208.0357	2674.0000
6208.0715	2663.0000
6208.1073	2669.0000
6208.1431	2740.0000
6208.1789	2852.0000
6208.2147	2926.0000
6208.2505	3020.0000
6208.2863	3032.0000
6208.3221	2974.0000
6208.3579	2918.0000
6208.3937	2909.0000
6208.4295	2871.0000
6208.4653	2903.0000
6208.5011	2954.0000
6208.5369	2979.0000
6208.5728	2982.0000
6208.6086	2963.0000
6208.6444	2803.0000
6208.6801	2712.0000
6208.7159	2745.0000
6208.7517	2725.0000
6208.7875	2684.0000
6208.8233	2778.0000
6208.8590	2656.0000
6208.8948	2639.0000
6208.9306	2584.0000
6208.9664	2643.0000
6209.0021	2682.0000
6209.0379	2784.0000
6209.0737	2752.0000
6209.1094	2675.0000
6209.1452	2839.0000
6209.1810	2862.0000
6209.2167	2742.0000
6209.2525	2786.0000
6209.2882	2828.0000
6209.3240	2950.0000
6209.3598	2923.0000
6209.3955	2987.0000
6209.4313	3147.0000
6209.4670	3182.0000
6209.5028	3172.0000
6209.5385	3062.0000
6209.5743	3103.0000
6209.6101	3017.0000
6209.6458	3060.0000
6209.6816	3027.0000
6209.7173	2963.0000
6209.7531	2951.0000
6209.7888	2843.0000
6209.8245	2671.0000
6209.8603	2635.0000
6209.8960	2661.0000
6209.9317	2636.0000
6209.9675	2637.0000
6210.0032	2593.0000
6210.0389	2617.0000
6210.0746	2753.0000
6210.1104	2746.0000
6210.1461	2825.0000
6210.1818	2920.0000
6210.2175	3042.0000
6210.2532	3133.0000
6210.2889	3204.0000
6210.3247	3220.0000
6210.3604	3085.0000
6210.3961	3194.0000
6210.4318	3228.0000
6210.4675	3078.0000
6210.5032	3011.0000
6210.5389	2841.0000
6210.5746	2759.0000
6210.6103	2692.0000
6210.6460	2608.0000
6210.6818	2730.0000
6210.7175	2633.0000
6210.7532	2481.0000
6210.7889	2493.0000
6210.8246	2414.0000
6210.8603	2407.0000
6210.8960	2480.0000
6210.9316	2398.0000
6210.9673	2592.0000
6211.0030	2688.0000
6211.0387	2802.0000
6211.0744	2926.0000
6211.1101	2984.0000
6211.1457	3034.0000
6211.1814	3009.0000
6211.2171	3006.0000
6211.2528	3041.0000
6211.2884	3035.0000
6211.3241	3102.0000
6211.3598	3096.0000
6211.3954	3134.0000
6211.4311	3023.0000
6211.4668	2962.0000
6211.5024	2900.0000
6211.5381	2878.0000
6211.5737	2857.0000
6211.6094	2821.0000
6211.6450	2781.0000
6211.6807	2840.0000
6211.7165	2784.0000
6211.7521	2781.0000
6211.7878	2736.0000
6211.8234	2722.0000
6211.8590	2736.0000
6211.8947	2715.0000
6211.9303	2709.0000
6211.9660	2766.0000
6212.0016	2867.0000
6212.0373	2913.0000
6212.0729	2984.0000
6212.1085	3009.0000
6212.1442	3012.0000
6212.1798	2957.0000
6212.2154	2956.0000
6212.2510	2995.0000
6212.2867	3131.0000
6212.3223	3054.0000
6212.3579	3072.0000
6212.3935	3053.0000
6212.4292	3082.0000
6212.4648	3070.0000
6212.5004	2972.0000
6212.5360	2944.0000
6212.5716	3136.0000
6212.6072	3131.0000
6212.6429	3031.0000
6212.6785	3053.0000
6212.7141	2937.0000
6212.7497	2866.0000
6212.7854	2842.0000
6212.8210	2830.0000
6212.8566	2887.0000
6212.8922	2885.0000
6212.9278	2899.0000
6212.9634	2825.0000
6212.9990	2781.0000
6213.0346	2776.0000
6213.0702	2761.0000
6213.1058	2705.0000
6213.1414	2738.0000
6213.1769	2906.0000
6213.2125	2981.0000
6213.2481	2969.0000
6213.2837	3063.0000
6213.3193	3084.0000
6213.3549	3146.0000
6213.3904	3076.0000
6213.4260	3068.0000
6213.4616	3156.0000
6213.4972	3122.0000
6213.5327	3270.0000
6213.5683	3210.0000
6213.6039	3092.0000
6213.6394	3130.0000
6213.6750	3154.0000
6213.7106	2992.0000
6213.7461	2888.0000
6213.7817	2938.0000
6213.8174	2928.0000
6213.8529	2905.0000
6213.8885	2951.0000
6213.9240	2905.0000
6213.9596	2840.0000
6213.9951	2819.0000
6214.0307	2821.0000
6214.0662	2874.0000
6214.1018	2801.0000
6214.1373	2756.0000
6214.1729	2872.0000
6214.2084	2973.0000
6214.2440	3014.0000
6214.2795	3007.0000
6214.3150	3024.0000
6214.3506	3135.0000
6214.3861	3146.0000
6214.4216	3151.0000
6214.4572	3171.0000
6214.4927	3198.0000
6214.5282	3104.0000
6214.5638	3126.0000
6214.5993	3203.0000
6214.6348	3164.0000
6214.6703	3035.0000
6214.7059	2912.0000
6214.7414	2838.0000
6214.7769	2738.0000
6214.8124	2594.0000
6214.8479	2515.0000
6214.8835	2457.0000
6214.9190	2310.0000
6214.9546	2317.0000
6214.9901	2368.0000
6215.0256	2419.0000
6215.0611	2280.0000
6215.0966	2255.0000
6215.1321	2243.0000
6215.1676	2223.0000
6215.2031	2169.0000
6215.2386	2176.0000
6215.2741	2191.0000
6215.3096	2209.0000
6215.3451	2188.0000
6215.3806	2263.0000
6215.4160	2324.0000
6215.4515	2222.0000
6215.4870	2299.0000
6215.5225	2337.0000
6215.5580	2354.0000
6215.5935	2450.0000
6215.6290	2409.0000
6215.6644	2384.0000
6215.6999	2453.0000
6215.7354	2404.0000
6215.7709	2412.0000
6215.8063	2445.0000
6215.8418	2415.0000
6215.8773	2401.0000
6215.9127	2423.0000
6215.9483	2376.0000
6215.9838	2487.0000
6216.0192	2431.0000
6216.0547	2402.0000
6216.0902	2430.0000
6216.1256	2469.0000
6216.1611	2466.0000
6216.1965	2555.0000
6216.2320	2427.0000
6216.2674	2290.0000
6216.3029	2317.0000
6216.3383	2404.0000
6216.3738	2376.0000
6216.4092	2414.0000
6216.4447	2473.0000
6216.4801	2407.0000
6216.5156	2509.0000
6216.5510	2579.0000
6216.5864	2691.0000
6216.6219	2594.0000
6216.6573	2731.0000
6216.6927	2678.0000
6216.7282	2648.0000
6216.7636	2640.0000
6216.7990	2717.0000
6216.8345	2762.0000
6216.8699	2757.0000
6216.9053	2776.0000
6216.9407	2684.0000
6216.9762	2634.0000
6217.0117	2594.0000
6217.0471	2580.0000
6217.0825	2719.0000
6217.1179	2798.0000
6217.1533	2889.0000
6217.1887	2854.0000
6217.2241	2891.0000
6217.2596	2850.0000
6217.2950	2819.0000
6217.3304	2756.0000
6217.3658	2756.0000
6217.4012	2660.0000
6217.4366	2670.0000
6217.4720	2693.0000
6217.5074	2676.0000
6217.5428	2699.0000
6217.5782	2723.0000
6217.6136	2632.0000
6217.6489	2627.0000
6217.6843	2595.0000
6217.7197	2557.0000
6217.7551	2603.0000
6217.7905	2711.0000
6217.8259	2720.0000
6217.8613	2834.0000
6217.8966	2814.0000
6217.9320	2754.0000
6217.9674	2725.0000
6218.0028	2715.0000
6218.0382	2735.0000
6218.0736	2671.0000
6218.1090	2701.0000
6218.1444	2679.0000
6218.1797	2769.0000
6218.2151	2787.0000
6218.2505	2752.0000
6218.2858	2770.0000
6218.3212	2818.0000
6218.3565	2851.0000
6218.3919	2894.0000
6218.4273	2827.0000
6218.4626	2876.0000
6218.4980	2835.0000
6218.5333	2832.0000
6218.5687	2831.0000
6218.6040	2780.0000
6218.6394	2801.0000
6218.6747	2763.0000
6218.7101	2897.0000
6218.7454	2983.0000
6218.7807	2938.0000
6218.8161	2890.0000
6218.8514	2848.0000
6218.8868	2874.0000
6218.9221	2945.0000
6218.9574	2932.0000
6218.9928	2834.0000
6219.0281	2842.0000
6219.0634	2882.0000
6219.0988	2850.0000
6219.1342	2860.0000
6219.1695	2863.0000
6219.2048	2764.0000
6219.2401	2828.0000
6219.2755	2778.0000
6219.3108	2747.0000
6219.3461	2793.0000
6219.3814	2806.0000
6219.4167	2708.0000
6219.4520	2773.0000
6219.4873	2889.0000
6219.5226	2963.0000
6219.5580	2917.0000
6219.5933	2947.0000
6219.6286	2998.0000
6219.6639	2943.0000
6219.6992	2940.0000
6219.7345	2878.0000
6219.7698	2946.0000
6219.8051	2967.0000
6219.8404	2905.0000
6219.8756	2873.0000
6219.9109	2891.0000
6219.9462	2908.0000
6219.9815	2994.0000
6220.0168	2936.0000
6220.0521	2952.0000
6220.0874	3023.0000
6220.1227	3046.0000
6220.1580	2978.0000
6220.1933	2979.0000
6220.2286	3061.0000
6220.2639	3028.0000
6220.2991	3060.0000
6220.3344	3038.0000
6220.3697	3086.0000
6220.4050	3023.0000
6220.4402	3026.0000
6220.4755	3087.0000
6220.5107	3161.0000
6220.5460	3290.0000
6220.5813	3261.0000
6220.6165	3274.0000
6220.6518	3197.0000
6220.6870	3219.0000
6220.7223	3293.0000
6220.7576	3262.0000
6220.7928	3211.0000
6220.8281	3201.0000
6220.8633	3182.0000
6220.8986	3071.0000
6220.9338	3047.0000
6220.9690	3019.0000
6221.0043	2921.0000
6221.0395	2950.0000
6221.0748	2933.0000
6221.1100	2993.0000
6221.1452	3033.0000
6221.1806	3104.0000
6221.2158	3152.0000
6221.2510	3118.0000
6221.2863	3132.0000
6221.3215	3147.0000
6221.3567	3130.0000
6221.3920	3059.0000
6221.4272	3054.0000
6221.4624	3014.0000
6221.4976	2974.0000
6221.5328	2953.0000
6221.5681	2989.0000
6221.6033	3040.0000
6221.6385	3014.0000
6221.6737	3037.0000
6221.7089	3144.0000
6221.7441	3296.0000
6221.7793	3354.0000
6221.8145	3368.0000
6221.8498	3482.0000
6221.8850	3547.0000
6221.9202	3543.0000
6221.9554	3424.0000
6221.9906	3477.0000
6222.0258	3414.0000
6222.0610	3185.0000
6222.0961	3098.0000
6222.1313	2990.0000
6222.1665	2848.0000
6222.2017	2767.0000
6222.2370	2640.0000
6222.2722	2556.0000
6222.3074	2580.0000
6222.3426	2486.0000
6222.3777	2467.0000
6222.4129	2379.0000
6222.4481	2304.0000
6222.4833	2187.0000
6222.5185	2188.0000
6222.5536	2195.0000
6222.5888	2228.0000
6222.6240	2293.0000
6222.6591	2290.0000
6222.6943	2300.0000
6222.7295	2236.0000
6222.7646	2218.0000
6222.7998	2374.0000
6222.8350	2436.0000
6222.8701	2316.0000
6222.9053	2247.0000
6222.9404	2315.0000
6222.9756	2346.0000
6223.0108	2288.0000
6223.0459	2367.0000
6223.0811	2380.0000
6223.1162	2436.0000
6223.1514	2463.0000
6223.1865	2429.0000
6223.2216	2411.0000
6223.2568	2448.0000
6223.2920	2409.0000
6223.3272	2388.0000
6223.3623	2370.0000
6223.3974	2320.0000
6223.4326	2385.0000
6223.4677	2303.0000
6223.5028	2265.0000
6223.5380	2354.0000
6223.5731	2398.0000
6223.6082	2357.0000
6223.6434	2347.0000
6223.6785	2423.0000
6223.7136	2442.0000
6223.7487	2307.0000
6223.7838	2324.0000
6223.8190	2325.0000
6223.8541	2428.0000
6223.8892	2477.0000
6223.9243	2383.0000
6223.9594	2388.0000
6223.9945	2283.0000
6224.0296	2367.0000
6224.0647	2462.0000
6224.0998	2440.0000
6224.1349	2409.0000
6224.1701	2469.0000
6224.2052	2414.0000
6224.2403	2396.0000
6224.2753	2406.0000
6224.3104	2405.0000
6224.3456	2461.0000
6224.3807	2472.0000
6224.4158	2452.0000
6224.4509	2417.0000
6224.4860	2465.0000
6224.5211	2493.0000
6224.5562	2423.0000
6224.5913	2324.0000
6224.6263	2443.0000
6224.6614	2433.0000
6224.6965	2404.0000
6224.7316	2459.0000
6224.7666	2372.0000
6224.8017	2434.0000
6224.8368	2502.0000
6224.8719	2526.0000
6224.9069	2469.0000
6224.9420	2475.0000
6224.9771	2464.0000
6225.0121	2522.0000
6225.0472	2450.0000
6225.0823	2396.0000
6225.1173	2341.0000
6225.1524	2383.0000
6225.1874	2493.0000
6225.2225	2557.0000
6225.2575	2496.0000
6225.2926	2552.0000
6225.3276	2516.0000
6225.3627	2473.0000
6225.3978	2505.0000
6225.4329	2505.0000
6225.4679	2510.0000
6225.5030	2472.0000
6225.5380	2454.0000
6225.5731	2567.0000
6225.6081	2573.0000
6225.6431	2551.0000
6225.6782	2578.0000
6225.7132	2565.0000
6225.7482	2470.0000
6225.7833	2571.0000
6225.8183	2563.0000
6225.8533	2548.0000
6225.8883	2631.0000
6225.9234	2572.0000
6225.9584	2469.0000
6225.9934	2505.0000
6226.0284	2419.0000
6226.0635	2454.0000
6226.0985	2399.0000
6226.1335	2363.0000
6226.1685	2308.0000
6226.2035	2391.0000
6226.2385	2383.0000
6226.2735	2417.0000
6226.3085	2467.0000
6226.3435	2433.0000
6226.3785	2477.0000
6226.4135	2496.0000
6226.4486	2447.0000
6226.4836	2423.0000
6226.5186	2331.0000
6226.5536	2392.0000
6226.5886	2514.0000
6226.6236	2438.0000
6226.6586	2459.0000
6226.6936	2388.0000
6226.7286	2515.0000
6226.7636	2542.0000
6226.7986	2505.0000
6226.8336	2506.0000
6226.8685	2458.0000
6226.9035	2514.0000
6226.9385	2453.0000
6226.9735	2520.0000
6227.0084	2495.0000
6227.0434	2593.0000
6227.0784	2604.0000
6227.1134	2629.0000
6227.1483	2628.0000
6227.1833	2660.0000
6227.2183	2683.0000
6227.2532	2694.0000
6227.2882	2702.0000
6227.3232	2676.0000
6227.3581	2575.0000
6227.3931	2618.0000
6227.4280	2580.0000
6227.4630	2617.0000
6227.4980	2533.0000
6227.5330	2581.0000
6227.5679	2559.0000
6227.6029	2520.0000
6227.6378	2466.0000
6227.6728	2495.0000
6227.7077	2606.0000
6227.7427	2544.0000
6227.7776	2563.0000
6227.8126	2515.0000
6227.8475	2473.0000
6227.8824	2499.0000
6227.9174	2495.0000
6227.9523	2549.0000
6227.9872	2577.0000
6228.0222	2621.0000
6228.0571	2644.0000
6228.0920	2712.0000
6228.1269	2669.0000
6228.1619	2651.0000
6228.1968	2733.0000
6228.2317	2746.0000
6228.2666	2661.0000
6228.3016	2663.0000
6228.3365	2637.0000
6228.3714	2583.0000
6228.4063	2704.0000
6228.4412	2611.0000
6228.4761	2556.0000
6228.5110	2564.0000
6228.5459	2604.0000
6228.5809	2616.0000
6228.6158	2632.0000
6228.6507	2668.0000
6228.6856	2672.0000
6228.7205	2699.0000
6228.7554	2696.0000
6228.7903	2695.0000
6228.8252	2672.0000
6228.8601	2612.0000
6228.8950	2566.0000
6228.9299	2547.0000
6228.9648	2589.0000
6228.9997	2554.0000
6229.0346	2522.0000
6229.0694	2586.0000
6229.1043	2565.0000
6229.1392	2467.0000
6229.1741	2421.0000
6229.2090	2472.0000
6229.2438	2457.0000
6229.2787	2441.0000
6229.3136	2440.0000
6229.3485	2411.0000
6229.3833	2372.0000
6229.4182	2310.0000
6229.4531	2454.0000
6229.4879	2486.0000
6229.5228	2446.0000
6229.5577	2518.0000
6229.5925	2416.0000
6229.6275	2409.0000
6229.6623	2385.0000
6229.6972	2336.0000
6229.7320	2403.0000
6229.7669	2443.0000
6229.8017	2427.0000
6229.8366	2455.0000
6229.8714	2473.0000
6229.9063	2397.0000
6229.9411	2449.0000
6229.9760	2518.0000
6230.0108	2474.0000
6230.0457	2493.0000
6230.0805	2538.0000
6230.1153	2481.0000
6230.1502	2503.0000
6230.1850	2466.0000
6230.2198	2423.0000
6230.2547	2421.0000
6230.2895	2497.0000
6230.3243	2446.0000
6230.3591	2420.0000
6230.3940	2469.0000
6230.4288	2439.0000
6230.4636	2512.0000
6230.4984	2481.0000
6230.5332	2497.0000
6230.5681	2470.0000
6230.6029	2418.0000
6230.6377	2432.0000
6230.6726	2371.0000
6230.7074	2454.0000
6230.7422	2487.0000
6230.7770	2469.0000
6230.8118	2410.0000
6230.8466	2443.0000
6230.8814	2447.0000
6230.9162	2454.0000
6230.9510	2448.0000
6230.9858	2376.0000
6231.0206	2487.0000
6231.0554	2497.0000
6231.0902	2453.0000
6231.1250	2557.0000
6231.1598	2547.0000
6231.1946	2583.0000
6231.2294	2674.0000
6231.2642	2717.0000
6231.2989	2628.0000
6231.3337	2596.0000
6231.3685	2554.0000
6231.4033	2583.0000
6231.4381	2599.0000
6231.4728	2561.0000
6231.5076	2539.0000
6231.5424	2531.0000
6231.5772	2523.0000
6231.6119	2596.0000
6231.6467	2518.0000
6231.6815	2575.0000
6231.7163	2510.0000
6231.7511	2523.0000
6231.7859	2617.0000
6231.8206	2563.0000
6231.8554	2613.0000
6231.8901	2607.0000
6231.9249	2588.0000
6231.9596	2610.0000
6231.9944	2560.0000
6232.0291	2537.0000
6232.0639	2537.0000
6232.0986	2549.0000
6232.1334	2619.0000
6232.1681	2669.0000
6232.2029	2746.0000
6232.2376	2762.0000
6232.2724	2702.0000
6232.3071	2717.0000
6232.3418	2732.0000
6232.3766	2748.0000
6232.4113	2680.0000
6232.4460	2697.0000
6232.4808	2827.0000
6232.5155	2827.0000
6232.5502	2854.0000
6232.5849	2848.0000
6232.6197	2819.0000
6232.6544	2842.0000
6232.6891	2704.0000
6232.7238	2710.0000
6232.7586	2653.0000
6232.7934	2732.0000
6232.8281	2757.0000
6232.8628	2797.0000
6232.8975	2717.0000
6232.9322	2667.0000
6232.9669	2602.0000
6233.0016	2644.0000
6233.0363	2604.0000
6233.0710	2616.0000
6233.1057	2624.0000
6233.1404	2574.0000
6233.1751	2571.0000
6233.2098	2720.0000
6233.2445	2694.0000
6233.2792	2627.0000
6233.3139	2643.0000
6233.3486	2548.0000
6233.3833	2583.0000
6233.4180	2571.0000
6233.4527	2688.0000
6233.4874	2720.0000
6233.5221	2698.0000
6233.5567	2696.0000
6233.5914	2624.0000
6233.6261	2685.0000
6233.6608	2752.0000
6233.6954	2783.0000
6233.7301	2762.0000
6233.7648	2669.0000
6233.7995	2652.0000
6233.8342	2761.0000
6233.8689	2826.0000
6233.9036	2824.0000
6233.9382	2798.0000
6233.9729	2767.0000
6234.0076	2816.0000
6234.0422	2703.0000
6234.0769	2627.0000
6234.1115	2636.0000
6234.1462	2735.0000
6234.1808	2662.0000
6234.2155	2651.0000
6234.2501	2712.0000
6234.2848	2818.0000
6234.3194	2832.0000
6234.3541	2834.0000
6234.3887	2784.0000
6234.4234	2761.0000
6234.4580	2832.0000
6234.4927	2798.0000
6234.5273	2761.0000
6234.5619	2763.0000
6234.5966	2750.0000
6234.6312	2692.0000
6234.6658	2818.0000
6234.7005	2780.0000
6234.7351	2797.0000
6234.7697	2791.0000
6234.8043	2716.0000
6234.8390	2696.0000
6234.8737	2733.0000
6234.9083	2815.0000
6234.9429	2845.0000
6234.9776	2787.0000
6235.0122	2810.0000
6235.0468	2851.0000
6235.0814	2869.0000
6235.1160	2845.0000
6235.1506	2852.0000
6235.1852	2867.0000
6235.2198	2780.0000
6235.2544	2884.0000
6235.2890	2916.0000
6235.3237	2837.0000
6235.3583	2889.0000
6235.3929	2905.0000
6235.4274	2812.0000
6235.4620	2839.0000
6235.4966	2718.0000
6235.5312	2700.0000
6235.5658	2686.0000
6235.6004	2595.0000
6235.6350	2555.0000
6235.6696	2662.0000
6235.7042	2677.0000
6235.7388	2652.0000
6235.7733	2619.0000
6235.8079	2618.0000
6235.8425	2592.0000
6235.8771	2625.0000
6235.9117	2544.0000
6235.9463	2506.0000
6235.9809	2618.0000
6236.0155	2617.0000
6236.0500	2558.0000
6236.0846	2568.0000
6236.1192	2539.0000
6236.1537	2649.0000
6236.1883	2718.0000
6236.2229	2579.0000
6236.2574	2585.0000
6236.2920	2577.0000
6236.3265	2495.0000
6236.3611	2513.0000
6236.3957	2604.0000
6236.4302	2584.0000
6236.4648	2612.0000
6236.4993	2630.0000
6236.5339	2670.0000
6236.5684	2692.0000
6236.6029	2732.0000
6236.6375	2663.0000
6236.6720	2624.0000
6236.7066	2709.0000
6236.7411	2737.0000
6236.7756	2683.0000
6236.8102	2799.0000
6236.8447	2721.0000
6236.8792	2708.0000
6236.9138	2751.0000
6236.9483	2727.0000
6236.9829	2688.0000
6237.0175	2617.0000
6237.0520	2588.0000
6237.0865	2546.0000
6237.1210	2545.0000
6237.1555	2554.0000
6237.1901	2574.0000
6237.2246	2599.0000
6237.2591	2556.0000
6237.2936	2536.0000
6237.3281	2637.0000
6237.3626	2631.0000
6237.3971	2618.0000
6237.4316	2586.0000
6237.4662	2621.0000
6237.5007	2645.0000
6237.5352	2646.0000
6237.5697	2576.0000
6237.6042	2580.0000
6237.6387	2628.0000
6237.6732	2622.0000
6237.7076	2632.0000
6237.7421	2614.0000
6237.7766	2560.0000
6237.8111	2559.0000
6237.8456	2610.0000
6237.8801	2612.0000
6237.9146	2568.0000
6237.9491	2604.0000
6237.9835	2618.0000
6238.0180	2654.0000
6238.0526	2585.0000
6238.0871	2589.0000
6238.1216	2547.0000
6238.1560	2553.0000
6238.1905	2696.0000
6238.2250	2749.0000
6238.2594	2711.0000
6238.2939	2684.0000
6238.3284	2621.0000
6238.3628	2626.0000
6238.3973	2620.0000
6238.4318	2664.0000
6238.4662	2666.0000
6238.5007	2661.0000
6238.5352	2618.0000
6238.5696	2664.0000
6238.6041	2655.0000
6238.6385	2595.0000
6238.6730	2570.0000
6238.7074	2597.0000
6238.7419	2597.0000
6238.7763	2553.0000
6238.8108	2540.0000
6238.8452	2586.0000
6238.8796	2602.0000
6238.9141	2488.0000
6238.9485	2538.0000
6238.9830	2465.0000
6239.0174	2537.0000
6239.0518	2522.0000
6239.0864	2489.0000
6239.1208	2491.0000
6239.1552	2458.0000
6239.1896	2556.0000
6239.2241	2599.0000
6239.2585	2562.0000
6239.2929	2494.0000
6239.3273	2435.0000
6239.3618	2611.0000
6239.3962	2530.0000
6239.4306	2578.0000
6239.4650	2555.0000
6239.4994	2527.0000
6239.5338	2518.0000
6239.5682	2530.0000
6239.6026	2469.0000
6239.6371	2452.0000
6239.6715	2305.0000
6239.7059	2318.0000
6239.7403	2388.0000
6239.7747	2440.0000
6239.8091	2488.0000
6239.8435	2470.0000
6239.8779	2512.0000
6239.9123	2441.0000
6239.9467	2527.0000
6239.9810	2512.0000
6240.0154	2509.0000
6240.0498	2532.0000
6240.0842	2551.0000
6240.1186	2561.0000
6240.1531	2570.0000
6240.1875	2614.0000
6240.2218	2561.0000
6240.2562	2565.0000
6240.2906	2544.0000
6240.3250	2615.0000
6240.3593	2682.0000
6240.3937	2664.0000
6240.4281	2627.0000
6240.4625	2667.0000
6240.4968	2614.0000
6240.5312	2548.0000
6240.5656	2529.0000
6240.5999	2497.0000
6240.6343	2509.0000
6240.6686	2507.0000
6240.7030	2609.0000
6240.7374	2599.0000
6240.7717	2673.0000
6240.8061	2636.0000
6240.8404	2648.0000
6240.8748	2690.0000
6240.9091	2734.0000
6240.9435	2712.0000
6240.9778	2857.0000
6241.0122	2905.0000
6241.0465	2849.0000
6241.0808	2872.0000
6241.1152	2810.0000
6241.1495	2739.0000
6241.1840	2703.0000
6241.2183	2757.0000
6241.2526	2731.0000
6241.2870	2689.0000
6241.3213	2703.0000
6241.3556	2732.0000
6241.3900	2675.0000
6241.4243	2657.0000
6241.4586	2624.0000
6241.4929	2573.0000
6241.5272	2639.0000
6241.5616	2558.0000
6241.5959	2610.0000
6241.6302	2577.0000
6241.6645	2560.0000
6241.6988	2594.0000
6241.7331	2657.0000
6241.7675	2663.0000
6241.8018	2745.0000
6241.8361	2790.0000
6241.8704	2826.0000
6241.9047	2820.0000
6241.9390	2807.0000
6241.9733	2815.0000
6242.0076	2700.0000
6242.0419	2692.0000
6242.0762	2703.0000
6242.1105	2634.0000
6242.1448	2536.0000
6242.1791	2614.0000
6242.2133	2588.0000
6242.2477	2482.0000
6242.2820	2480.0000
6242.3163	2511.0000
6242.3506	2563.0000
6242.3849	2579.0000
6242.4192	2609.0000
6242.4534	2630.0000
6242.4877	2636.0000
6242.5220	2603.0000
6242.5563	2566.0000
6242.5905	2512.0000
6242.6248	2510.0000
6242.6591	2614.0000
6242.6933	2553.0000
6242.7276	2566.0000
6242.7619	2487.0000
6242.7961	2551.0000
6242.8304	2636.0000
6242.8647	2578.0000
6242.8989	2529.0000
6242.9332	2506.0000
6242.9674	2440.0000
6243.0017	2345.0000
6243.0359	2333.0000
6243.0702	2320.0000
6243.1044	2279.0000
6243.1387	2286.0000
6243.1729	2303.0000
6243.2072	2327.0000
6243.2414	2376.0000
6243.2757	2304.0000
6243.3100	2280.0000
6243.3442	2268.0000
6243.3785	2408.0000
6243.4127	2397.0000
6243.4470	2384.0000
6243.4812	2390.0000
6243.5154	2587.0000
6243.5496	2595.0000
6243.5839	2547.0000
6243.6181	2540.0000
6243.6523	2583.0000
6243.6865	2505.0000
6243.7208	2519.0000
6243.7550	2561.0000
6243.7892	2496.0000
6243.8234	2597.0000
6243.8576	2518.0000
6243.8918	2567.0000
6243.9261	2520.0000
6243.9603	2479.0000
6243.9945	2456.0000
6244.0287	2450.0000
6244.0629	2444.0000
6244.0971	2476.0000
6244.1313	2515.0000
6244.1655	2431.0000
6244.1997	2419.0000
6244.2339	2443.0000
6244.2681	2512.0000
6244.3023	2497.0000
6244.3365	2671.0000
6244.3708	2686.0000
6244.4050	2629.0000
6244.4392	2614.0000
6244.4733	2654.0000
6244.5075	2720.0000
6244.5417	2618.0000
6244.5759	2582.0000
6244.6101	2584.0000
6244.6443	2631.0000
6244.6784	2592.0000
6244.7126	2575.0000
6244.7468	2577.0000
6244.7810	2481.0000
6244.8151	2517.0000
6244.8493	2466.0000
6244.8835	2498.0000
6244.9176	2431.0000
6244.9518	2397.0000
6244.9860	2436.0000
6245.0201	2456.0000
6245.0543	2362.0000
6245.0884	2403.0000
6245.1226	2512.0000
6245.1568	2468.0000
6245.1909	2541.0000
6245.2251	2472.0000
6245.2592	2416.0000
6245.2934	2438.0000
6245.3275	2531.0000
6245.3617	2535.0000
6245.3959	2417.0000
6245.4300	2441.0000
6245.4642	2419.0000
6245.4983	2448.0000
6245.5325	2492.0000
6245.5666	2488.0000
6245.6007	2546.0000
6245.6349	2614.0000
6245.6690	2496.0000
6245.7031	2442.0000
6245.7373	2400.0000
6245.7714	2479.0000
6245.8055	2496.0000
6245.8396	2526.0000
6245.8738	2557.0000
6245.9079	2536.0000
6245.9420	2499.0000
6245.9761	2495.0000
6246.0102	2507.0000
6246.0444	2479.0000
6246.0785	2511.0000
6246.1126	2603.0000
6246.1467	2572.0000
6246.1808	2589.0000
6246.2149	2640.0000
6246.2490	2511.0000
6246.2831	2424.0000
6246.3172	2525.0000
6246.3513	2527.0000
6246.3854	2547.0000
6246.4195	2561.0000
6246.4537	2592.0000
6246.4878	2562.0000
6246.5219	2558.0000
6246.5560	2533.0000
6246.5901	2496.0000
6246.6242	2502.0000
6246.6583	2521.0000
6246.6923	2519.0000
6246.7264	2600.0000
6246.7605	2577.0000
6246.7946	2605.0000
6246.8287	2646.0000
6246.8628	2619.0000
6246.8968	2438.0000
6246.9309	2439.0000
6246.9650	2564.0000
6246.9990	2562.0000
6247.0331	2516.0000
6247.0672	2545.0000
6247.1013	2581.0000
6247.1353	2557.0000
6247.1694	2565.0000
6247.2034	2495.0000
6247.2375	2609.0000
6247.2716	2635.0000
6247.3056	2526.0000
6247.3397	2598.0000
6247.3737	2734.0000
6247.4078	2723.0000
6247.4418	2681.0000
6247.4759	2694.0000
6247.5100	2661.0000
6247.5441	2605.0000
6247.5781	2622.0000
6247.6122	2601.0000
6247.6462	2581.0000
6247.6802	2563.0000
6247.7143	2640.0000
6247.7483	2670.0000
6247.7824	2654.0000
6247.8164	2606.0000
6247.8504	2692.0000
6247.8845	2594.0000
6247.9185	2585.0000
6247.9525	2593.0000
6247.9865	2655.0000
6248.0206	2684.0000
6248.0546	2569.0000
6248.0886	2521.0000
6248.1226	2482.0000
6248.1566	2640.0000
6248.1907	2651.0000
6248.2247	2583.0000
6248.2587	2609.0000
6248.2927	2622.0000
6248.3267	2558.0000
6248.3607	2604.0000
6248.3947	2516.0000
6248.4287	2438.0000
6248.4627	2540.0000
6248.4967	2560.0000
6248.5307	2493.0000
6248.5648	2515.0000
6248.5988	2484.0000
6248.6328	2406.0000
6248.6668	2430.0000
6248.7008	2466.0000
6248.7348	2514.0000
6248.7688	2533.0000
6248.8028	2587.0000
6248.8368	2576.0000
6248.8708	2638.0000
6248.9048	2703.0000
6248.9387	2660.0000
6248.9727	2634.0000
6249.0067	2655.0000
6249.0407	2671.0000
6249.0747	2685.0000
6249.1086	2688.0000
6249.1426	2741.0000
6249.1766	2699.0000
6249.2105	2657.0000
6249.2445	2717.0000
6249.2785	2705.0000
6249.3124	2646.0000
6249.3464	2732.0000
6249.3804	2716.0000
6249.4143	2688.0000
6249.4483	2621.0000
6249.4822	2593.0000
6249.5162	2526.0000
6249.5502	2576.0000
6249.5841	2570.0000
6249.6182	2562.0000
6249.6521	2520.0000
6249.6861	2543.0000
6249.7200	2628.0000
6249.7539	2554.0000
6249.7879	2574.0000
6249.8218	2579.0000
6249.8558	2596.0000
6249.8897	2634.0000
6249.9237	2674.0000
6249.9576	2745.0000
6249.9915	2227.0000
6250.0255	2262.0000
6250.0594	2281.0000
6250.0933	2256.0000
6250.1272	2235.0000
6250.1612	2252.0000
6250.1951	2240.0000
6250.2290	2144.0000
6250.2629	2125.0000
6250.2969	2127.0000
