R_Cam.39
7568.2107	12389.0000
7568.2562	18475.0000
7568.3018	18763.0000
7568.3474	19116.0000
7568.3929	19294.0000
7568.4385	19843.0000
7568.4840	20454.0000
7568.5296	20717.0000
7568.5751	21110.0000
7568.6207	20980.0000
7568.6662	27894.0000
7568.7119	28117.0000
7568.7574	28060.0000
7568.8029	27949.0000
7568.8485	27487.0000
7568.8940	26776.0000
7568.9396	26182.0000
7568.9851	25727.0000
7569.0306	25278.0000
7569.0761	25050.0000
7569.1217	24472.0000
7569.1672	24336.0000
7569.2127	24196.0000
7569.2582	24266.0000
7569.3038	24644.0000
7569.3493	25246.0000
7569.3948	25804.0000
7569.4403	26587.0000
7569.4858	27384.0000
7569.5313	27571.0000
7569.5769	27972.0000
7569.6224	28079.0000
7569.6679	27995.0000
7569.7134	27893.0000
7569.7590	27910.0000
7569.8045	27853.0000
7569.8500	27674.0000
7569.8955	27628.0000
7569.9410	27725.0000
7569.9865	27492.0000
7570.0320	27142.0000
7570.0774	26591.0000
7570.1229	25832.0000
7570.1684	25234.0000
7570.2139	24778.0000
7570.2594	24481.0000
7570.3049	24818.0000
7570.3504	25573.0000
7570.3958	26521.0000
7570.4413	27144.0000
7570.4868	27896.0000
7570.5323	28596.0000
7570.5777	29051.0000
7570.6232	29177.0000
7570.6687	29093.0000
7570.7141	28836.0000
7570.7596	28508.0000
7570.8051	28389.0000
7570.8506	28123.0000
7570.8961	27774.0000
7570.9415	27392.0000
7570.9870	26855.0000
7571.0324	26559.0000
7571.0779	26241.0000
7571.1233	25332.0000
7571.1688	24926.0000
7571.2142	24888.0000
7571.2597	24518.0000
7571.3051	24583.0000
7571.3505	24637.0000
7571.3960	24610.0000
7571.4414	24800.0000
7571.4869	25212.0000
7571.5323	25443.0000
7571.5777	25903.0000
7571.6232	26453.0000
7571.6686	26869.0000
7571.7140	27213.0000
7571.7594	27582.0000
7571.8049	27910.0000
7571.8504	28066.0000
7571.8958	27959.0000
7571.9412	28141.0000
7571.9866	28280.0000
7572.0320	28240.0000
7572.0774	28089.0000
7572.1229	27855.0000
7572.1683	27493.0000
7572.2137	27005.0000
7572.2591	26735.0000
7572.3045	26352.0000
7572.3499	26304.0000
7572.3953	26444.0000
7572.4407	26426.0000
7572.4861	26967.0000
7572.5315	27810.0000
7572.5769	28696.0000
7572.6222	29983.0000
7572.6676	31221.0000
7572.7130	32554.0000
7572.7584	34600.0000
7572.8038	36315.0000
7572.8492	38021.0000
7572.8945	39329.0000
7572.9400	40198.0000
7572.9854	40862.0000
7573.0308	41303.0000
7573.0761	41044.0000
7573.1215	40955.0000
7573.1669	40515.0000
7573.2122	39858.0000
7573.2576	39064.0000
7573.3030	38244.0000
7573.3483	38021.0000
7573.3937	37874.0000
7573.4391	38477.0000
7573.4844	39094.0000
7573.5298	39943.0000
7573.5751	41065.0000
7573.6205	42897.0000
7573.6658	44521.0000
7573.7112	46319.0000
7573.7565	47138.0000
7573.8018	47340.0000
7573.8472	47130.0000
7573.8925	46415.0000
7573.9379	45356.0000
7573.9833	43754.0000
7574.0286	42653.0000
7574.0740	41491.0000
7574.1193	40761.0000
7574.1646	40767.0000
7574.2100	40596.0000
7574.2553	40310.0000
7574.3006	39659.0000
7574.3459	39233.0000
7574.3912	38678.0000
7574.4366	38604.0000
7574.4819	38459.0000
7574.5272	38626.0000
7574.5725	38375.0000
7574.6178	37983.0000
7574.6631	37379.0000
7574.7084	37334.0000
7574.7537	37195.0000
7574.7990	37650.0000
7574.8443	38131.0000
7574.8896	38511.0000
7574.9349	38896.0000
7574.9802	39818.0000
7575.0256	40782.0000
7575.0709	41695.0000
7575.1162	42272.0000
7575.1615	42593.0000
7575.2068	42265.0000
7575.2521	41477.0000
7575.2974	39779.0000
7575.3426	38110.0000
7575.3879	36594.0000
7575.4332	35095.0000
7575.4785	35106.0000
7575.5237	36038.0000
7575.5690	36697.0000
7575.6143	37779.0000
7575.6596	38687.0000
7575.7048	39324.0000
7575.7501	39840.0000
7575.7954	40134.0000
7575.8406	40668.0000
7575.8859	41193.0000
7575.9311	41763.0000
7575.9764	42133.0000
7576.0217	42679.0000
7576.0670	42709.0000
7576.1123	41787.0000
7576.1575	40750.0000
7576.2028	40050.0000
7576.2480	39794.0000
7576.2932	39449.0000
7576.3385	39020.0000
7576.3837	38821.0000
7576.4290	38257.0000
7576.4742	37391.0000
7576.5194	36670.0000
7576.5647	36439.0000
7576.6099	36795.0000
7576.6551	37760.0000
7576.7004	38729.0000
7576.7456	39854.0000
7576.7908	40299.0000
7576.8360	39892.0000
7576.8812	39253.0000
7576.9265	38901.0000
7576.9717	39075.0000
7577.0169	39585.0000
7577.0621	40233.0000
7577.1073	40960.0000
7577.1526	41209.0000
7577.1978	41664.0000
7577.2430	40973.0000
7577.2882	39660.0000
7577.3334	39388.0000
7577.3786	38870.0000
7577.4238	37121.0000
7577.4690	34749.0000
7577.5142	32469.0000
7577.5594	30368.0000
7577.6046	28855.0000
7577.6498	28383.0000
7577.6950	29308.0000
7577.7402	31227.0000
7577.7854	33369.0000
7577.8306	35595.0000
7577.8757	37517.0000
7577.9209	38733.0000
7577.9661	40031.0000
7578.0113	40673.0000
7578.0564	40849.0000
7578.1016	41245.0000
7578.1468	41044.0000
7578.1920	40685.0000
7578.2372	40476.0000
7578.2824	39880.0000
7578.3275	40089.0000
7578.3727	40434.0000
7578.4179	40990.0000
7578.4630	41794.0000
7578.5082	42019.0000
7578.5533	41943.0000
7578.5985	41528.0000
7578.6436	41141.0000
7578.6888	40734.0000
7578.7339	40525.0000
7578.7791	40673.0000
7578.8242	40410.0000
7578.8693	40689.0000
7578.9145	40961.0000
7578.9596	40873.0000
7579.0048	41628.0000
7579.0499	41741.0000
7579.0950	41793.0000
7579.1401	41889.0000
7579.1853	41284.0000
7579.2305	40750.0000
7579.2756	40394.0000
7579.3207	39909.0000
7579.3659	40013.0000
7579.4110	40625.0000
7579.4561	41067.0000
7579.5012	41526.0000
7579.5463	42445.0000
7579.5914	43263.0000
7579.6366	43788.0000
7579.6817	44430.0000
7579.7268	43948.0000
7579.7719	43035.0000
7579.8170	41906.0000
7579.8621	40928.0000
7579.9072	40145.0000
7579.9523	39977.0000
7579.9974	40183.0000
7580.0425	40584.0000
7580.0876	40868.0000
7580.1326	41742.0000
7580.1777	42142.0000
7580.2228	42007.0000
7580.2679	41526.0000
7580.3131	40576.0000
7580.3582	39732.0000
7580.4032	38683.0000
7580.4483	38426.0000
7580.4934	38669.0000
7580.5385	39689.0000
7580.5835	40574.0000
7580.6286	41451.0000
7580.6737	42132.0000
7580.7187	42707.0000
7580.7638	42606.0000
7580.8089	42154.0000
7580.8539	41492.0000
7580.8990	40752.0000
7580.9440	39324.0000
7580.9891	38103.0000
7581.0342	37375.0000
7581.0792	37320.0000
7581.1243	37375.0000
7581.1693	38079.0000
7581.2143	39205.0000
7581.2594	40289.0000
7581.3044	41159.0000
7581.3496	42041.0000
7581.3946	42807.0000
7581.4396	43532.0000
7581.4847	44300.0000
7581.5297	45255.0000
7581.5747	45918.0000
7581.6198	46066.0000
7581.6648	45683.0000
7581.7098	44894.0000
7581.7549	43902.0000
7581.7999	43322.0000
7581.8449	43352.0000
7581.8899	43741.0000
7581.9349	43872.0000
7581.9799	43748.0000
7582.0250	43404.0000
7582.0700	43030.0000
7582.1150	42705.0000
7582.1600	42396.0000
7582.2050	42411.0000
7582.2500	42479.0000
7582.2950	43187.0000
7582.3400	44309.0000
7582.3851	45470.0000
7582.4301	46008.0000
7582.4751	45907.0000
7582.5201	45549.0000
7582.5651	45068.0000
7582.6101	44891.0000
7582.6550	44933.0000
7582.7000	44818.0000
7582.7450	44384.0000
7582.7900	44212.0000
7582.8350	43975.0000
7582.8800	43906.0000
7582.9249	43358.0000
7582.9699	42794.0000
7583.0149	42413.0000
7583.0599	42480.0000
7583.1048	42773.0000
7583.1498	43105.0000
7583.1948	43213.0000
7583.2397	42741.0000
7583.2847	42224.0000
7583.3296	41911.0000
7583.3746	42194.0000
7583.4196	42577.0000
7583.4646	43252.0000
7583.5096	43817.0000
7583.5545	44373.0000
7583.5995	44231.0000
7583.6444	44099.0000
7583.6894	43215.0000
7583.7343	42229.0000
7583.7792	40828.0000
7583.8242	39590.0000
7583.8691	38287.0000
7583.9141	37834.0000
7583.9590	38597.0000
7584.0039	39907.0000
7584.0489	41633.0000
7584.0938	43631.0000
7584.1387	45274.0000
7584.1836	46060.0000
7584.2286	46379.0000
7584.2735	46212.0000
7584.3184	45604.0000
7584.3633	44726.0000
7584.4082	44623.0000
7584.4531	44433.0000
7584.4982	44355.0000
7584.5431	44013.0000
7584.5880	43480.0000
7584.6329	42668.0000
7584.6778	42002.0000
7584.7227	42044.0000
7584.7676	42388.0000
7584.8125	42967.0000
7584.8574	43359.0000
7584.9023	43836.0000
7584.9472	43929.0000
7584.9921	43999.0000
7585.0370	44457.0000
7585.0819	45080.0000
7585.1267	46293.0000
7585.1716	46991.0000
7585.2165	47603.0000
7585.2614	47455.0000
7585.3063	47188.0000
7585.3511	47026.0000
7585.3960	47156.0000
7585.4409	47388.0000
7585.4858	47785.0000
7585.5306	48203.0000
7585.5756	48290.0000
7585.6205	48323.0000
7585.6653	48719.0000
7585.7102	48965.0000
7585.7551	48398.0000
7585.7999	47747.0000
7585.8448	46604.0000
7585.8896	45188.0000
7585.9345	43469.0000
7585.9793	42301.0000
7586.0242	40832.0000
7586.0690	39018.0000
7586.1139	37220.0000
7586.1587	35741.0000
7586.2036	34207.0000
7586.2484	33430.0000
7586.2932	33153.0000
7586.3381	32938.0000
7586.3829	33153.0000
7586.4278	33881.0000
7586.4726	34672.0000
7586.5174	36128.0000
7586.5622	37134.0000
7586.6072	38293.0000
7586.6520	39031.0000
7586.6968	39443.0000
7586.7416	40018.0000
7586.7865	40312.0000
7586.8313	40052.0000
7586.8761	40169.0000
7586.9209	40292.0000
7586.9657	40665.0000
7587.0105	41328.0000
7587.0553	41861.0000
7587.1001	42054.0000
7587.1449	42002.0000
7587.1897	41587.0000
7587.2345	41564.0000
7587.2793	41451.0000
7587.3241	41466.0000
7587.3689	41599.0000
7587.4137	41597.0000
7587.4585	41348.0000
7587.5033	40797.0000
7587.5481	39820.0000
7587.5929	38372.0000
7587.6377	36904.0000
7587.6825	35367.0000
7587.7273	34143.0000
7587.7721	32901.0000
7587.8169	32564.0000
7587.8616	32882.0000
7587.9064	33572.0000
7587.9512	34764.0000
7587.9960	36131.0000
7588.0407	37317.0000
7588.0855	37951.0000
7588.1303	38235.0000
7588.1750	38422.0000
7588.2198	38189.0000
7588.2645	38160.0000
7588.3093	38114.0000
7588.3540	38001.0000
7588.3988	37619.0000
7588.4435	37364.0000
7588.4883	36848.0000
7588.5330	36680.0000
7588.5778	37006.0000
7588.6225	37391.0000
7588.6673	37663.0000
7588.7121	38177.0000
7588.7568	38960.0000
7588.8016	39515.0000
7588.8463	39814.0000
7588.8910	39960.0000
7588.9358	39612.0000
7588.9805	39056.0000
7589.0252	38090.0000
7589.0700	36242.0000
7589.1147	34037.0000
7589.1594	31162.0000
7589.2041	27421.0000
7589.2488	24307.0000
7589.2936	21346.0000
7589.3383	19375.0000
7589.3830	18194.0000
7589.4277	17733.0000
7589.4724	17516.0000
7589.5171	17461.0000
7589.5618	17377.0000
7589.6065	17602.0000
7589.6512	18214.0000
7589.6959	18647.0000
7589.7406	19008.0000
7589.7854	19390.0000
7589.8301	19855.0000
7589.8748	20283.0000
7589.9195	20460.0000
7589.9642	20650.0000
7590.0088	21068.0000
7590.0535	21549.0000
7590.0982	21973.0000
7590.1429	22628.0000
7590.1876	23054.0000
7590.2322	23317.0000
7590.2769	23421.0000
7590.3216	23389.0000
7590.3663	23509.0000
7590.4109	23863.0000
7590.4556	23911.0000
7590.5003	23997.0000
7590.5449	24216.0000
7590.5896	24278.0000
7590.6343	24375.0000
7590.6789	24432.0000
7590.7236	24192.0000
7590.7682	23731.0000
7590.8130	22985.0000
7590.8576	22408.0000
7590.9023	22198.0000
7590.9469	22571.0000
7590.9916	23187.0000
7591.0362	23894.0000
7591.0808	24317.0000
7591.1255	24726.0000
7591.1701	24737.0000
7591.2148	24779.0000
7591.2594	24868.0000
7591.3040	24995.0000
7591.3487	25008.0000
7591.3933	25328.0000
7591.4379	25900.0000
7591.4825	26122.0000
7591.5272	26009.0000
7591.5718	26061.0000
7591.6164	26343.0000
7591.6610	26727.0000
7591.7056	27732.0000
7591.7502	28744.0000
7591.7949	29541.0000
7591.8395	29648.0000
7591.8842	29230.0000
7591.9288	28376.0000
7591.9734	27490.0000
7592.0180	27088.0000
7592.0626	27488.0000
7592.1072	28490.0000
7592.1518	29554.0000
7592.1964	30456.0000
7592.2410	30999.0000
7592.2856	30549.0000
7592.3301	29830.0000
7592.3747	28352.0000
7592.4193	26858.0000
7592.4639	25621.0000
7592.5085	24905.0000
7592.5531	24895.0000
7592.5976	25197.0000
7592.6422	25612.0000
7592.6868	26098.0000
7592.7314	26421.0000
7592.7759	26256.0000
7592.8205	25978.0000
7592.8651	25717.0000
7592.9097	25772.0000
7592.9543	26193.0000
7592.9989	27564.0000
7593.0434	29432.0000
7593.0880	31735.0000
7593.1325	34187.0000
7593.1771	35694.0000
7593.2216	36288.0000
7593.2662	36293.0000
7593.3107	35284.0000
7593.3553	33817.0000
7593.3998	32246.0000
7593.4444	31133.0000
7593.4889	30795.0000
7593.5335	31170.0000
7593.5780	32288.0000
7593.6225	33498.0000
7593.6671	34861.0000
7593.7116	35963.0000
7593.7561	36443.0000
7593.8006	35521.0000
7593.8452	34242.0000
7593.8897	32858.0000
7593.9342	31250.0000
7593.9788	30389.0000
7594.0234	30232.0000
7594.0679	30991.0000
7594.1124	32934.0000
7594.1569	34769.0000
7594.2014	36306.0000
7594.2459	35862.0000
7594.2904	31331.0000
7594.3349	24770.0000
7594.3794	18331.0000
7594.4239	15498.0000
7594.4684	15953.0000
7594.5129	17414.0000
7594.5574	17306.0000
7594.6019	15580.0000
7594.6464	13521.0000
7594.6909	13315.0000
7594.7354	16914.0000
7594.7799	22801.0000
7594.8244	28919.0000
7594.8689	32210.0000
7594.9133	32959.0000
7594.9578	32133.0000
7595.0023	30086.0000
7595.0469	26438.0000
7595.0913	21187.0000
7595.1358	15262.0000
7595.1803	10768.0000
7595.2248	9588.0000
7595.2692	12496.0000
7595.3137	17857.0000
7595.3581	23088.0000
7595.4026	26915.0000
7595.4471	28680.0000
7595.4915	28429.0000
7595.5360	26353.0000
7595.5804	20881.0000
7595.6249	15258.0000
7595.6693	11352.0000
7595.7138	10206.0000
7595.7582	10421.0000
7595.8027	9839.0000
7595.8471	7593.0000
7595.8916	5038.0000
7595.9360	3757.0000
7595.9804	4833.0000
7596.0249	8344.0000
7596.0694	12788.0000
7596.1138	16987.0000
7596.1583	19560.0000
7596.2027	20090.0000
7596.2471	19366.0000
7596.2915	17634.0000
7596.3360	14959.0000
7596.3804	11253.0000
7596.4248	7967.0000
7596.4692	7012.0000
7596.5136	9080.0000
7596.5580	13115.0000
7596.6024	17020.0000
7596.6468	18946.0000
7596.6913	18735.0000
7596.7357	16565.0000
7596.7801	12709.0000
7596.8245	8486.0000
7596.8689	4963.0000
7596.9133	2772.0000
7596.9577	2596.0000
7597.0020	3563.0000
7597.0464	4631.0000
7597.0908	4785.0000
7597.1353	4023.0000
7597.1797	3539.0000
7597.2241	4596.0000
7597.2685	7495.0000
7597.3128	11505.0000
7597.3572	15344.0000
7597.4016	19053.0000
7597.4460	20911.0000
7597.4903	22665.0000
7597.5347	24481.0000
7597.5791	26222.0000
7597.6235	26911.0000
7597.6678	26702.0000
7597.7122	25527.0000
7597.7565	23172.0000
7597.8009	20056.0000
7597.8453	16796.0000
7597.8896	13451.0000
7597.9340	9914.0000
7597.9783	6694.0000
7598.0227	3879.0000
7598.0670	1936.0000
7598.1114	1240.0000
7598.1557	1237.0000
7598.2002	1896.0000
7598.2445	3752.0000
7598.2888	6602.0000
7598.3332	9969.0000
7598.3775	13113.0000
7598.4218	15825.0000
7598.4662	17891.0000
7598.5105	19190.0000
7598.5548	19597.0000
7598.5992	19302.0000
7598.6435	18346.0000
7598.6878	17608.0000
7598.7321	17775.0000
7598.7764	19050.0000
7598.8208	20716.0000
7598.8651	22724.0000
7598.9094	24470.0000
7598.9537	25667.0000
7598.9980	26017.0000
7599.0423	24685.0000
7599.0866	21816.0000
7599.1309	17444.0000
7599.1752	11609.0000
7599.2196	7009.0000
7599.2639	3719.0000
7599.3082	1818.0000
7599.3525	914.0000
7599.3968	595.0000
7599.4411	535.0000
7599.4854	565.0000
7599.5297	579.0000
7599.5739	986.0000
7599.6182	2099.0000
7599.6625	4001.0000
7599.7068	6734.0000
7599.7511	9625.0000
7599.7953	12314.0000
7599.8396	14234.0000
7599.8839	15774.0000
7599.9282	17357.0000
7599.9724	19282.0000
7600.0167	21478.0000
7600.0610	22506.0000
7600.1052	22317.0000
7600.1495	21338.0000
7600.1937	20454.0000
7600.2380	19777.0000
7600.2823	19066.0000
7600.3266	17878.0000
7600.3708	16623.0000
7600.4151	15303.0000
7600.4593	14006.0000
7600.5036	12256.0000
7600.5478	9757.0000
7600.5921	6808.0000
7600.6363	4121.0000
7600.6805	2151.0000
7600.7248	1028.0000
7600.7690	618.0000
7600.8132	738.0000
7600.8575	1253.0000
7600.9017	1819.0000
7600.9459	2164.0000
7600.9902	1935.0000
7601.0344	1378.0000
7601.0786	916.0000
7601.1228	673.0000
7601.1670	495.0000
7601.2112	576.0000
7601.2555	970.0000
7601.2997	2022.0000
7601.3440	4073.0000
7601.3882	7057.0000
7601.4324	10716.0000
7601.4766	14198.0000
7601.5208	16898.0000
7601.5650	18559.0000
7601.6092	19080.0000
7601.6534	19118.0000
7601.6976	19060.0000
7601.7418	18779.0000
7601.7860	18420.0000
7601.8302	18465.0000
7601.8743	18904.0000
7601.9185	19053.0000
7601.9627	18137.0000
7602.0069	16655.0000
7602.0511	14922.0000
7602.0952	12506.0000
7602.1394	9631.0000
7602.1836	6827.0000
7602.2278	4376.0000
7602.2719	2369.0000
7602.3161	1233.0000
7602.3603	687.0000
7602.4045	475.0000
7602.4487	658.0000
7602.4929	1497.0000
7602.5370	3111.0000
7602.5812	5111.0000
7602.6253	6832.0000
7602.6695	7595.0000
7602.7136	7389.0000
7602.7578	6473.0000
7602.8019	5181.0000
7602.8461	3744.0000
7602.8902	2308.0000
7602.9343	1272.0000
7602.9785	638.0000
7603.0226	425.0000
7603.0668	444.0000
7603.1109	643.0000
7603.1550	1180.0000
7603.1992	2521.0000
7603.2433	4890.0000
7603.2874	8041.0000
7603.3315	11957.0000
7603.3757	15879.0000
7603.4198	19199.0000
7603.4640	21361.0000
7603.5081	22075.0000
7603.5522	21581.0000
7603.5963	19988.0000
7603.6404	17368.0000
7603.6846	14921.0000
7603.7287	13282.0000
7603.7728	12458.0000
7603.8169	11559.0000
7603.8610	10495.0000
7603.9051	9465.0000
7603.9492	8630.0000
7603.9933	7508.0000
7604.0374	5888.0000
7604.0814	3931.0000
7604.1255	2143.0000
7604.1696	1003.0000
7604.2137	508.0000
7604.2578	367.0000
7604.3019	480.0000
7604.3460	920.0000
7604.3900	1931.0000
7604.4341	3460.0000
7604.4782	5026.0000
7604.5224	6939.0000
7604.5664	8186.0000
7604.6105	8807.0000
7604.6546	8873.0000
7604.6986	8813.0000
7604.7427	8749.0000
7604.7868	8366.0000
7604.8308	7304.0000
7604.8749	5626.0000
7604.9189	3787.0000
7604.9630	2436.0000
7605.0070	1387.0000
7605.0511	778.0000
7605.0951	464.0000
7605.1392	351.0000
7605.1832	350.0000
7605.2273	574.0000
7605.2713	1046.0000
7605.3153	1857.0000
7605.3594	3395.0000
7605.4034	5260.0000
7605.4475	7509.0000
7605.4915	9906.0000
7605.5356	12276.0000
7605.5796	14427.0000
7605.6237	16157.0000
7605.6677	17137.0000
7605.7117	16751.0000
7605.7557	15549.0000
7605.7997	14361.0000
7605.8438	13396.0000
7605.8878	12727.0000
7605.9318	11969.0000
7605.9758	11166.0000
7606.0198	9702.0000
7606.0638	7598.0000
7606.1078	5382.0000
7606.1518	3249.0000
7606.1958	1757.0000
7606.2398	854.0000
7606.2838	474.0000
7606.3278	396.0000
7606.3718	465.0000
7606.4158	927.0000
7606.4598	1932.0000
7606.5038	3609.0000
7606.5478	6309.0000
7606.5918	9369.0000
7606.6358	12506.0000
7606.6798	15233.0000
7606.7238	17258.0000
7606.7678	18002.0000
7606.8117	16919.0000
7606.8557	14509.0000
7606.8997	11694.0000
7606.9436	9866.0000
7606.9876	9339.0000
7607.0316	9394.0000
7607.0755	8899.0000
7607.1195	7889.0000
7607.1635	6284.0000
7607.2074	4469.0000
7607.2514	2950.0000
7607.2953	1658.0000
7607.3393	887.0000
7607.3832	533.0000
7607.4272	328.0000
7607.4711	291.0000
7607.5151	425.0000
7607.5590	639.0000
7607.6029	1305.0000
7607.6470	2662.0000
7607.6909	4724.0000
7607.7348	7428.0000
7607.7788	9718.0000
7607.8227	11440.0000
7607.8666	12506.0000
7607.9106	12733.0000
7607.9545	12115.0000
7607.9984	11195.0000
7608.0423	10579.0000
7608.0862	11588.0000
7608.1302	13952.0000
7608.1741	16260.0000
7608.2180	17169.0000
7608.2619	16396.0000
7608.3058	14363.0000
7608.3497	11336.0000
7608.3936	8050.0000
7608.4375	5035.0000
7608.4814	2740.0000
7608.5253	1359.0000
7608.5692	678.0000
7608.6131	497.0000
7608.6570	489.0000
7608.7010	725.0000
7608.7449	1259.0000
7608.7888	2222.0000
7608.8327	3770.0000
7608.8766	6036.0000
7608.9204	8736.0000
7608.9643	11636.0000
7609.0082	14003.0000
7609.0521	16407.0000
7609.0959	17977.0000
7609.1398	18366.0000
7609.1837	17733.0000
7609.2276	16928.0000
7609.2714	17508.0000
7609.3153	20126.0000
7609.3592	23362.0000
7609.4030	25589.0000
7609.4469	25971.0000
7609.4907	24507.0000
7609.5346	22396.0000
7609.5784	19411.0000
7609.6223	16028.0000
7609.6661	12441.0000
7609.7100	8951.0000
7609.7539	5859.0000
7609.7978	3121.0000
7609.8416	1637.0000
7609.8855	876.0000
7609.9293	512.0000
7609.9731	378.0000
7610.0170	392.0000
7610.0608	540.0000
7610.1046	981.0000
7610.1485	1834.0000
7610.1923	3433.0000
7610.2361	5472.0000
7610.2799	7943.0000
7610.3238	10292.0000
7610.3676	11955.0000
7610.4114	13113.0000
7610.4552	14176.0000
7610.4990	14885.0000
7610.5428	15193.0000
7610.5866	15512.0000
7610.6305	15976.0000
7610.6743	15983.0000
7610.7181	14939.0000
7610.7619	13163.0000
7610.8058	11179.0000
7610.8496	9062.0000
7610.8934	6775.0000
7610.9372	4524.0000
7610.9809	2790.0000
7611.0247	1575.0000
7611.0685	892.0000
7611.1123	617.0000
7611.1561	507.0000
7611.1999	657.0000
7611.2437	1257.0000
7611.2874	2383.0000
7611.3312	4224.0000
7611.3750	6657.0000
7611.4188	9481.0000
7611.4625	12219.0000
7611.5063	14924.0000
7611.5501	18181.0000
7611.5938	20465.0000
7611.6376	21421.0000
7611.6814	21652.0000
7611.7251	21462.0000
7611.7689	21424.0000
7611.8126	20880.0000
7611.8565	20239.0000
7611.9002	20856.0000
7611.9440	23115.0000
7611.9877	26126.0000
7612.0315	28360.0000
7612.0752	29351.0000
7612.1190	29197.0000
7612.1627	27893.0000
7612.2065	26183.0000
7612.2502	24301.0000
7612.2939	22808.0000
7612.3377	21566.0000
7612.3814	19940.0000
7612.4251	17540.0000
7612.4688	14153.0000
7612.5126	10019.0000
7612.5563	6432.0000
7612.6000	3576.0000
7612.6437	1773.0000
7612.6875	916.0000
7612.7312	602.0000
7612.7749	533.0000
7612.8186	683.0000
7612.8623	1197.0000
7612.9061	2138.0000
7612.9498	3689.0000
7612.9935	6092.0000
7613.0372	9386.0000
7613.0809	13225.0000
7613.1246	16780.0000
7613.1683	19600.0000
7613.2120	21174.0000
7613.2557	21940.0000
7613.2994	22784.0000
7613.3431	23425.0000
7613.3868	23496.0000
7613.4305	22865.0000
7613.4741	21760.0000
7613.5178	20782.0000
7613.5615	19058.0000
7613.6052	16702.0000
7613.6488	13331.0000
7613.6925	9250.0000
7613.7362	5576.0000
7613.7799	2991.0000
7613.8235	1536.0000
7613.8672	1001.0000
7613.9109	1008.0000
7613.9545	1374.0000
7613.9983	2543.0000
7614.0419	5217.0000
7614.0856	9226.0000
7614.1292	14256.0000
7614.1729	19718.0000
7614.2165	24657.0000
7614.2602	28480.0000
7614.3038	30434.0000
7614.3475	30749.0000
7614.3911	30734.0000
7614.4348	30856.0000
7614.4784	31197.0000
7614.5220	30988.0000
7614.5657	30431.0000
7614.6093	29267.0000
7614.6529	28109.0000
7614.6966	27734.0000
7614.7402	29028.0000
7614.7838	31227.0000
7614.8274	33572.0000
7614.8711	35366.0000
7614.9147	35903.0000
7614.9583	34522.0000
7615.0019	32053.0000
7615.0456	28487.0000
7615.0892	25477.0000
7615.1329	23427.0000
7615.1765	22447.0000
7615.2201	22520.0000
7615.2637	23240.0000
7615.3073	24192.0000
7615.3509	25114.0000
7615.3945	25339.0000
7615.4381	24502.0000
7615.4817	21788.0000
7615.5253	17390.0000
7615.5688	11895.0000
7615.6124	6988.0000
7615.6560	3618.0000
7615.6996	1856.0000
7615.7432	1183.0000
7615.7868	1263.0000
7615.8303	2300.0000
7615.8739	4477.0000
7615.9175	7516.0000
7615.9611	11030.0000
7616.0046	14616.0000
7616.0482	18022.0000
7616.0919	20452.0000
7616.1354	21717.0000
7616.1790	22015.0000
7616.2226	21587.0000
7616.2661	21723.0000
7616.3097	22365.0000
7616.3532	23407.0000
7616.3968	24442.0000
7616.4403	25049.0000
7616.4839	25459.0000
7616.5274	24988.0000
7616.5710	23854.0000
7616.6145	21781.0000
7616.6581	18131.0000
7616.7016	13388.0000
7616.7451	8444.0000
7616.7887	4341.0000
7616.8322	2798.0000
7616.8757	3451.0000
7616.9193	6273.0000
7616.9628	10686.0000
7617.0063	16206.0000
7617.0499	21908.0000
7617.0934	26667.0000
7617.1370	30351.0000
7617.1805	32530.0000
7617.2240	33262.0000
7617.2676	33063.0000
7617.3111	31746.0000
7617.3546	30072.0000
7617.3981	28657.0000
7617.4416	28208.0000
7617.4851	29010.0000
7617.5286	30654.0000
7617.5721	33364.0000
7617.6156	36404.0000
7617.6591	38816.0000
7617.7026	40045.0000
7617.7461	40264.0000
7617.7896	39639.0000
7617.8331	38768.0000
7617.8766	37967.0000
7617.9200	38638.0000
7617.9635	40136.0000
7618.0070	42633.0000
7618.0505	45905.0000
7618.0940	48360.0000
7618.1374	50276.0000
7618.1810	51332.0000
7618.2245	51515.0000
7618.2680	50849.0000
7618.3114	49569.0000
7618.3549	48293.0000
7618.3984	46313.0000
7618.4418	44178.0000
7618.4853	41771.0000
7618.5287	38507.0000
7618.5722	35827.0000
7618.6156	33367.0000
7618.6591	32044.0000
7618.7025	32525.0000
7618.7460	34719.0000
7618.7894	38181.0000
7618.8329	42378.0000
7618.8763	46468.0000
7618.9198	49779.0000
7618.9632	51582.0000
7619.0066	52291.0000
7619.0501	51291.0000
7619.0935	49091.0000
7619.1369	46443.0000
7619.1804	43504.0000
7619.2239	41210.0000
7619.2673	39876.0000
7619.3108	39966.0000
7619.3542	41052.0000
7619.3976	43132.0000
7619.4410	45538.0000
7619.4844	47474.0000
7619.5278	48708.0000
7619.5713	48693.0000
7619.6147	47755.0000
7619.6581	46511.0000
7619.7015	45045.0000
7619.7449	43200.0000
7619.7883	40821.0000
7619.8317	38160.0000
7619.8751	35292.0000
7619.9185	33346.0000
7619.9619	32426.0000
7620.0053	32673.0000
7620.0487	34112.0000
7620.0920	36560.0000
7620.1354	39804.0000
7620.1788	43539.0000
7620.2222	47280.0000
7620.2656	50356.0000
7620.3091	50634.0000
7620.3524	48978.0000
7620.3958	46640.0000
7620.4392	44761.0000
7620.4826	44574.0000
7620.5259	44330.0000
7620.5693	43672.0000
7620.6127	42558.0000
7620.6560	40924.0000
7620.6994	39172.0000
7620.7427	38103.0000
7620.7861	38612.0000
7620.8294	40292.0000
7620.8728	41358.0000
7620.9162	41139.0000
7620.9595	39155.0000
7621.0028	36461.0000
7621.0462	32996.0000
7621.0895	30121.0000
7621.1329	27655.0000
7621.1762	25975.0000
7621.2196	25311.0000
7621.2629	25441.0000
7621.3062	25409.0000
7621.3497	24757.0000
7621.3930	22854.0000
7621.4363	19565.0000
7621.4796	14870.0000
7621.5230	9894.0000
7621.5663	5736.0000
7621.6096	3132.0000
7621.6529	1794.0000
7621.6962	1503.0000
7621.7396	2020.0000
7621.7829	3565.0000
7621.8262	6694.0000
7621.8695	11147.0000
7621.9128	16217.0000
7621.9561	21500.0000
7621.9994	24988.0000
7622.0427	27723.0000
7622.0860	30302.0000
7622.1293	32041.0000
7622.1726	33176.0000
7622.2159	34056.0000
7622.2592	34735.0000
7622.3025	35245.0000
7622.3458	35233.0000
7622.3891	33929.0000
7622.4324	31632.0000
7622.4757	29668.0000
7622.5190	29479.0000
7622.5623	31468.0000
7622.6055	35046.0000
7622.6488	39014.0000
7622.6921	43227.0000
7622.7353	46127.0000
7622.7786	46999.0000
7622.8219	45903.0000
7622.8651	43404.0000
7622.9084	40705.0000
7622.9517	39212.0000
7622.9949	39193.0000
7623.0382	39888.0000
7623.0814	41741.0000
7623.1247	43403.0000
7623.1679	44578.0000
7623.2112	45707.0000
7623.2544	46585.0000
7623.2977	46611.0000
7623.3409	45970.0000
7623.3842	44606.0000
7623.4274	41819.0000
7623.4707	37974.0000
7623.5140	33749.0000
7623.5572	29254.0000
7623.6004	24727.0000
7623.6437	20142.0000
7623.6869	15190.0000
7623.7301	11286.0000
7623.7733	7970.0000
7623.8165	5217.0000
7623.8598	3122.0000
7623.9030	1656.0000
7623.9462	1085.0000
7623.9894	989.0000
7624.0326	1459.0000
7624.0758	2812.0000
7624.1190	5434.0000
7624.1622	8806.0000
7624.2054	12393.0000
7624.2486	15748.0000
7624.2918	18659.0000
7624.3350	20775.0000
7624.3782	22084.0000
7624.4214	22912.0000
7624.4646	24108.0000
7624.5079	25283.0000
7624.5511	26420.0000
7624.5943	26846.0000
7624.6375	26738.0000
7624.6806	25422.0000
7624.7238	23447.0000
7624.7670	20830.0000
7624.8102	17862.0000
7624.8533	14939.0000
7624.8965	11899.0000
7624.9397	8886.0000
7624.9829	5968.0000
7625.0260	3610.0000
7625.0692	1983.0000
7625.1123	1111.0000
7625.1555	706.0000
7625.1987	652.0000
7625.2418	816.0000
7625.2850	1275.0000
7625.3281	2315.0000
7625.3713	4201.0000
7625.4144	8051.0000
7625.4576	12702.0000
7625.5007	17891.0000
7625.5440	22479.0000
7625.5871	25905.0000
7625.6302	28161.0000
7625.6734	29674.0000
7625.7165	30605.0000
7625.7596	31189.0000
7625.8028	30920.0000
7625.8459	30716.0000
7625.8890	30592.0000
7625.9321	29842.0000
7625.9753	28627.0000
7626.0184	27633.0000
7626.0615	27645.0000
7626.1046	28872.0000
7626.1477	30269.0000
7626.1908	30846.0000
7626.2340	31148.0000
7626.2771	31135.0000
7626.3202	31380.0000
7626.3633	31680.0000
7626.4064	31931.0000
7626.4495	31830.0000
7626.4926	31320.0000
7626.5357	29890.0000
7626.5788	28154.0000
7626.6220	27211.0000
7626.6651	26490.0000
7626.7081	26412.0000
7626.7512	27604.0000
7626.7943	29113.0000
7626.8374	30951.0000
7626.8805	32696.0000
7626.9236	34085.0000
7626.9666	35268.0000
7627.0097	35678.0000
7627.0528	35345.0000
7627.0959	34012.0000
7627.1389	31256.0000
7627.1820	28594.0000
7627.2251	26946.0000
7627.2681	26567.0000
7627.3112	25883.0000
7627.3542	24059.0000
7627.3973	20630.0000
7627.4404	16197.0000
7627.4834	11742.0000
7627.5265	7644.0000
7627.5695	4256.0000
7627.6126	2124.0000
7627.6557	1033.0000
7627.6987	556.0000
7627.7418	425.0000
7627.7848	347.0000
7627.8279	480.0000
7627.8709	862.0000
7627.9139	1458.0000
7627.9570	2480.0000
7628.0000	3785.0000
7628.0430	5192.0000
7628.0860	6373.0000
7628.1291	7560.0000
7628.1721	8505.0000
7628.2151	9293.0000
7628.2581	9947.0000
7628.3011	10305.0000
7628.3442	10406.0000
7628.3872	10492.0000
7628.4302	10266.0000
7628.4732	9745.0000
7628.5162	8993.0000
7628.5592	7904.0000
7628.6022	6475.0000
7628.6452	4977.0000
7628.6882	3440.0000
7628.7313	2105.0000
7628.7743	1135.0000
7628.8173	490.0000
7628.8603	246.0000
7628.9033	216.0000
7628.9462	238.0000
7628.9892	407.0000
7629.0322	753.0000
7629.0752	1435.0000
7629.1182	2630.0000
7629.1611	4321.0000
7629.2041	6319.0000
7629.2471	8329.0000
7629.2901	10081.0000
7629.3330	11440.0000
7629.3760	12529.0000
7629.4190	13237.0000
7629.4619	13858.0000
7629.5049	14327.0000
7629.5478	14913.0000
7629.5908	15560.0000
7629.6338	15975.0000
7629.6767	16165.0000
7629.7197	15937.0000
7629.7627	15401.0000
7629.8057	15517.0000
7629.8486	16511.0000
7629.8915	17584.0000
7629.9345	18830.0000
7629.9774	20092.0000
7630.0204	21152.0000
7630.0633	21923.0000
7630.1062	22469.0000
7630.1492	22813.0000
7630.1921	23101.0000
7630.2350	23253.0000
7630.2779	23456.0000
7630.3209	23932.0000
7630.3638	24155.0000
7630.4067	24115.0000
7630.4496	23939.0000
7630.4925	23700.0000
7630.5354	22682.0000
7630.5784	21689.0000
7630.6213	21046.0000
7630.6642	20598.0000
7630.7071	20472.0000
7630.7500	20800.0000
7630.7929	20887.0000
7630.8359	20335.0000
7630.8788	18829.0000
7630.9217	17167.0000
7630.9646	16252.0000
7631.0075	16228.0000
7631.0503	16371.0000
7631.0932	16227.0000
7631.1361	15836.0000
7631.1790	15299.0000
7631.2219	14633.0000
7631.2648	13833.0000
7631.3076	12644.0000
7631.3505	11020.0000
7631.3934	9008.0000
7631.4363	6600.0000
7631.4791	4429.0000
7631.5220	2733.0000
7631.5649	1464.0000
7631.6077	737.0000
7631.6506	456.0000
7631.6934	317.0000
7631.7363	250.0000
7631.7792	397.0000
7631.8220	766.0000
7631.8650	1710.0000
7631.9078	3117.0000
7631.9507	4907.0000
7631.9935	6946.0000
7632.0364	8989.0000
7632.0792	10795.0000
7632.1220	12218.0000
7632.1649	13234.0000
7632.2077	13721.0000
7632.2505	13724.0000
7632.2934	13166.0000
7632.3362	12415.0000
7632.3790	11423.0000
7632.4219	10370.0000
7632.4647	9094.0000
7632.5075	7474.0000
7632.5503	5955.0000
7632.5931	4353.0000
7632.6360	2869.0000
7632.6788	1628.0000
7632.7216	823.0000
7632.7644	492.0000
7632.8072	333.0000
7632.8500	279.0000
7632.8928	326.0000
7632.9357	454.0000
7632.9785	877.0000
7633.0213	1645.0000
7633.0641	2980.0000
7633.1069	4967.0000
7633.1497	7595.0000
7633.1925	10375.0000
7633.2353	12968.0000
7633.2781	15672.0000
7633.3208	18023.0000
7633.3636	19915.0000
7633.4064	22236.0000
7633.4492	23787.0000
7633.4920	24449.0000
7633.5347	24753.0000
7633.5775	24346.0000
7633.6203	23264.0000
7633.6630	21889.0000
7633.7058	20880.0000
7633.7486	20960.0000
7633.7913	22078.0000
7633.8341	23491.0000
7633.8768	24244.0000
7633.9196	24280.0000
7633.9625	23603.0000
7634.0052	22431.0000
7634.0480	21431.0000
7634.0907	20512.0000
7634.1335	19823.0000
7634.1762	19346.0000
7634.2189	19337.0000
7634.2617	19635.0000
7634.3044	20312.0000
7634.3472	20966.0000
7634.3899	21806.0000
7634.4326	22763.0000
7634.4753	23505.0000
7634.5181	24247.0000
7634.5608	24490.0000
7634.6035	24600.0000
7634.6462	24119.0000
7634.6890	23156.0000
7634.7317	21580.0000
7634.7744	19862.0000
7634.8171	17939.0000
7634.8598	16850.0000
7634.9025	17297.0000
7634.9452	18529.0000
7634.9880	20054.0000
7635.0308	21761.0000
7635.0735	23594.0000
7635.1162	24856.0000
7635.1589	25335.0000
7635.2016	25134.0000
7635.2443	23969.0000
7635.2869	22486.0000
7635.3296	20760.0000
7635.3723	19001.0000
7635.4150	17121.0000
7635.4577	15207.0000
7635.5004	12988.0000
7635.5431	10580.0000
7635.5857	8119.0000
7635.6284	5476.0000
7635.6711	3470.0000
7635.7138	1934.0000
7635.7564	1033.0000
7635.7991	592.0000
7635.8418	387.0000
7635.8844	307.0000
7635.9271	392.0000
7635.9697	729.0000
7636.0124	1540.0000
7636.0551	3008.0000
7636.0978	4767.0000
7636.1405	6722.0000
7636.1831	8481.0000
7636.2258	9869.0000
7636.2684	10971.0000
7636.3111	11987.0000
7636.3537	13088.0000
7636.3963	13947.0000
7636.4390	14594.0000
7636.4816	14699.0000
7636.5242	14122.0000
7636.5669	13209.0000
7636.6095	11961.0000
7636.6521	10453.0000
7636.6948	8613.0000
7636.7374	6535.0000
7636.7800	4522.0000
7636.8226	2833.0000
7636.8652	1510.0000
7636.9079	859.0000
7636.9505	507.0000
7636.9931	330.0000
7637.0357	305.0000
7637.0783	443.0000
7637.1210	759.0000
7637.1636	1661.0000
7637.2062	3052.0000
7637.2488	5003.0000
7637.2914	7006.0000
7637.3340	9148.0000
7637.3766	10571.0000
7637.4192	11679.0000
7637.4618	12721.0000
7637.5044	13973.0000
7637.5470	15287.0000
7637.5896	16756.0000
7637.6321	18002.0000
7637.6747	19033.0000
7637.7173	19552.0000
7637.7599	19361.0000
7637.8024	18517.0000
7637.8450	17585.0000
7637.8876	17303.0000
7637.9302	18287.0000
7637.9727	20031.0000
7638.0153	22351.0000
7638.0578	25139.0000
7638.1004	28021.0000
7638.1430	30289.0000
7638.1856	32015.0000
7638.2282	32549.0000
7638.2707	32060.0000
7638.3133	30334.0000
7638.3558	28129.0000
7638.3984	26046.0000
7638.4409	23897.0000
7638.4835	22625.0000
7638.5260	22044.0000
7638.5685	22245.0000
7638.6111	23277.0000
7638.6536	24725.0000
7638.6961	25994.0000
7638.7387	27220.0000
7638.7812	27932.0000
7638.8237	27435.0000
7638.8662	25918.0000
7638.9088	23218.0000
7638.9513	19892.0000
7638.9938	17559.0000
7639.0363	16760.0000
7639.0788	17401.0000
7639.1213	18371.0000
7639.1639	19089.0000
7639.2064	19477.0000
7639.2490	20031.0000
7639.2915	20341.0000
7639.3340	20298.0000
7639.3765	20026.0000
7639.4190	19726.0000
7639.4615	19254.0000
7639.5040	18726.0000
7639.5465	18519.0000
7639.5889	18500.0000
7639.6314	19136.0000
7639.6739	19965.0000
7639.7164	20813.0000
7639.7589	21303.0000
7639.8014	21208.0000
7639.8438	20227.0000
7639.8863	18318.0000
7639.9288	15639.0000
7639.9713	12142.0000
7640.0137	8797.0000
7640.0562	5910.0000
7640.0987	3511.0000
7640.1411	1984.0000
7640.1836	1082.0000
7640.2261	680.0000
7640.2685	487.0000
7640.3111	620.0000
7640.3535	969.0000
7640.3960	1919.0000
7640.4384	3475.0000
7640.4809	5492.0000
7640.5233	7860.0000
7640.5658	10065.0000
7640.6082	11767.0000
7640.6506	12742.0000
7640.6931	13337.0000
7640.7355	13326.0000
7640.7779	13391.0000
7640.8204	13554.0000
7640.8628	13455.0000
7640.9052	13336.0000
7640.9477	12878.0000
7640.9901	11944.0000
7641.0325	10513.0000
7641.0749	8321.0000
7641.1173	6085.0000
7641.1598	4057.0000
7641.2022	2530.0000
7641.2446	1521.0000
7641.2870	880.0000
7641.3295	624.0000
7641.3719	484.0000
7641.4143	534.0000
7641.4567	846.0000
7641.4991	1646.0000
7641.5415	3395.0000
7641.5839	6191.0000
7641.6263	10315.0000
7641.6687	15217.0000
7641.7111	19066.0000
7641.7535	21716.0000
7641.7958	23205.0000
7641.8382	23616.0000
7641.8806	22849.0000
7641.9230	21757.0000
7641.9654	20808.0000
7642.0077	19734.0000
7642.0501	19130.0000
7642.0925	18763.0000
7642.1348	18529.0000
7642.1772	18669.0000
7642.2196	19567.0000
7642.2619	21200.0000
7642.3043	22961.0000
7642.3467	24328.0000
7642.3891	25073.0000
7642.4315	24745.0000
7642.4738	24202.0000
7642.5162	23586.0000
7642.5585	23333.0000
7642.6009	23265.0000
7642.6432	23201.0000
7642.6856	22841.0000
7642.7279	22287.0000
7642.7702	21611.0000
7642.8126	20918.0000
7642.8549	20231.0000
7642.8972	20150.0000
7642.9396	20488.0000
7642.9819	21203.0000
7643.0242	22542.0000
7643.0666	24319.0000
7643.1089	26746.0000
7643.1512	29283.0000
7643.1935	31571.0000
7643.2358	32965.0000
7643.2781	32730.0000
7643.3205	32004.0000
7643.3628	31649.0000
7643.4051	31360.0000
7643.4475	30362.0000
7643.4898	28839.0000
7643.5321	27606.0000
7643.5744	26644.0000
7643.6167	26602.0000
7643.6590	27196.0000
7643.7013	28787.0000
7643.7436	31081.0000
7643.7859	33289.0000
7643.8281	34419.0000
7643.8704	34256.0000
7643.9127	32720.0000
7643.9550	30614.0000
7643.9973	28108.0000
7644.0396	25855.0000
7644.0818	23713.0000
7644.1241	22430.0000
7644.1664	21015.0000
7644.2086	19831.0000
7644.2509	18536.0000
7644.2932	17374.0000
7644.3354	16538.0000
7644.3777	15722.0000
7644.4200	15101.0000
7644.4622	14708.0000
7644.5046	14554.0000
7644.5468	14194.0000
7644.5891	12948.0000
7644.6313	10858.0000
7644.6736	8228.0000
7644.7158	5323.0000
7644.7581	3093.0000
7644.8003	1721.0000
7644.8425	1058.0000
7644.8848	810.0000
7644.9270	910.0000
7644.9693	1369.0000
7645.0115	2433.0000
7645.0537	4106.0000
7645.0959	6099.0000
7645.1382	7995.0000
7645.1804	10018.0000
7645.2226	11984.0000
7645.2648	14074.0000
7645.3070	16215.0000
7645.3493	18311.0000
7645.3915	20346.0000
7645.4337	22099.0000
7645.4759	22735.0000
7645.5181	22580.0000
7645.5604	21742.0000
7645.6026	20720.0000
7645.6448	19366.0000
7645.6870	17264.0000
7645.7292	14337.0000
7645.7714	9879.0000
7645.8136	6228.0000
7645.8558	3596.0000
7645.8980	1945.0000
7645.9402	1123.0000
7645.9823	799.0000
7646.0245	836.0000
7646.0667	1277.0000
7646.1089	2340.0000
7646.1511	3954.0000
7646.1932	6200.0000
7646.2354	9003.0000
7646.2776	12078.0000
7646.3197	15144.0000
7646.3619	18144.0000
7646.4041	20953.0000
7646.4462	23658.0000
7646.4884	25749.0000
7646.5306	26846.0000
7646.5727	27095.0000
7646.6150	26484.0000
7646.6571	24960.0000
7646.6993	22892.0000
7646.7414	20773.0000
7646.7836	19601.0000
7646.8257	19450.0000
7646.8678	20444.0000
7646.9100	21716.0000
7646.9521	23522.0000
7646.9943	25175.0000
7647.0364	26614.0000
7647.0785	27474.0000
7647.1207	28280.0000
7647.1628	28757.0000
7647.2049	29193.0000
7647.2470	29630.0000
7647.2892	30230.0000
7647.3313	30876.0000
7647.3734	31638.0000
7647.4155	32230.0000
7647.4576	32571.0000
7647.4997	32563.0000
7647.5418	32353.0000
7647.5839	31378.0000
7647.6261	29765.0000
7647.6683	27337.0000
7647.7104	24931.0000
7647.7525	22922.0000
7647.7946	20975.0000
7647.8366	19631.0000
7647.8787	19328.0000
7647.9208	20214.0000
7647.9629	21786.0000
7648.0050	23776.0000
7648.0471	25632.0000
7648.0892	27374.0000
7648.1313	28923.0000
7648.1733	29915.0000
7648.2154	30028.0000
7648.2575	29521.0000
7648.2996	28548.0000
7648.3416	27726.0000
7648.3837	26719.0000
7648.4258	25974.0000
7648.4678	24902.0000
7648.5099	23715.0000
7648.5520	22341.0000
7648.5940	21403.0000
7648.6361	21012.0000
7648.6781	21637.0000
7648.7203	23046.0000
7648.7623	25080.0000
7648.8044	27788.0000
7648.8464	30857.0000
7648.8885	33976.0000
7648.9305	37004.0000
7648.9725	39307.0000
7649.0146	41164.0000
7649.0566	41395.0000
7649.0986	40736.0000
7649.1407	39360.0000
7649.1827	37671.0000
7649.2247	35654.0000
7649.2668	32490.0000
7649.3088	28876.0000
7649.3508	24675.0000
7649.3928	20260.0000
7649.4348	15613.0000
7649.4769	11041.0000
7649.5189	7840.0000
7649.5609	5091.0000
7649.6029	3025.0000
7649.6449	1785.0000
7649.6869	1189.0000
7649.7289	1221.0000
7649.7710	1866.0000
7649.8130	3262.0000
7649.8550	5435.0000
7649.8970	8282.0000
7649.9390	11737.0000
7649.9810	15240.0000
7650.0230	19030.0000
7650.0650	22687.0000
7650.1069	25331.0000
7650.1489	27148.0000
7650.1909	28164.0000
7650.2329	28354.0000
7650.2749	27652.0000
7650.3168	26239.0000
7650.3588	24302.0000
7650.4008	21830.0000
7650.4427	19082.0000
7650.4847	15926.0000
7650.5267	12735.0000
7650.5686	9887.0000
7650.6106	7253.0000
7650.6526	4875.0000
7650.6945	3065.0000
7650.7365	1972.0000
7650.7784	1339.0000
7650.8205	1296.0000
7650.8624	2222.0000
7650.9044	4002.0000
7650.9463	6898.0000
7650.9882	10669.0000
7651.0302	14671.0000
7651.0721	18507.0000
7651.1141	22425.0000
7651.1560	25720.0000
7651.1979	28078.0000
7651.2399	29947.0000
7651.2818	31274.0000
7651.3237	31281.0000
7651.3656	30655.0000
7651.4076	29262.0000
7651.4495	27316.0000
7651.4914	25196.0000
7651.5333	23019.0000
7651.5752	21281.0000
7651.6171	19823.0000
7651.6590	18711.0000
7651.7009	18194.0000
7651.7428	18197.0000
7651.7848	18678.0000
7651.8267	19319.0000
7651.8686	20151.0000
7651.9105	21263.0000
7651.9524	22765.0000
7651.9943	24470.0000
7652.0362	26613.0000
7652.0781	29005.0000
7652.1200	31395.0000
7652.1619	33377.0000
7652.2038	34876.0000
7652.2456	35237.0000
7652.2875	35187.0000
7652.3294	34571.0000
7652.3713	33365.0000
7652.4131	31781.0000
7652.4550	29867.0000
7652.4969	27017.0000
7652.5387	24498.0000
7652.5806	22209.0000
7652.6225	20825.0000
7652.6643	20386.0000
7652.7062	21357.0000
7652.7480	22785.0000
7652.7899	24434.0000
7652.8318	26076.0000
7652.8736	27787.0000
7652.9155	28657.0000
7652.9574	29136.0000
7652.9992	28560.0000
7653.0411	27364.0000
7653.0829	26320.0000
7653.1248	25818.0000
7653.1666	25999.0000
7653.2084	27202.0000
7653.2503	29205.0000
7653.2921	31444.0000
7653.3339	33595.0000
7653.3757	35325.0000
7653.4176	35676.0000
7653.4594	34988.0000
7653.5012	33247.0000
7653.5430	30784.0000
7653.5848	27622.0000
7653.6266	24628.0000
7653.6684	22169.0000
7653.7103	20532.0000
7653.7521	20305.0000
7653.7939	20980.0000
7653.8357	22365.0000
7653.8775	23945.0000
7653.9193	25383.0000
7653.9612	26707.0000
7654.0030	27787.0000
7654.0447	28727.0000
7654.0865	29232.0000
7654.1283	28896.0000
7654.1701	28063.0000
7654.2119	26465.0000
7654.2537	24852.0000
7654.2955	23159.0000
7654.3372	21131.0000
7654.3790	19426.0000
7654.4208	17953.0000
7654.4625	16397.0000
7654.5043	14538.0000
7654.5461	12125.0000
7654.5878	9259.0000
7654.6296	6294.0000
7654.6714	3841.0000
7654.7131	2377.0000
7654.7549	1869.0000
7654.7966	2289.0000
7654.8384	3846.0000
7654.8801	6497.0000
7654.9219	9907.0000
7654.9636	13707.0000
7655.0054	17477.0000
7655.0472	21595.0000
7655.0890	25140.0000
7655.1307	27919.0000
7655.1724	30107.0000
7655.2142	31252.0000
7655.2559	31676.0000
7655.2976	31275.0000
7655.3394	30034.0000
7655.3811	28466.0000
7655.4228	26034.0000
7655.4645	23371.0000
7655.5063	20303.0000
7655.5480	17316.0000
7655.5897	14287.0000
7655.6314	11318.0000
7655.6731	8466.0000
7655.7148	5761.0000
7655.7565	3671.0000
7655.7982	2317.0000
7655.8399	1708.0000
7655.8816	2150.0000
7655.9233	3584.0000
7655.9650	5791.0000
7656.0067	8543.0000
7656.0484	11494.0000
7656.0902	14420.0000
7656.1319	17090.0000
7656.1736	19383.0000
7656.2153	21667.0000
7656.2570	23689.0000
7656.2986	25628.0000
7656.3403	27491.0000
7656.3820	29183.0000
7656.4237	30173.0000
7656.4653	30427.0000
7656.5070	29968.0000
7656.5487	29054.0000
7656.5903	27779.0000
7656.6320	26699.0000
7656.6737	25746.0000
7656.7153	25459.0000
7656.7570	25637.0000
7656.7986	25876.0000
7656.8403	26058.0000
7656.8819	25668.0000
7656.9236	24721.0000
7656.9652	23445.0000
7657.0069	22035.0000
7657.0485	21000.0000
7657.0902	20510.0000
7657.1319	20825.0000
7657.1735	18097.0000
7657.2152	19142.0000
7657.2568	20546.0000
7657.2984	22068.0000
7657.3401	23363.0000
7657.3817	24199.0000
7657.4233	24433.0000
7657.4649	23853.0000
7657.5066	23406.0000
7657.5482	22907.0000
