R_Cam.10
5161.4997	721.0000
5161.5307	1061.0000
5161.5616	1216.0000
5161.5925	1233.0000
5161.6234	1204.0000
5161.6544	1222.0000
5161.6853	1142.0000
5161.7162	1051.0000
5161.7471	1070.0000
5161.7780	1078.0000
5161.8090	1290.0000
5161.8399	1404.0000
5161.8708	1554.0000
5161.9017	1593.0000
5161.9326	1664.0000
5161.9635	1597.0000
5161.9944	1649.0000
5162.0254	1653.0000
5162.0563	1619.0000
5162.0872	1561.0000
5162.1181	1475.0000
5162.1491	1376.0000
5162.1800	1357.0000
5162.2109	1315.0000
5162.2418	1295.0000
5162.2727	1383.0000
5162.3036	1376.0000
5162.3345	1481.0000
5162.3654	1515.0000
5162.3963	1570.0000
5162.4272	1638.0000
5162.4581	1767.0000
5162.4890	1804.0000
5162.5198	1819.0000
5162.5507	1781.0000
5162.5816	1762.0000
5162.6125	1735.0000
5162.6434	1668.0000
5162.6743	1649.0000
5162.7052	1609.0000
5162.7360	1630.0000
5162.7669	1515.0000
5162.7978	1492.0000
5162.8287	1457.0000
5162.8595	1458.0000
5162.8904	1477.0000
5162.9213	1484.0000
5162.9522	1488.0000
5162.9830	1487.0000
5163.0139	1512.0000
5163.0448	1578.0000
5163.0756	1557.0000
5163.1065	1545.0000
5163.1374	1513.0000
5163.1682	1448.0000
5163.1992	1397.0000
5163.2301	1487.0000
5163.2609	1497.0000
5163.2918	1527.0000
5163.3226	1637.0000
5163.3535	1617.0000
5163.3843	1675.0000
5163.4152	1760.0000
5163.4460	1712.0000
5163.4769	1644.0000
5163.5077	1665.0000
5163.5386	1679.0000
5163.5694	1599.0000
5163.6003	1585.0000
5163.6311	1576.0000
5163.6620	1575.0000
5163.6928	1540.0000
5163.7236	1583.0000
5163.7545	1538.0000
5163.7853	1491.0000
5163.8162	1523.0000
5163.8470	1507.0000
5163.8778	1500.0000
5163.9087	1603.0000
5163.9395	1700.0000
5163.9703	1779.0000
5164.0012	1753.0000
5164.0320	1663.0000
5164.0628	1763.0000
5164.0936	1871.0000
5164.1245	1859.0000
5164.1553	1823.0000
5164.1861	1822.0000
5164.2169	1808.0000
5164.2478	1696.0000
5164.2787	1594.0000
5164.3095	1619.0000
5164.3403	1556.0000
5164.3711	1594.0000
5164.4019	1615.0000
5164.4327	1564.0000
5164.4635	1610.0000
5164.4943	1646.0000
5164.5251	1686.0000
5164.5560	1802.0000
5164.5868	1792.0000
5164.6176	1750.0000
5164.6484	1775.0000
5164.6792	1810.0000
5164.7100	1716.0000
5164.7408	1670.0000
5164.7716	1724.0000
5164.8024	1668.0000
5164.8332	1626.0000
5164.8639	1666.0000
5164.8947	1759.0000
5164.9255	1675.0000
5164.9563	1702.0000
5164.9871	1653.0000
5165.0179	1657.0000
5165.0487	1595.0000
5165.0795	1508.0000
5165.1102	1407.0000
5165.1410	1315.0000
5165.1718	1308.0000
5165.2026	1311.0000
5165.2334	1429.0000
5165.2641	1554.0000
5165.2950	1604.0000
5165.3258	1744.0000
5165.3566	1801.0000
5165.3873	1931.0000
5165.4181	1864.0000
5165.4489	1817.0000
5165.4796	1745.0000
5165.5104	1665.0000
5165.5412	1707.0000
5165.5719	1549.0000
5165.6027	1499.0000
5165.6335	1447.0000
5165.6642	1468.0000
5165.6950	1490.0000
5165.7257	1506.0000
5165.7565	1617.0000
5165.7873	1619.0000
5165.8180	1650.0000
5165.8488	1774.0000
5165.8795	1762.0000
5165.9103	1681.0000
5165.9410	1457.0000
5165.9718	1346.0000
5166.0025	1229.0000
5166.0332	967.0000
5166.0640	852.0000
5166.0947	742.0000
5166.1255	644.0000
5166.1562	455.0000
5166.1870	317.0000
5166.2177	257.0000
5166.2484	175.0000
5166.2792	164.0000
5166.3099	92.0000
5166.3407	111.0000
5166.3715	119.0000
5166.4022	89.0000
5166.4329	221.0000
5166.4636	310.0000
5166.4944	329.0000
5166.5251	386.0000
5166.5558	467.0000
5166.5865	491.0000
5166.6173	397.0000
5166.6480	365.0000
5166.6787	348.0000
5166.7094	318.0000
5166.7401	216.0000
5166.7708	183.0000
5166.8016	124.0000
5166.8323	119.0000
5166.8630	112.0000
5166.8937	86.0000
5166.9244	67.0000
5166.9551	91.0000
5166.9858	40.0000
5167.0165	14.0000
5167.0472	85.0000
5167.0779	91.0000
5167.1086	52.0000
5167.1393	104.0000
5167.1700	100.0000
5167.2007	154.0000
5167.2314	129.0000
5167.2621	114.0000
5167.2928	117.0000
5167.3235	140.0000
5167.3542	91.0000
5167.3850	48.0000
5167.4157	80.0000
5167.4463	109.0000
5167.4770	56.0000
5167.5077	74.0000
5167.5384	70.0000
5167.5691	122.0000
5167.5998	129.0000
5167.6304	154.0000
5167.6611	109.0000
5167.6918	108.0000
5167.7225	144.0000
5167.7531	75.0000
5167.7838	55.0000
5167.8145	134.0000
5167.8452	182.0000
5167.8758	140.0000
5167.9065	92.0000
5167.9372	136.0000
5167.9678	108.0000
5167.9985	128.0000
5168.0291	212.0000
5168.0598	149.0000
5168.0905	97.0000
5168.1211	185.0000
5168.1518	215.0000
5168.1824	146.0000
5168.2131	122.0000
5168.2438	139.0000
5168.2744	209.0000
5168.3051	185.0000
5168.3357	127.0000
5168.3664	160.0000
5168.3970	243.0000
5168.4276	226.0000
5168.4584	106.0000
5168.4890	135.0000
5168.5197	91.0000
5168.5503	119.0000
5168.5810	153.0000
5168.6116	224.0000
5168.6422	219.0000
5168.6729	135.0000
5168.7035	139.0000
5168.7341	140.0000
5168.7648	126.0000
5168.7954	158.0000
5168.8260	152.0000
5168.8567	170.0000
5168.8873	137.0000
5168.9179	88.0000
5168.9485	126.0000
5168.9792	64.0000
5169.0098	74.0000
5169.0404	132.0000
5169.0710	131.0000
5169.1016	188.0000
5169.1322	150.0000
5169.1629	173.0000
5169.1935	100.0000
5169.2241	80.0000
5169.2547	70.0000
5169.2853	188.0000
5169.3159	162.0000
5169.3465	182.0000
5169.3771	145.0000
5169.4077	141.0000
5169.4383	147.0000
5169.4689	185.0000
5169.4996	275.0000
5169.5302	294.0000
5169.5608	189.0000
5169.5914	224.0000
5169.6220	132.0000
5169.6526	141.0000
5169.6832	152.0000
5169.7138	180.0000
5169.7444	159.0000
5169.7750	119.0000
5169.8056	133.0000
5169.8362	208.0000
5169.8668	244.0000
5169.8973	190.0000
5169.9279	190.0000
5169.9585	193.0000
5169.9891	232.0000
5170.0197	208.0000
5170.0502	166.0000
5170.0808	166.0000
5170.1114	161.0000
5170.1420	136.0000
5170.1726	96.0000
5170.2031	117.0000
5170.2337	178.0000
5170.2643	170.0000
5170.2948	168.0000
5170.3254	218.0000
5170.3560	228.0000
5170.3865	238.0000
5170.4171	285.0000
5170.4477	236.0000
5170.4782	188.0000
5170.5088	187.0000
5170.5393	184.0000
5170.5700	209.0000
5170.6005	217.0000
5170.6311	232.0000
5170.6616	195.0000
5170.6922	245.0000
5170.7227	152.0000
5170.7533	126.0000
5170.7838	160.0000
5170.8144	279.0000
5170.8449	222.0000
5170.8755	192.0000
5170.9060	162.0000
5170.9366	176.0000
5170.9671	221.0000
5170.9976	193.0000
5171.0282	161.0000
5171.0587	194.0000
5171.0893	270.0000
5171.1198	260.0000
5171.1503	262.0000
5171.1808	222.0000
5171.2114	165.0000
5171.2419	154.0000
5171.2724	213.0000
5171.3030	191.0000
5171.3335	202.0000
5171.3640	276.0000
5171.3945	223.0000
5171.4251	182.0000
5171.4556	269.0000
5171.4861	253.0000
5171.5166	229.0000
5171.5471	183.0000
5171.5776	169.0000
5171.6082	126.0000
5171.6388	146.0000
5171.6693	97.0000
5171.6998	155.0000
5171.7303	270.0000
5171.7608	210.0000
5171.7913	128.0000
5171.8218	105.0000
5171.8523	122.0000
5171.8828	173.0000
5171.9133	212.0000
5171.9438	224.0000
5171.9743	226.0000
5172.0048	165.0000
5172.0353	140.0000
5172.0658	147.0000
5172.0963	157.0000
5172.1268	139.0000
5172.1573	155.0000
5172.1878	174.0000
5172.2182	200.0000
5172.2487	274.0000
5172.2792	263.0000
5172.3097	233.0000
5172.3402	218.0000
5172.3707	181.0000
5172.4011	223.0000
5172.4316	191.0000
5172.4621	143.0000
5172.4926	164.0000
5172.5230	148.0000
5172.5535	122.0000
5172.5840	186.0000
5172.6145	156.0000
5172.6449	144.0000
5172.6755	140.0000
5172.7060	107.0000
5172.7364	200.0000
5172.7669	131.0000
5172.7974	174.0000
5172.8278	123.0000
5172.8583	139.0000
5172.8887	157.0000
5172.9192	277.0000
5172.9497	237.0000
5172.9801	227.0000
5173.0106	267.0000
5173.0410	217.0000
5173.0715	211.0000
5173.1019	273.0000
5173.1324	295.0000
5173.1628	304.0000
5173.1933	299.0000
5173.2237	171.0000
5173.2542	189.0000
5173.2846	95.0000
5173.3150	169.0000
5173.3455	214.0000
5173.3759	181.0000
5173.4064	141.0000
5173.4368	231.0000
5173.4672	235.0000
5173.4977	246.0000
5173.5281	122.0000
5173.5585	83.0000
5173.5890	131.0000
5173.6194	148.0000
5173.6498	160.0000
5173.6802	177.0000
5173.7108	200.0000
5173.7412	139.0000
5173.7716	173.0000
5173.8020	94.0000
5173.8325	120.0000
5173.8629	185.0000
5173.8933	114.0000
5173.9237	198.0000
5173.9541	219.0000
5173.9845	189.0000
5174.0149	169.0000
5174.0454	225.0000
5174.0758	291.0000
5174.1062	311.0000
5174.1366	278.0000
5174.1670	235.0000
5174.1974	162.0000
5174.2278	231.0000
5174.2582	219.0000
5174.2886	255.0000
5174.3190	206.0000
5174.3494	243.0000
5174.3798	314.0000
5174.4102	237.0000
5174.4406	245.0000
5174.4710	329.0000
5174.5014	230.0000
5174.5318	102.0000
5174.5621	177.0000
5174.5925	240.0000
5174.6229	233.0000
5174.6533	285.0000
5174.6837	343.0000
5174.7141	313.0000
5174.7444	250.0000
5174.7749	316.0000
5174.8053	308.0000
5174.8357	291.0000
5174.8661	215.0000
5174.8964	186.0000
5174.9268	326.0000
5174.9572	274.0000
5174.9876	306.0000
5175.0179	237.0000
5175.0483	202.0000
5175.0787	211.0000
5175.1090	221.0000
5175.1394	209.0000
5175.1697	245.0000
5175.2001	271.0000
5175.2305	259.0000
5175.2608	245.0000
5175.2912	263.0000
5175.3215	327.0000
5175.3519	265.0000
5175.3823	303.0000
5175.4126	301.0000
5175.4430	246.0000
5175.4733	256.0000
5175.5037	231.0000
5175.5340	178.0000
5175.5644	256.0000
5175.5947	286.0000
5175.6250	288.0000
5175.6554	289.0000
5175.6857	258.0000
5175.7161	273.0000
5175.7464	274.0000
5175.7767	201.0000
5175.8072	209.0000
5175.8375	208.0000
5175.8679	203.0000
5175.8982	258.0000
5175.9285	236.0000
5175.9588	239.0000
5175.9892	224.0000
5176.0195	252.0000
5176.0498	282.0000
5176.0802	206.0000
5176.1105	187.0000
5176.1408	256.0000
5176.1711	250.0000
5176.2014	312.0000
5176.2318	334.0000
5176.2621	297.0000
5176.2924	228.0000
5176.3227	213.0000
5176.3530	248.0000
5176.3833	315.0000
5176.4136	326.0000
5176.4439	276.0000
5176.4743	250.0000
5176.5046	271.0000
5176.5349	201.0000
5176.5652	193.0000
5176.5955	243.0000
5176.6258	191.0000
5176.6561	224.0000
5176.6864	265.0000
5176.7167	279.0000
5176.7470	250.0000
5176.7773	246.0000
5176.8076	269.0000
5176.8379	291.0000
5176.8682	303.0000
5176.8985	338.0000
5176.9288	255.0000
5176.9591	315.0000
5176.9894	336.0000
5177.0197	310.0000
5177.0500	260.0000
5177.0802	256.0000
5177.1105	236.0000
5177.1408	394.0000
5177.1711	380.0000
5177.2014	272.0000
5177.2316	218.0000
5177.2619	230.0000
5177.2922	268.0000
5177.3225	246.0000
5177.3527	261.0000
5177.3830	252.0000
5177.4133	225.0000
5177.4435	265.0000
5177.4738	314.0000
5177.5041	296.0000
5177.5343	300.0000
5177.5646	312.0000
5177.5949	358.0000
5177.6251	299.0000
5177.6554	251.0000
5177.6856	228.0000
5177.7159	206.0000
5177.7461	217.0000
5177.7764	256.0000
5177.8066	276.0000
5177.8369	189.0000
5177.8671	213.0000
5177.8974	176.0000
5177.9277	193.0000
5177.9580	149.0000
5177.9882	142.0000
5178.0185	213.0000
5178.0487	219.0000
5178.0789	323.0000
5178.1092	300.0000
5178.1394	289.0000
5178.1697	326.0000
5178.1999	195.0000
5178.2301	233.0000
5178.2604	285.0000
5178.2906	258.0000
5178.3208	268.0000
5178.3510	255.0000
5178.3813	304.0000
5178.4115	316.0000
5178.4417	284.0000
5178.4719	242.0000
5178.5022	271.0000
5178.5324	368.0000
5178.5626	276.0000
5178.5928	194.0000
5178.6230	215.0000
5178.6533	284.0000
5178.6835	267.0000
5178.7137	173.0000
5178.7439	182.0000
5178.7741	280.0000
5178.8043	312.0000
5178.8345	245.0000
5178.8647	191.0000
5178.8949	193.0000
5178.9251	275.0000
5178.9553	319.0000
5178.9856	280.0000
5179.0158	371.0000
5179.0460	314.0000
5179.0762	312.0000
5179.1064	306.0000
5179.1366	292.0000
5179.1668	350.0000
5179.1970	347.0000
5179.2272	371.0000
5179.2574	386.0000
5179.2876	304.0000
5179.3178	265.0000
5179.3480	284.0000
5179.3781	260.0000
5179.4083	243.0000
5179.4385	220.0000
5179.4687	192.0000
5179.4989	217.0000
5179.5290	234.0000
5179.5592	268.0000
5179.5894	313.0000
5179.6196	343.0000
5179.6497	312.0000
5179.6799	286.0000
5179.7101	293.0000
5179.7403	256.0000
5179.7704	317.0000
5179.8006	336.0000
5179.8308	313.0000
5179.8609	300.0000
5179.8911	337.0000
5179.9212	300.0000
5179.9514	364.0000
5179.9816	355.0000
5180.0117	354.0000
5180.0420	353.0000
5180.0721	348.0000
5180.1023	328.0000
5180.1324	332.0000
5180.1626	318.0000
5180.1927	280.0000
5180.2229	275.0000
5180.2530	264.0000
5180.2832	269.0000
5180.3133	316.0000
5180.3435	254.0000
5180.3736	282.0000
5180.4037	311.0000
5180.4339	326.0000
5180.4640	284.0000
5180.4942	237.0000
5180.5243	292.0000
5180.5544	332.0000
5180.5846	352.0000
5180.6147	319.0000
5180.6448	387.0000
5180.6750	397.0000
5180.7051	347.0000
5180.7352	342.0000
5180.7653	358.0000
5180.7955	331.0000
5180.8256	335.0000
5180.8557	332.0000
5180.8858	325.0000
5180.9159	315.0000
5180.9461	295.0000
5180.9762	284.0000
5181.0063	358.0000
5181.0364	308.0000
5181.0665	290.0000
5181.0967	291.0000
5181.1268	297.0000
5181.1569	304.0000
5181.1870	277.0000
5181.2172	279.0000
5181.2473	256.0000
5181.2774	295.0000
5181.3075	212.0000
5181.3376	275.0000
5181.3677	327.0000
5181.3978	364.0000
5181.4279	295.0000
5181.4580	311.0000
5181.4880	367.0000
5181.5181	325.0000
5181.5482	412.0000
5181.5783	413.0000
5181.6084	313.0000
5181.6385	412.0000
5181.6686	404.0000
5181.6987	358.0000
5181.7288	449.0000
5181.7588	433.0000
5181.7889	380.0000
5181.8190	312.0000
5181.8491	259.0000
5181.8792	265.0000
5181.9092	295.0000
5181.9393	224.0000
5181.9694	287.0000
5181.9994	315.0000
5182.0295	346.0000
5182.0596	294.0000
5182.0897	309.0000
5182.1197	383.0000
5182.1499	332.0000
5182.1800	295.0000
5182.2100	251.0000
5182.2401	276.0000
5182.2701	367.0000
5182.3002	333.0000
5182.3303	407.0000
5182.3603	450.0000
5182.3904	408.0000
5182.4204	458.0000
5182.4505	493.0000
5182.4805	521.0000
5182.5106	491.0000
5182.5406	486.0000
5182.5707	501.0000
5182.6007	497.0000
5182.6308	442.0000
5182.6608	455.0000
5182.6909	458.0000
5182.7209	419.0000
5182.7509	430.0000
5182.7810	409.0000
5182.8110	266.0000
5182.8410	229.0000
5182.8711	238.0000
5182.9011	218.0000
5182.9311	242.0000
5182.9612	258.0000
5182.9912	278.0000
5183.0212	321.0000
5183.0513	284.0000
5183.0813	288.0000
5183.1113	307.0000
5183.1413	294.0000
5183.1714	251.0000
5183.2015	410.0000
5183.2315	456.0000
5183.2615	450.0000
5183.2915	538.0000
5183.3215	527.0000
5183.3516	469.0000
5183.3816	427.0000
5183.4116	438.0000
5183.4416	381.0000
5183.4716	376.0000
5183.5016	353.0000
5183.5316	256.0000
5183.5616	253.0000
5183.5916	227.0000
5183.6216	222.0000
5183.6516	218.0000
5183.6816	249.0000
5183.7116	209.0000
5183.7416	259.0000
5183.7716	337.0000
5183.8016	298.0000
5183.8316	181.0000
5183.8616	195.0000
5183.8916	204.0000
5183.9216	206.0000
5183.9516	274.0000
5183.9815	419.0000
5184.0115	399.0000
5184.0415	337.0000
5184.0715	403.0000
5184.1015	484.0000
5184.1315	456.0000
5184.1614	493.0000
5184.1914	470.0000
5184.2214	522.0000
5184.2515	555.0000
5184.2814	486.0000
5184.3114	510.0000
5184.3414	420.0000
5184.3714	374.0000
5184.4013	406.0000
5184.4313	389.0000
5184.4613	375.0000
5184.4912	295.0000
5184.5212	280.0000
5184.5512	242.0000
5184.5811	235.0000
5184.6111	248.0000
5184.6410	272.0000
5184.6710	276.0000
5184.7009	336.0000
5184.7309	330.0000
5184.7608	293.0000
5184.7908	211.0000
5184.8208	198.0000
5184.8507	225.0000
5184.8806	330.0000
5184.9106	354.0000
5184.9405	346.0000
5184.9705	366.0000
5185.0004	441.0000
5185.0304	441.0000
5185.0603	531.0000
5185.0902	469.0000
5185.1202	528.0000
5185.1501	490.0000
5185.1801	424.0000
5185.2100	555.0000
5185.2399	471.0000
5185.2699	439.0000
5185.2999	424.0000
5185.3298	463.0000
5185.3597	457.0000
5185.3897	449.0000
5185.4196	373.0000
5185.4495	363.0000
5185.4794	380.0000
5185.5094	367.0000
5185.5393	322.0000
5185.5692	291.0000
5185.5991	327.0000
5185.6290	329.0000
5185.6589	352.0000
5185.6888	266.0000
5185.7188	264.0000
5185.7487	309.0000
5185.7786	291.0000
5185.8085	339.0000
5185.8384	353.0000
5185.8683	281.0000
5185.8982	376.0000
5185.9281	389.0000
5185.9580	442.0000
5185.9879	523.0000
5186.0178	515.0000
5186.0477	600.0000
5186.0776	682.0000
5186.1075	551.0000
5186.1374	461.0000
5186.1673	518.0000
5186.1972	479.0000
5186.2271	431.0000
5186.2569	333.0000
5186.2868	383.0000
5186.3167	403.0000
5186.3467	426.0000
5186.3766	380.0000
5186.4065	375.0000
5186.4363	419.0000
5186.4662	328.0000
5186.4961	314.0000
5186.5260	283.0000
5186.5559	282.0000
5186.5857	318.0000
5186.6156	294.0000
5186.6455	353.0000
5186.6753	337.0000
5186.7052	303.0000
5186.7351	289.0000
5186.7649	270.0000
5186.7948	279.0000
5186.8247	317.0000
5186.8545	399.0000
5186.8844	394.0000
5186.9143	397.0000
5186.9441	412.0000
5186.9740	529.0000
5187.0038	522.0000
5187.0337	463.0000
5187.0635	428.0000
5187.0934	474.0000
5187.1232	480.0000
5187.1531	448.0000
5187.1829	375.0000
5187.2128	413.0000
5187.2426	439.0000
5187.2725	463.0000
5187.3023	449.0000
5187.3321	541.0000
5187.3620	529.0000
5187.3919	464.0000
5187.4218	404.0000
5187.4516	468.0000
5187.4814	451.0000
5187.5113	285.0000
5187.5411	310.0000
5187.5709	317.0000
5187.6008	305.0000
5187.6306	359.0000
5187.6604	303.0000
5187.6902	345.0000
5187.7201	243.0000
5187.7499	296.0000
5187.7797	383.0000
5187.8095	365.0000
5187.8394	431.0000
5187.8692	446.0000
5187.8990	476.0000
5187.9288	471.0000
5187.9586	388.0000
5187.9884	402.0000
5188.0182	449.0000
5188.0480	448.0000
5188.0779	508.0000
5188.1077	464.0000
5188.1375	546.0000
5188.1673	563.0000
5188.1971	544.0000
5188.2269	490.0000
5188.2567	496.0000
5188.2865	631.0000
5188.3163	630.0000
5188.3461	607.0000
5188.3759	542.0000
5188.4057	512.0000
5188.4355	566.0000
5188.4654	566.0000
5188.4951	546.0000
5188.5249	438.0000
5188.5547	400.0000
5188.5845	323.0000
5188.6143	313.0000
5188.6441	338.0000
5188.6739	313.0000
5188.7036	380.0000
5188.7334	390.0000
5188.7632	337.0000
5188.7930	362.0000
5188.8228	439.0000
5188.8525	406.0000
5188.8823	383.0000
5188.9121	433.0000
5188.9418	453.0000
5188.9716	434.0000
5189.0014	420.0000
5189.0311	500.0000
5189.0609	592.0000
5189.0907	541.0000
5189.1204	601.0000
5189.1502	639.0000
5189.1800	728.0000
5189.2097	835.0000
5189.2395	840.0000
5189.2692	830.0000
5189.2990	740.0000
5189.3287	671.0000
5189.3585	647.0000
5189.3883	598.0000
5189.4180	633.0000
5189.4478	541.0000
5189.4775	439.0000
5189.5073	479.0000
5189.5371	435.0000
5189.5668	387.0000
5189.5966	388.0000
5189.6263	380.0000
5189.6561	364.0000
5189.6858	299.0000
5189.7155	430.0000
5189.7453	372.0000
5189.7750	330.0000
5189.8047	311.0000
5189.8345	376.0000
5189.8642	399.0000
5189.8939	329.0000
5189.9237	364.0000
5189.9534	437.0000
5189.9831	414.0000
5190.0128	409.0000
5190.0426	510.0000
5190.0723	446.0000
5190.1020	482.0000
5190.1317	520.0000
5190.1614	631.0000
5190.1911	714.0000
5190.2209	746.0000
5190.2506	830.0000
5190.2803	872.0000
5190.3100	878.0000
5190.3397	872.0000
5190.3694	863.0000
5190.3991	864.0000
5190.4288	841.0000
5190.4585	796.0000
5190.4882	729.0000
5190.5179	594.0000
5190.5477	546.0000
5190.5774	558.0000
5190.6071	531.0000
5190.6368	450.0000
5190.6665	380.0000
5190.6962	374.0000
5190.7259	357.0000
5190.7556	400.0000
5190.7853	435.0000
5190.8150	364.0000
5190.8447	358.0000
5190.8744	347.0000
5190.9040	350.0000
5190.9337	339.0000
5190.9634	367.0000
5190.9931	361.0000
5191.0228	403.0000
5191.0524	456.0000
5191.0821	467.0000
5191.1118	479.0000
5191.1415	450.0000
5191.1711	594.0000
5191.2008	649.0000
5191.2305	676.0000
5191.2602	704.0000
5191.2898	840.0000
5191.3195	805.0000
5191.3492	732.0000
5191.3788	770.0000
5191.4085	760.0000
5191.4381	729.0000
5191.4678	798.0000
5191.4975	728.0000
5191.5271	721.0000
5191.5568	617.0000
5191.5864	593.0000
5191.6162	492.0000
5191.6458	460.0000
5191.6755	478.0000
5191.7051	473.0000
5191.7348	465.0000
5191.7644	426.0000
5191.7941	375.0000
5191.8237	327.0000
5191.8534	367.0000
5191.8830	413.0000
5191.9127	402.0000
5191.9423	355.0000
5191.9719	373.0000
5192.0016	367.0000
5192.0312	393.0000
5192.0608	458.0000
5192.0905	479.0000
5192.1201	476.0000
5192.1497	501.0000
5192.1794	458.0000
5192.2090	435.0000
5192.2386	522.0000
5192.2682	539.0000
5192.2979	676.0000
5192.3275	775.0000
5192.3571	821.0000
5192.3867	909.0000
5192.4163	943.0000
5192.4460	952.0000
5192.4756	922.0000
5192.5052	880.0000
5192.5348	951.0000
5192.5644	870.0000
5192.5940	732.0000
5192.6236	664.0000
5192.6533	704.0000
5192.6829	657.0000
5192.7125	584.0000
5192.7422	528.0000
5192.7718	441.0000
5192.8014	401.0000
5192.8310	439.0000
5192.8606	338.0000
5192.8901	303.0000
5192.9197	338.0000
5192.9493	259.0000
5192.9789	197.0000
5193.0085	264.0000
5193.0381	309.0000
5193.0677	252.0000
5193.0973	256.0000
5193.1269	286.0000
5193.1565	272.0000
5193.1860	291.0000
5193.2156	306.0000
5193.2452	420.0000
5193.2748	524.0000
5193.3044	537.0000
5193.3340	634.0000
5193.3635	667.0000
5193.3931	707.0000
5193.4227	672.0000
5193.4522	723.0000
5193.4818	876.0000
5193.5114	913.0000
5193.5410	1012.0000
5193.5705	994.0000
5193.6001	1075.0000
5193.6297	1108.0000
5193.6592	1058.0000
5193.6888	1026.0000
5193.7184	996.0000
5193.7480	901.0000
5193.7776	824.0000
5193.8071	787.0000
5193.8367	691.0000
5193.8662	607.0000
5193.8958	569.0000
5193.9253	575.0000
5193.9549	555.0000
5193.9844	452.0000
5194.0140	417.0000
5194.0435	361.0000
5194.0731	357.0000
5194.1026	382.0000
5194.1322	430.0000
5194.1617	360.0000
5194.1912	331.0000
5194.2208	369.0000
5194.2503	384.0000
5194.2798	418.0000
5194.3094	469.0000
5194.3389	477.0000
5194.3684	458.0000
5194.3980	478.0000
5194.4275	547.0000
5194.4570	530.0000
5194.4866	608.0000
5194.5161	661.0000
5194.5456	640.0000
5194.5751	764.0000
5194.6046	766.0000
5194.6342	878.0000
5194.6637	844.0000
5194.6932	921.0000
5194.7227	1109.0000
5194.7522	1144.0000
5194.7818	1194.0000
5194.8114	1221.0000
5194.8409	1234.0000
5194.8704	1072.0000
5194.8999	904.0000
5194.9294	790.0000
5194.9589	759.0000
5194.9884	660.0000
5195.0179	697.0000
5195.0474	684.0000
5195.0769	598.0000
5195.1064	589.0000
5195.1359	605.0000
5195.1654	562.0000
5195.1949	455.0000
5195.2244	486.0000
5195.2539	502.0000
5195.2834	473.0000
5195.3129	457.0000
5195.3424	447.0000
5195.3718	405.0000
5195.4013	404.0000
5195.4308	436.0000
5195.4603	487.0000
5195.4898	489.0000
5195.5193	595.0000
5195.5487	563.0000
5195.5782	569.0000
5195.6077	580.0000
5195.6372	652.0000
5195.6666	810.0000
5195.6961	836.0000
5195.7256	910.0000
5195.7551	958.0000
5195.7845	892.0000
5195.8141	951.0000
5195.8436	1069.0000
5195.8730	1136.0000
5195.9025	1231.0000
5195.9319	1321.0000
5195.9614	1377.0000
5195.9909	1362.0000
5196.0203	1286.0000
5196.0498	1185.0000
5196.0792	1065.0000
5196.1087	1014.0000
5196.1381	877.0000
5196.1676	784.0000
5196.1970	843.0000
5196.2265	790.0000
5196.2559	771.0000
5196.2854	727.0000
5196.3148	709.0000
5196.3443	651.0000
5196.3737	592.0000
5196.4032	614.0000
5196.4326	555.0000
5196.4620	583.0000
5196.4915	512.0000
5196.5209	480.0000
5196.5503	513.0000
5196.5798	524.0000
5196.6092	624.0000
5196.6386	668.0000
5196.6681	629.0000
5196.6975	639.0000
5196.7269	718.0000
5196.7564	784.0000
5196.7858	806.0000
5196.8152	866.0000
5196.8446	876.0000
5196.8741	1016.0000
5196.9036	990.0000
5196.9330	952.0000
5196.9624	920.0000
5196.9918	1051.0000
5197.0212	1137.0000
5197.0506	1247.0000
5197.0800	1332.0000
5197.1095	1477.0000
5197.1389	1709.0000
5197.1683	1758.0000
5197.1977	1695.0000
5197.2271	1634.0000
5197.2565	1554.0000
5197.2859	1246.0000
5197.3153	1123.0000
5197.3447	1039.0000
5197.3741	924.0000
5197.4035	863.0000
5197.4329	830.0000
5197.4623	850.0000
5197.4917	829.0000
5197.5210	767.0000
5197.5504	780.0000
5197.5798	719.0000
5197.6092	562.0000
5197.6386	522.0000
5197.6680	447.0000
5197.6974	446.0000
5197.7268	469.0000
5197.7561	488.0000
5197.7855	446.0000
5197.8149	495.0000
5197.8443	550.0000
5197.8736	507.0000
5197.9030	498.0000
5197.9325	557.0000
5197.9619	626.0000
5197.9912	720.0000
5198.0206	767.0000
5198.0500	829.0000
5198.0793	881.0000
5198.1087	870.0000
5198.1381	916.0000
5198.1674	934.0000
5198.1968	966.0000
5198.2261	1064.0000
5198.2555	1039.0000
5198.2849	1177.0000
5198.3142	1309.0000
5198.3436	1427.0000
5198.3729	1547.0000
5198.4023	1567.0000
5198.4316	1537.0000
5198.4610	1447.0000
5198.4903	1266.0000
5198.5197	1074.0000
5198.5490	957.0000
5198.5784	851.0000
5198.6077	851.0000
5198.6370	847.0000
5198.6664	808.0000
5198.6957	840.0000
5198.7251	833.0000
5198.7544	843.0000
5198.7837	732.0000
5198.8131	694.0000
5198.8424	663.0000
5198.8717	653.0000
5198.9010	639.0000
5198.9304	498.0000
5198.9597	452.0000
5198.9891	403.0000
5199.0185	375.0000
5199.0478	381.0000
5199.0771	407.0000
5199.1064	508.0000
5199.1357	557.0000
5199.1651	536.0000
5199.1944	552.0000
5199.2237	717.0000
5199.2530	716.0000
5199.2823	779.0000
5199.3116	817.0000
5199.3409	882.0000
5199.3702	966.0000
5199.3995	924.0000
5199.4288	778.0000
5199.4582	885.0000
5199.4875	961.0000
5199.5168	971.0000
5199.5461	1013.0000
5199.5754	1203.0000
5199.6047	1227.0000
5199.6340	1160.0000
5199.6632	1194.0000
5199.6925	1157.0000
5199.7218	980.0000
5199.7511	993.0000
5199.7804	883.0000
5199.8097	836.0000
5199.8390	852.0000
5199.8683	813.0000
5199.8976	796.0000
5199.9268	778.0000
5199.9561	854.0000
5199.9854	886.0000
5200.0147	800.0000
5200.0441	807.0000
5200.0733	796.0000
5200.1026	649.0000
5200.1319	630.0000
5200.1612	543.0000
5200.1904	513.0000
5200.2197	517.0000
5200.2490	420.0000
5200.2782	361.0000
5200.3075	432.0000
5200.3368	426.0000
5200.3660	457.0000
5200.3953	502.0000
5200.4246	486.0000
5200.4538	513.0000
5200.4831	449.0000
5200.5123	589.0000
5200.5416	587.0000
5200.5708	608.0000
5200.6001	594.0000
5200.6293	618.0000
5200.6586	693.0000
5200.6878	744.0000
5200.7171	763.0000
5200.7463	834.0000
5200.7756	836.0000
5200.8048	958.0000
5200.8341	1050.0000
5200.8633	1200.0000
5200.8925	1294.0000
5200.9218	1295.0000
5200.9510	1336.0000
5200.9803	1291.0000
5201.0095	1130.0000
5201.0387	1073.0000
5201.0680	974.0000
5201.0973	888.0000
5201.1265	784.0000
5201.1557	806.0000
5201.1850	864.0000
5201.2142	856.0000
5201.2434	784.0000
5201.2726	862.0000
5201.3019	854.0000
5201.3311	735.0000
5201.3603	711.0000
5201.3895	707.0000
5201.4187	611.0000
5201.4479	519.0000
5201.4772	507.0000
5201.5064	532.0000
5201.5356	463.0000
5201.5648	436.0000
5201.5940	442.0000
5201.6232	377.0000
5201.6524	340.0000
5201.6816	414.0000
5201.7108	462.0000
5201.7400	515.0000
5201.7692	513.0000
5201.7984	580.0000
5201.8276	728.0000
5201.8568	801.0000
5201.8860	892.0000
5201.9152	847.0000
5201.9444	878.0000
5201.9736	919.0000
5202.0028	963.0000
5202.0320	946.0000
5202.0611	1008.0000
5202.0903	1058.0000
5202.1195	1186.0000
5202.1488	1296.0000
5202.1780	1377.0000
5202.2072	1312.0000
5202.2363	1268.0000
5202.2655	1161.0000
5202.2947	1085.0000
5202.3239	964.0000
5202.3530	876.0000
5202.3822	871.0000
5202.4114	766.0000
5202.4405	804.0000
5202.4697	804.0000
5202.4989	824.0000
5202.5280	888.0000
5202.5572	875.0000
5202.5864	859.0000
5202.6155	781.0000
5202.6447	714.0000
5202.6739	660.0000
5202.7030	647.0000
5202.7322	606.0000
5202.7613	540.0000
5202.7905	504.0000
5202.8196	433.0000
5202.8488	389.0000
5202.8779	380.0000
5202.9071	424.0000
5202.9362	465.0000
5202.9654	441.0000
5202.9945	435.0000
5203.0237	484.0000
5203.0528	459.0000
5203.0819	469.0000
5203.1111	512.0000
5203.1402	643.0000
5203.1694	713.0000
5203.1986	820.0000
5203.2277	825.0000
5203.2569	886.0000
5203.2860	962.0000
5203.3151	968.0000
5203.3442	1031.0000
5203.3734	1075.0000
5203.4025	1119.0000
5203.4316	1134.0000
5203.4607	1170.0000
5203.4899	1207.0000
5203.5190	1204.0000
5203.5481	1101.0000
5203.5772	1062.0000
5203.6063	1035.0000
5203.6355	976.0000
5203.6646	883.0000
5203.6937	821.0000
5203.7228	789.0000
5203.7519	878.0000
5203.7810	990.0000
5203.8101	985.0000
5203.8392	968.0000
5203.8683	983.0000
5203.8974	959.0000
5203.9265	897.0000
5203.9556	852.0000
5203.9847	740.0000
5204.0138	693.0000
5204.0429	586.0000
5204.0720	539.0000
5204.1011	455.0000
5204.1302	414.0000
5204.1593	444.0000
5204.1884	340.0000
5204.2175	362.0000
5204.2467	438.0000
5204.2758	437.0000
5204.3048	465.0000
5204.3339	384.0000
5204.3630	272.0000
5204.3921	351.0000
5204.4212	386.0000
5204.4502	335.0000
5204.4793	364.0000
5204.5084	370.0000
5204.5375	304.0000
5204.5665	304.0000
5204.5956	246.0000
5204.6247	264.0000
5204.6538	300.0000
5204.6828	325.0000
5204.7119	374.0000
5204.7409	404.0000
5204.7700	493.0000
5204.7991	638.0000
5204.8281	698.0000
5204.8572	728.0000
5204.8863	824.0000
5204.9153	965.0000
5204.9444	916.0000
5204.9734	882.0000
5205.0025	875.0000
5205.0315	881.0000
5205.0606	849.0000
5205.0896	827.0000
5205.1187	824.0000
5205.1477	956.0000
5205.1768	990.0000
5205.2058	939.0000
5205.2348	907.0000
5205.2639	920.0000
5205.2930	790.0000
5205.3221	737.0000
5205.3511	690.0000
5205.3801	692.0000
5205.4092	687.0000
5205.4382	561.0000
5205.4672	527.0000
5205.4963	482.0000
5205.5253	562.0000
5205.5543	432.0000
5205.5834	473.0000
5205.6124	467.0000
5205.6414	501.0000
5205.6704	537.0000
5205.6994	494.0000
5205.7285	459.0000
5205.7575	452.0000
5205.7865	465.0000
5205.8155	453.0000
5205.8445	527.0000
5205.8735	523.0000
5205.9026	410.0000
5205.9316	486.0000
5205.9606	521.0000
5205.9896	465.0000
5206.0186	474.0000
5206.0476	468.0000
5206.0766	439.0000
5206.1056	428.0000
5206.1346	410.0000
5206.1636	383.0000
5206.1926	334.0000
5206.2216	369.0000
5206.2506	491.0000
5206.2796	592.0000
5206.3086	678.0000
5206.3377	749.0000
5206.3667	753.0000
5206.3956	748.0000
5206.4246	795.0000
5206.4536	827.0000
5206.4826	869.0000
5206.5116	903.0000
5206.5406	900.0000
5206.5696	900.0000
5206.5985	932.0000
5206.6275	868.0000
5206.6565	820.0000
5206.6855	774.0000
5206.7144	657.0000
5206.7434	749.0000
5206.7724	786.0000
5206.8014	666.0000
5206.8303	628.0000
5206.8593	735.0000
5206.8883	715.0000
5206.9172	556.0000
5206.9462	527.0000
5206.9751	553.0000
5207.0041	538.0000
5207.0331	567.0000
5207.0620	585.0000
5207.0910	540.0000
5207.1199	501.0000
5207.1489	559.0000
5207.1778	509.0000
5207.2068	496.0000
5207.2358	564.0000
5207.2647	610.0000
5207.2936	670.0000
5207.3226	743.0000
5207.3515	793.0000
5207.3805	854.0000
5207.4095	864.0000
5207.4385	957.0000
5207.4674	1016.0000
5207.4963	1006.0000
5207.5253	1005.0000
5207.5542	935.0000
5207.5832	961.0000
5207.6121	953.0000
5207.6410	986.0000
5207.6699	929.0000
5207.6989	800.0000
5207.7278	794.0000
5207.7567	826.0000
5207.7857	798.0000
5207.8146	767.0000
5207.8435	847.0000
5207.8724	875.0000
5207.9013	914.0000
5207.9303	1002.0000
5207.9592	1066.0000
5207.9881	1060.0000
5208.0170	1012.0000
5208.0459	935.0000
5208.0748	842.0000
5208.1037	724.0000
5208.1327	707.0000
5208.1616	662.0000
5208.1905	630.0000
5208.2194	564.0000
5208.2483	549.0000
5208.2772	531.0000
5208.3061	476.0000
5208.3350	361.0000
5208.3639	365.0000
5208.3928	328.0000
5208.4217	297.0000
5208.4507	218.0000
5208.4796	207.0000
5208.5085	225.0000
5208.5373	182.0000
5208.5662	192.0000
5208.5951	157.0000
5208.6240	146.0000
5208.6529	223.0000
5208.6818	328.0000
5208.7107	477.0000
5208.7395	498.0000
5208.7684	519.0000
5208.7973	580.0000
5208.8262	684.0000
5208.8551	761.0000
5208.8839	742.0000
5208.9128	810.0000
5208.9417	892.0000
5208.9705	913.0000
5208.9994	889.0000
5209.0283	968.0000
5209.0571	923.0000
5209.0860	951.0000
5209.1149	881.0000
5209.1437	921.0000
5209.1726	857.0000
5209.2015	753.0000
5209.2303	741.0000
5209.2592	809.0000
5209.2880	833.0000
5209.3169	786.0000
5209.3457	849.0000
5209.3746	947.0000
5209.4034	1000.0000
5209.4323	931.0000
5209.4611	843.0000
5209.4900	796.0000
5209.5189	770.0000
5209.5478	712.0000
5209.5766	753.0000
5209.6055	833.0000
5209.6343	848.0000
5209.6631	810.0000
5209.6920	829.0000
5209.7208	856.0000
5209.7496	726.0000
5209.7785	594.0000
5209.8073	565.0000
5209.8361	507.0000
5209.8650	453.0000
5209.8938	556.0000
5209.9226	534.0000
5209.9515	501.0000
5209.9803	456.0000
5210.0091	451.0000
5210.0379	428.0000
5210.0667	433.0000
5210.0956	418.0000
5210.1244	391.0000
5210.1532	458.0000
5210.1820	491.0000
5210.2108	431.0000
5210.2396	352.0000
5210.2684	304.0000
5210.2973	369.0000
5210.3261	291.0000
5210.3549	308.0000
5210.3837	221.0000
5210.4125	222.0000
5210.4413	264.0000
5210.4701	261.0000
5210.4989	264.0000
5210.5277	294.0000
5210.5566	305.0000
5210.5854	268.0000
5210.6142	333.0000
5210.6430	364.0000
5210.6718	516.0000
5210.7005	602.0000
5210.7293	681.0000
5210.7581	830.0000
5210.7869	887.0000
5210.8157	843.0000
5210.8445	826.0000
5210.8733	804.0000
5210.9020	828.0000
5210.9308	740.0000
5210.9596	681.0000
5210.9884	730.0000
5211.0171	884.0000
5211.0459	957.0000
5211.0747	912.0000
5211.1035	1014.0000
5211.1322	1062.0000
5211.1610	909.0000
5211.1898	827.0000
5211.2185	759.0000
5211.2473	647.0000
5211.2761	613.0000
5211.3048	511.0000
5211.3336	516.0000
5211.3624	556.0000
5211.3911	569.0000
5211.4199	582.0000
5211.4486	653.0000
5211.4774	657.0000
5211.5061	652.0000
5211.5349	640.0000
5211.5636	646.0000
5211.5924	713.0000
5211.6212	715.0000
5211.6500	805.0000
5211.6787	864.0000
5211.7075	930.0000
5211.7362	840.0000
5211.7650	799.0000
5211.7937	781.0000
5211.8224	839.0000
5211.8512	822.0000
5211.8799	845.0000
5211.9086	884.0000
5211.9374	955.0000
5211.9661	1106.0000
5211.9948	1190.0000
5212.0236	1232.0000
5212.0523	1189.0000
5212.0810	1163.0000
5212.1097	1059.0000
5212.1385	907.0000
5212.1672	876.0000
5212.1959	916.0000
5212.2246	928.0000
5212.2533	826.0000
5212.2821	849.0000
5212.3108	787.0000
5212.3395	841.0000
5212.3682	839.0000
5212.3969	909.0000
5212.4256	894.0000
5212.4543	859.0000
5212.4830	890.0000
5212.5117	958.0000
5212.5405	1038.0000
5212.5692	1046.0000
5212.5979	1091.0000
5212.6266	1148.0000
5212.6554	1125.0000
5212.6841	1062.0000
5212.7128	925.0000
5212.7415	777.0000
5212.7701	679.0000
5212.7988	610.0000
5212.8275	563.0000
5212.8562	603.0000
5212.8849	589.0000
5212.9136	547.0000
5212.9423	590.0000
5212.9710	564.0000
5212.9997	570.0000
5213.0283	567.0000
5213.0570	585.0000
5213.0857	665.0000
5213.1144	680.0000
5213.1430	737.0000
5213.1717	817.0000
5213.2004	820.0000
5213.2291	843.0000
5213.2577	853.0000
5213.2864	804.0000
5213.3151	796.0000
5213.3438	817.0000
5213.3724	838.0000
5213.4011	926.0000
5213.4297	992.0000
5213.4584	1031.0000
5213.4871	1130.0000
5213.5157	1203.0000
5213.5444	1219.0000
5213.5730	1163.0000
5213.6017	1068.0000
5213.6304	929.0000
5213.6590	939.0000
5213.6877	959.0000
5213.7164	888.0000
5213.7451	914.0000
5213.7737	895.0000
5213.8023	968.0000
5213.8310	960.0000
5213.8596	885.0000
5213.8883	827.0000
5213.9169	863.0000
5213.9456	910.0000
5213.9742	869.0000
5214.0028	877.0000
5214.0315	1045.0000
5214.0601	1175.0000
5214.0887	1171.0000
5214.1174	1252.0000
5214.1460	1279.0000
5214.1746	1190.0000
5214.2033	1060.0000
5214.2319	970.0000
5214.2605	822.0000
5214.2891	755.0000
5214.3177	632.0000
5214.3464	601.0000
5214.3750	571.0000
5214.4036	597.0000
5214.4322	619.0000
5214.4608	589.0000
5214.4894	611.0000
5214.5181	617.0000
5214.5467	663.0000
5214.5753	732.0000
5214.6039	732.0000
5214.6325	834.0000
5214.6611	913.0000
5214.6897	1040.0000
5214.7183	1152.0000
5214.7469	1202.0000
5214.7756	1241.0000
5214.8042	1240.0000
5214.8328	1164.0000
5214.8614	971.0000
5214.8900	911.0000
5214.9186	961.0000
5214.9472	1056.0000
5214.9758	1190.0000
5215.0044	1259.0000
5215.0330	1198.0000
5215.0615	1169.0000
5215.0901	1121.0000
5215.1187	985.0000
5215.1473	928.0000
5215.1759	899.0000
5215.2045	820.0000
5215.2330	773.0000
5215.2616	810.0000
5215.2902	872.0000
5215.3188	887.0000
5215.3473	884.0000
5215.3759	881.0000
5215.4045	846.0000
5215.4331	858.0000
5215.4616	889.0000
5215.4902	830.0000
5215.5188	890.0000
5215.5473	971.0000
5215.5759	1078.0000
5215.6044	1128.0000
5215.6330	1104.0000
5215.6616	1112.0000
5215.6901	1165.0000
5215.7187	1095.0000
5215.7472	1060.0000
5215.7758	901.0000
5215.8043	802.0000
5215.8330	732.0000
5215.8615	782.0000
5215.8901	736.0000
5215.9186	704.0000
5215.9472	734.0000
5215.9757	713.0000
5216.0043	699.0000
5216.0328	698.0000
5216.0613	772.0000
5216.0899	759.0000
5216.1184	780.0000
5216.1470	703.0000
5216.1755	734.0000
5216.2040	772.0000
5216.2326	774.0000
5216.2611	774.0000
5216.2896	804.0000
5216.3181	808.0000
5216.3467	838.0000
5216.3752	850.0000
5216.4037	828.0000
5216.4322	754.0000
5216.4608	823.0000
5216.4893	872.0000
5216.5178	937.0000
5216.5463	1027.0000
5216.5748	1070.0000
5216.6033	1105.0000
5216.6319	1155.0000
5216.6604	1125.0000
5216.6889	988.0000
5216.7174	905.0000
5216.7459	874.0000
5216.7744	792.0000
5216.8029	763.0000
5216.8314	807.0000
5216.8599	791.0000
5216.8885	733.0000
5216.9170	728.0000
5216.9455	822.0000
5216.9740	796.0000
5217.0025	827.0000
5217.0310	899.0000
5217.0595	1006.0000
5217.0880	1206.0000
5217.1165	1192.0000
5217.1450	1278.0000
5217.1735	1342.0000
5217.2019	1354.0000
5217.2304	1418.0000
5217.2589	1371.0000
5217.2874	1230.0000
5217.3159	1158.0000
5217.3444	1067.0000
5217.3728	946.0000
5217.4013	839.0000
5217.4298	766.0000
5217.4583	767.0000
5217.4867	746.0000
5217.5152	667.0000
5217.5437	642.0000
5217.5721	692.0000
5217.6006	698.0000
5217.6291	791.0000
5217.6575	813.0000
5217.6860	767.0000
5217.7145	708.0000
5217.7429	678.0000
5217.7714	781.0000
5217.7998	763.0000
5217.8283	918.0000
5217.8568	1069.0000
5217.8852	1092.0000
5217.9137	1140.0000
5217.9422	1141.0000
5217.9707	1138.0000
5217.9991	1235.0000
5218.0276	1182.0000
5218.0560	1091.0000
5218.0844	1049.0000
5218.1129	1016.0000
5218.1413	1014.0000
5218.1698	929.0000
5218.1982	918.0000
5218.2266	1064.0000
5218.2551	988.0000
5218.2835	882.0000
5218.3120	879.0000
5218.3404	821.0000
5218.3688	720.0000
5218.3972	692.0000
5218.4257	687.0000
5218.4541	634.0000
5218.4825	653.0000
5218.5109	692.0000
5218.5394	724.0000
5218.5678	791.0000
5218.5962	862.0000
5218.6246	990.0000
5218.6530	1138.0000
5218.6815	1199.0000
5218.7099	1297.0000
5218.7383	1268.0000
5218.7667	1218.0000
5218.7951	1219.0000
5218.8235	1232.0000
5218.8519	1279.0000
5218.8803	1215.0000
5218.9087	1199.0000
5218.9372	1140.0000
5218.9656	1036.0000
5218.9941	877.0000
5219.0225	713.0000
5219.0509	668.0000
5219.0793	678.0000
5219.1076	660.0000
5219.1360	625.0000
5219.1644	624.0000
5219.1928	637.0000
5219.2212	706.0000
5219.2496	639.0000
5219.2780	582.0000
5219.3064	576.0000
5219.3348	532.0000
5219.3631	556.0000
5219.3915	511.0000
5219.4199	509.0000
5219.4483	599.0000
5219.4767	652.0000
5219.5050	675.0000
5219.5334	616.0000
5219.5618	564.0000
5219.5902	563.0000
5219.6185	494.0000
5219.6469	409.0000
5219.6753	364.0000
5219.7036	342.0000
5219.7320	326.0000
5219.7604	285.0000
5219.7887	305.0000
5219.8171	307.0000
5219.8455	383.0000
5219.8738	403.0000
5219.9022	378.0000
5219.9305	439.0000
5219.9589	440.0000
5219.9873	482.0000
5220.0156	533.0000
5220.0441	531.0000
5220.0724	602.0000
5220.1008	626.0000
5220.1291	623.0000
5220.1574	612.0000
5220.1858	783.0000
5220.2141	820.0000
5220.2425	980.0000
5220.2708	1030.0000
5220.2992	947.0000
5220.3275	983.0000
5220.3558	933.0000
5220.3842	927.0000
5220.4125	895.0000
5220.4408	1060.0000
5220.4692	1092.0000
5220.4975	1070.0000
5220.5258	1054.0000
5220.5541	1001.0000
5220.5825	893.0000
5220.6108	809.0000
5220.6391	618.0000
5220.6674	573.0000
5220.6958	531.0000
5220.7241	529.0000
5220.7524	495.0000
5220.7807	528.0000
5220.8090	575.0000
5220.8373	599.0000
5220.8657	557.0000
5220.8940	488.0000
5220.9223	445.0000
5220.9506	468.0000
5220.9789	451.0000
5221.0072	438.0000
5221.0355	480.0000
5221.0638	544.0000
5221.0922	650.0000
5221.1205	815.0000
5221.1488	908.0000
5221.1771	988.0000
5221.2054	1113.0000
5221.2337	1109.0000
5221.2620	991.0000
5221.2903	908.0000
5221.3186	917.0000
5221.3469	909.0000
5221.3751	721.0000
5221.4034	636.0000
5221.4317	631.0000
5221.4600	645.0000
5221.4883	660.0000
5221.5166	615.0000
5221.5448	603.0000
5221.5731	556.0000
5221.6014	504.0000
5221.6297	424.0000
5221.6580	317.0000
5221.6862	343.0000
5221.7145	399.0000
5221.7428	437.0000
5221.7710	413.0000
5221.7993	508.0000
5221.8276	594.0000
5221.8558	629.0000
5221.8841	729.0000
5221.9124	763.0000
5221.9406	713.0000
5221.9689	656.0000
5221.9971	607.0000
5222.0254	577.0000
5222.0537	597.0000
5222.0819	599.0000
5222.1102	619.0000
