R_Cam.23
6019.5814	889.0000
6019.6176	1358.0000
6019.6537	1428.0000
6019.6899	1554.0000
6019.7260	1547.0000
6019.7621	1492.0000
6019.7983	1389.0000
6019.8344	1248.0000
6019.8706	1213.0000
6019.9067	1229.0000
6019.9429	1490.0000
6019.9790	1599.0000
6020.0151	1653.0000
6020.0513	1721.0000
6020.0874	1751.0000
6020.1236	1773.0000
6020.1598	1824.0000
6020.1959	1768.0000
6020.2320	1772.0000
6020.2681	1795.0000
6020.3043	1737.0000
6020.3404	1748.0000
6020.3765	1818.0000
6020.4126	1795.0000
6020.4487	1858.0000
6020.4849	1915.0000
6020.5210	1919.0000
6020.5571	1894.0000
6020.5932	1917.0000
6020.6293	1926.0000
6020.6654	1923.0000
6020.7015	1967.0000
6020.7376	1874.0000
6020.7737	1897.0000
6020.8098	1937.0000
6020.8459	1988.0000
6020.8820	1967.0000
6020.9181	1962.0000
6020.9542	1950.0000
6020.9903	2029.0000
6021.0264	2042.0000
6021.0625	2044.0000
6021.0986	2047.0000
6021.1347	1936.0000
6021.1709	1983.0000
6021.2070	2040.0000
6021.2430	1949.0000
6021.2791	1847.0000
6021.3152	1770.0000
6021.3513	1807.0000
6021.3874	1807.0000
6021.4234	1818.0000
6021.4595	1791.0000
6021.4956	1864.0000
6021.5317	1865.0000
6021.5677	1929.0000
6021.6038	1937.0000
6021.6399	1854.0000
6021.6759	1955.0000
6021.7120	1937.0000
6021.7481	1972.0000
6021.7841	1924.0000
6021.8202	1919.0000
6021.8562	1979.0000
6021.8923	1996.0000
6021.9283	1873.0000
6021.9644	1843.0000
6022.0005	1987.0000
6022.0365	1936.0000
6022.0726	1983.0000
6022.1086	2052.0000
6022.1446	2107.0000
6022.1807	2111.0000
6022.2168	2135.0000
6022.2529	2070.0000
6022.2889	2046.0000
6022.3250	2059.0000
6022.3610	2056.0000
6022.3970	2059.0000
6022.4331	2046.0000
6022.4691	2099.0000
6022.5051	2081.0000
6022.5412	2152.0000
6022.5772	2170.0000
6022.6132	2153.0000
6022.6492	2222.0000
6022.6853	2257.0000
6022.7213	2238.0000
6022.7573	2168.0000
6022.7933	2237.0000
6022.8293	2226.0000
6022.8654	2189.0000
6022.9014	2158.0000
6022.9374	2202.0000
6022.9734	2194.0000
6023.0094	2221.0000
6023.0454	2117.0000
6023.0814	2102.0000
6023.1174	2164.0000
6023.1534	2159.0000
6023.1894	2289.0000
6023.2254	2222.0000
6023.2614	2278.0000
6023.2975	2204.0000
6023.3335	2123.0000
6023.3695	2100.0000
6023.4055	2114.0000
6023.4415	2163.0000
6023.4775	2203.0000
6023.5135	2121.0000
6023.5495	2104.0000
6023.5855	2147.0000
6023.6214	2149.0000
6023.6574	2128.0000
6023.6934	2261.0000
6023.7294	2271.0000
6023.7654	2304.0000
6023.8013	2377.0000
6023.8373	2375.0000
6023.8733	2409.0000
6023.9093	2430.0000
6023.9452	2316.0000
6023.9812	2321.0000
6024.0172	2273.0000
6024.0531	2329.0000
6024.0891	2341.0000
6024.1251	2237.0000
6024.1610	2239.0000
6024.1970	2293.0000
6024.2329	2345.0000
6024.2689	2382.0000
6024.3048	2441.0000
6024.3409	2573.0000
6024.3769	2519.0000
6024.4128	2602.0000
6024.4488	2629.0000
6024.4847	2629.0000
6024.5206	2474.0000
6024.5566	2484.0000
6024.5925	2504.0000
6024.6285	2456.0000
6024.6644	2518.0000
6024.7004	2591.0000
6024.7363	2525.0000
6024.7722	2552.0000
6024.8082	2631.0000
6024.8441	2566.0000
6024.8800	2509.0000
6024.9160	2535.0000
6024.9519	2575.0000
6024.9878	2591.0000
6025.0237	2606.0000
6025.0597	2537.0000
6025.0956	2464.0000
6025.1315	2535.0000
6025.1674	2564.0000
6025.2033	2506.0000
6025.2393	2454.0000
6025.2752	2513.0000
6025.3111	2516.0000
6025.3470	2627.0000
6025.3830	2647.0000
6025.4189	2609.0000
6025.4548	2661.0000
6025.4907	2710.0000
6025.5266	2687.0000
6025.5625	2735.0000
6025.5984	2682.0000
6025.6343	2680.0000
6025.6702	2667.0000
6025.7061	2616.0000
6025.7420	2630.0000
6025.7779	2738.0000
6025.8138	2691.0000
6025.8497	2633.0000
6025.8856	2602.0000
6025.9215	2519.0000
6025.9573	2511.0000
6025.9932	2594.0000
6026.0291	2498.0000
6026.0650	2439.0000
6026.1009	2454.0000
6026.1368	2525.0000
6026.1726	2553.0000
6026.2085	2742.0000
6026.2444	2666.0000
6026.2803	2623.0000
6026.3161	2560.0000
6026.3520	2685.0000
6026.3879	2744.0000
6026.4238	2753.0000
6026.4597	2758.0000
6026.4956	2633.0000
6026.5314	2570.0000
6026.5673	2633.0000
6026.6031	2544.0000
6026.6390	2560.0000
6026.6748	2572.0000
6026.7107	2574.0000
6026.7465	2510.0000
6026.7824	2602.0000
6026.8182	2593.0000
6026.8541	2626.0000
6026.8899	2591.0000
6026.9258	2595.0000
6026.9616	2621.0000
6026.9975	2618.0000
6027.0333	2663.0000
6027.0691	2534.0000
6027.1050	2480.0000
6027.1408	2428.0000
6027.1767	2378.0000
6027.2125	2365.0000
6027.2483	2420.0000
6027.2841	2480.0000
6027.3200	2556.0000
6027.3558	2630.0000
6027.3916	2666.0000
6027.4275	2660.0000
6027.4633	2648.0000
6027.4992	2623.0000
6027.5350	2541.0000
6027.5708	2489.0000
6027.6066	2489.0000
6027.6425	2460.0000
6027.6783	2432.0000
6027.7141	2386.0000
6027.7499	2439.0000
6027.7857	2402.0000
6027.8215	2470.0000
6027.8573	2539.0000
6027.8931	2538.0000
6027.9289	2555.0000
6027.9647	2585.0000
6028.0005	2549.0000
6028.0363	2477.0000
6028.0721	2465.0000
6028.1079	2478.0000
6028.1437	2429.0000
6028.1795	2410.0000
6028.2153	2437.0000
6028.2511	2402.0000
6028.2869	2455.0000
6028.3226	2563.0000
6028.3584	2499.0000
6028.3942	2502.0000
6028.4300	2514.0000
6028.4658	2537.0000
6028.5015	2596.0000
6028.5374	2631.0000
6028.5732	2607.0000
6028.6090	2675.0000
6028.6447	2670.0000
6028.6805	2705.0000
6028.7163	2630.0000
6028.7520	2514.0000
6028.7878	2628.0000
6028.8236	2556.0000
6028.8593	2468.0000
6028.8951	2538.0000
6028.9309	2540.0000
6028.9666	2578.0000
6029.0024	2706.0000
6029.0381	2662.0000
6029.0739	2662.0000
6029.1096	2748.0000
6029.1454	2792.0000
6029.1811	2813.0000
6029.2169	2829.0000
6029.2526	2761.0000
6029.2884	2692.0000
6029.3241	2656.0000
6029.3599	2719.0000
6029.3956	2741.0000
6029.4313	2728.0000
6029.4671	2683.0000
6029.5028	2650.0000
6029.5385	2665.0000
6029.5743	2710.0000
6029.6101	2757.0000
6029.6458	2712.0000
6029.6816	2727.0000
6029.7173	2781.0000
6029.7530	2669.0000
6029.7887	2663.0000
6029.8245	2675.0000
6029.8602	2748.0000
6029.8959	2685.0000
6029.9316	2829.0000
6029.9673	2891.0000
6030.0030	2970.0000
6030.0388	2974.0000
6030.0745	2907.0000
6030.1102	2930.0000
6030.1459	2997.0000
6030.1816	3087.0000
6030.2173	3180.0000
6030.2530	3186.0000
6030.2887	2989.0000
6030.3244	2964.0000
6030.3601	2908.0000
6030.3958	2927.0000
6030.4315	2847.0000
6030.4672	2835.0000
6030.5029	2906.0000
6030.5386	2773.0000
6030.5743	2790.0000
6030.6100	2893.0000
6030.6457	2954.0000
6030.6814	3035.0000
6030.7171	3001.0000
6030.7528	3099.0000
6030.7885	3054.0000
6030.8242	3062.0000
6030.8598	3059.0000
6030.8955	3000.0000
6030.9312	2997.0000
6030.9669	2922.0000
6031.0025	2926.0000
6031.0382	2937.0000
6031.0739	2929.0000
6031.1095	2952.0000
6031.1452	2980.0000
6031.1809	2971.0000
6031.2165	2991.0000
6031.2522	2979.0000
6031.2878	2976.0000
6031.3235	2943.0000
6031.3592	2966.0000
6031.3948	2911.0000
6031.4305	2849.0000
6031.4661	2819.0000
6031.5018	2831.0000
6031.5374	2781.0000
6031.5731	2783.0000
6031.6087	2633.0000
6031.6444	2558.0000
6031.6800	2592.0000
6031.7157	2723.0000
6031.7514	2751.0000
6031.7870	2793.0000
6031.8227	2830.0000
6031.8583	2885.0000
6031.8939	2896.0000
6031.9296	2938.0000
6031.9652	2947.0000
6032.0008	2977.0000
6032.0364	3016.0000
6032.0721	3046.0000
6032.1077	3043.0000
6032.1433	3148.0000
6032.1789	3157.0000
6032.2146	3103.0000
6032.2502	3079.0000
6032.2858	3111.0000
6032.3214	3145.0000
6032.3570	3090.0000
6032.3926	3137.0000
6032.4282	3184.0000
6032.4639	3041.0000
6032.4995	2885.0000
6032.5351	2994.0000
6032.5707	2987.0000
6032.6063	2982.0000
6032.6419	3005.0000
6032.6775	3014.0000
6032.7131	3056.0000
6032.7488	3100.0000
6032.7844	3205.0000
6032.8200	3256.0000
6032.8556	3280.0000
6032.8912	3168.0000
6032.9267	3120.0000
6032.9623	3140.0000
6032.9979	3118.0000
6033.0335	2959.0000
6033.0691	2977.0000
6033.1047	3077.0000
6033.1402	3042.0000
6033.1758	3081.0000
6033.2114	3148.0000
6033.2470	3145.0000
6033.2826	3148.0000
6033.3181	3165.0000
6033.3537	3197.0000
6033.3893	3085.0000
6033.4248	3059.0000
6033.4604	3149.0000
6033.4960	3162.0000
6033.5315	3077.0000
6033.5671	3059.0000
6033.6027	3161.0000
6033.6382	3167.0000
6033.6738	3188.0000
6033.7093	3213.0000
6033.7449	3219.0000
6033.7804	3274.0000
6033.8161	3349.0000
6033.8516	3352.0000
6033.8872	3350.0000
6033.9227	3387.0000
6033.9583	3396.0000
6033.9938	3404.0000
6034.0294	3511.0000
6034.0649	3444.0000
6034.1005	3441.0000
6034.1360	3610.0000
6034.1715	3589.0000
6034.2071	3587.0000
6034.2426	3598.0000
6034.2781	3548.0000
6034.3137	3527.0000
6034.3492	3537.0000
6034.3847	3374.0000
6034.4202	3311.0000
6034.4558	3358.0000
6034.4913	3408.0000
6034.5268	3351.0000
6034.5623	3339.0000
6034.5978	3361.0000
6034.6334	3401.0000
6034.6689	3359.0000
6034.7044	3321.0000
6034.7399	3358.0000
6034.7754	3418.0000
6034.8109	3475.0000
6034.8465	3444.0000
6034.8820	3343.0000
6034.9175	3420.0000
6034.9530	3420.0000
6034.9885	3276.0000
6035.0240	3264.0000
6035.0595	3409.0000
6035.0950	3506.0000
6035.1305	3592.0000
6035.1660	3588.0000
6035.2015	3583.0000
6035.2370	3629.0000
6035.2725	3804.0000
6035.3080	3831.0000
6035.3435	3907.0000
6035.3790	3856.0000
6035.4144	3754.0000
6035.4499	3757.0000
6035.4854	3604.0000
6035.5209	3585.0000
6035.5564	3519.0000
6035.5918	3540.0000
6035.6273	3463.0000
6035.6628	3398.0000
6035.6983	3496.0000
6035.7337	3580.0000
6035.7692	3565.0000
6035.8047	3528.0000
6035.8401	3481.0000
6035.8756	3480.0000
6035.9112	3430.0000
6035.9466	3261.0000
6035.9821	2956.0000
6036.0175	2812.0000
6036.0530	2636.0000
6036.0884	2539.0000
6036.1239	2351.0000
6036.1593	2127.0000
6036.1948	2043.0000
6036.2302	2006.0000
6036.2657	2003.0000
6036.3011	1977.0000
6036.3366	1906.0000
6036.3720	1948.0000
6036.4075	2030.0000
6036.4429	1883.0000
6036.4783	1932.0000
6036.5138	1967.0000
6036.5492	1962.0000
6036.5846	1940.0000
6036.6201	1974.0000
6036.6555	1968.0000
6036.6909	1999.0000
6036.7264	2007.0000
6036.7618	2037.0000
6036.7972	2096.0000
6036.8326	2129.0000
6036.8681	2183.0000
6036.9035	2128.0000
6036.9389	2091.0000
6036.9744	2146.0000
6037.0098	2257.0000
6037.0452	2285.0000
6037.0807	2288.0000
6037.1161	2217.0000
6037.1515	2251.0000
6037.1869	2291.0000
6037.2223	2245.0000
6037.2577	2264.0000
6037.2931	2368.0000
6037.3285	2386.0000
6037.3639	2449.0000
6037.3993	2395.0000
6037.4347	2406.0000
6037.4701	2431.0000
6037.5055	2450.0000
6037.5409	2539.0000
6037.5763	2570.0000
6037.6117	2570.0000
6037.6470	2605.0000
6037.6824	2696.0000
6037.7178	2626.0000
6037.7532	2608.0000
6037.7886	2674.0000
6037.8240	2651.0000
6037.8593	2625.0000
6037.8947	2689.0000
6037.9301	2794.0000
6037.9655	2791.0000
6038.0008	2808.0000
6038.0363	2703.0000
6038.0717	2806.0000
6038.1070	2902.0000
6038.1424	2862.0000
6038.1778	2914.0000
6038.2131	2930.0000
6038.2485	2972.0000
6038.2839	2959.0000
6038.3192	3035.0000
6038.3546	3085.0000
6038.3899	3168.0000
6038.4253	3088.0000
6038.4606	3055.0000
6038.4960	3100.0000
6038.5313	3104.0000
6038.5667	3076.0000
6038.6020	3044.0000
6038.6374	3029.0000
6038.6727	3188.0000
6038.7081	3175.0000
6038.7434	3189.0000
6038.7787	3198.0000
6038.8141	3274.0000
6038.8494	3279.0000
6038.8848	3315.0000
6038.9201	3377.0000
6038.9554	3352.0000
6038.9908	3324.0000
6039.0261	3316.0000
6039.0615	3384.0000
6039.0968	3318.0000
6039.1322	3324.0000
6039.1675	3315.0000
6039.2028	3296.0000
6039.2381	3276.0000
6039.2734	3240.0000
6039.3088	3272.0000
6039.3441	3353.0000
6039.3794	3347.0000
6039.4147	3388.0000
6039.4500	3447.0000
6039.4853	3464.0000
6039.5206	3453.0000
6039.5559	3356.0000
6039.5912	3364.0000
6039.6265	3309.0000
6039.6618	3329.0000
6039.6971	3302.0000
6039.7324	3214.0000
6039.7677	3247.0000
6039.8030	3315.0000
6039.8383	3313.0000
6039.8736	3295.0000
6039.9089	3493.0000
6039.9442	3566.0000
6039.9795	3576.0000
6040.0148	3597.0000
6040.0500	3629.0000
6040.0853	3627.0000
6040.1207	3595.0000
6040.1560	3626.0000
6040.1913	3517.0000
6040.2265	3485.0000
6040.2618	3556.0000
6040.2971	3605.0000
6040.3324	3546.0000
6040.3676	3495.0000
6040.4029	3588.0000
6040.4382	3459.0000
6040.4734	3459.0000
6040.5087	3410.0000
6040.5440	3385.0000
6040.5792	3302.0000
6040.6145	3293.0000
6040.6497	3347.0000
6040.6850	3366.0000
6040.7203	3403.0000
6040.7555	3427.0000
6040.7908	3481.0000
6040.8260	3554.0000
6040.8613	3561.0000
6040.8965	3582.0000
6040.9318	3456.0000
6040.9670	3510.0000
6041.0022	3494.0000
6041.0375	3449.0000
6041.0727	3398.0000
6041.1080	3460.0000
6041.1432	3401.0000
6041.1785	3466.0000
6041.2138	3477.0000
6041.2490	3582.0000
6041.2842	3500.0000
6041.3195	3525.0000
6041.3547	3487.0000
6041.3899	3486.0000
6041.4252	3499.0000
6041.4604	3485.0000
6041.4956	3501.0000
6041.5308	3589.0000
6041.5660	3548.0000
6041.6013	3547.0000
6041.6365	3579.0000
6041.6717	3437.0000
6041.7069	3442.0000
6041.7421	3454.0000
6041.7773	3449.0000
6041.8125	3400.0000
6041.8477	3392.0000
6041.8829	3423.0000
6041.9181	3424.0000
6041.9533	3499.0000
6041.9885	3447.0000
6042.0237	3462.0000
6042.0589	3495.0000
6042.0941	3526.0000
6042.1293	3541.0000
6042.1645	3535.0000
6042.1997	3608.0000
6042.2350	3749.0000
6042.2702	3865.0000
6042.3054	3746.0000
6042.3406	3635.0000
6042.3758	3692.0000
6042.4109	3738.0000
6042.4461	3643.0000
6042.4813	3647.0000
6042.5165	3573.0000
6042.5517	3559.0000
6042.5868	3456.0000
6042.6220	3468.0000
6042.6572	3549.0000
6042.6923	3608.0000
6042.7275	3626.0000
6042.7627	3654.0000
6042.7978	3584.0000
6042.8330	3540.0000
6042.8682	3538.0000
6042.9033	3603.0000
6042.9385	3637.0000
6042.9737	3685.0000
6043.0088	3693.0000
6043.0440	3746.0000
6043.0791	3781.0000
6043.1143	3763.0000
6043.1494	3669.0000
6043.1846	3738.0000
6043.2197	3650.0000
6043.2549	3616.0000
6043.2901	3735.0000
6043.3253	3713.0000
6043.3604	3621.0000
6043.3955	3688.0000
6043.4307	3773.0000
6043.4658	3696.0000
6043.5009	3619.0000
6043.5361	3556.0000
6043.5712	3457.0000
6043.6063	3531.0000
6043.6415	3673.0000
6043.6766	3876.0000
6043.7117	3894.0000
6043.7469	3951.0000
6043.7820	3911.0000
6043.8171	3965.0000
6043.8522	3913.0000
6043.8873	3873.0000
6043.9225	3896.0000
6043.9576	3845.0000
6043.9927	3914.0000
6044.0278	3825.0000
6044.0629	3782.0000
6044.0980	3758.0000
6044.1331	3751.0000
6044.1682	3802.0000
6044.2033	3768.0000
6044.2384	3692.0000
6044.2735	3869.0000
6044.3086	3840.0000
6044.3438	3822.0000
6044.3789	3764.0000
6044.4140	3701.0000
6044.4491	3740.0000
6044.4842	3745.0000
6044.5193	3771.0000
6044.5544	3807.0000
6044.5895	3919.0000
6044.6246	4007.0000
6044.6597	4014.0000
6044.6947	3970.0000
6044.7298	3993.0000
6044.7649	3928.0000
6044.8000	3788.0000
6044.8351	3740.0000
6044.8701	3810.0000
6044.9052	3888.0000
6044.9403	3938.0000
6044.9754	4048.0000
6045.0104	4016.0000
6045.0455	3995.0000
6045.0806	3936.0000
6045.1156	3884.0000
6045.1507	3754.0000
6045.1858	3748.0000
6045.2208	3786.0000
6045.2559	3696.0000
6045.2909	3706.0000
6045.3260	3660.0000
6045.3610	3563.0000
6045.3962	3616.0000
6045.4313	3633.0000
6045.4663	3477.0000
6045.5014	3527.0000
6045.5364	3668.0000
6045.5714	3716.0000
6045.6065	3872.0000
6045.6415	3979.0000
6045.6766	3943.0000
6045.7116	3904.0000
6045.7467	3884.0000
6045.7817	3880.0000
6045.8167	3739.0000
6045.8518	3636.0000
6045.8868	3609.0000
6045.9218	3630.0000
6045.9568	3675.0000
6045.9919	3806.0000
6046.0269	3888.0000
6046.0619	3898.0000
6046.0969	3770.0000
6046.1320	3715.0000
6046.1670	3740.0000
6046.2020	3698.0000
6046.2370	3714.0000
6046.2720	3743.0000
6046.3071	3785.0000
6046.3421	3828.0000
6046.3771	3847.0000
6046.4121	3804.0000
6046.4472	3764.0000
6046.4822	3729.0000
6046.5172	3750.0000
6046.5522	3825.0000
6046.5872	3845.0000
6046.6222	3880.0000
6046.6572	3950.0000
6046.6922	4087.0000
6046.7272	4120.0000
6046.7622	4124.0000
6046.7972	4078.0000
6046.8322	3848.0000
6046.8672	3821.0000
6046.9022	3833.0000
6046.9371	3756.0000
6046.9721	3716.0000
6047.0071	3762.0000
6047.0421	3899.0000
6047.0771	3878.0000
6047.1121	3871.0000
6047.1470	4042.0000
6047.1820	4085.0000
6047.2170	4133.0000
6047.2520	4020.0000
6047.2869	3861.0000
6047.3219	4005.0000
6047.3569	3997.0000
6047.3918	4046.0000
6047.4268	4252.0000
6047.4618	4444.0000
6047.4968	4490.0000
6047.5318	4453.0000
6047.5667	4319.0000
6047.6017	4220.0000
6047.6366	4139.0000
6047.6716	4017.0000
6047.7066	3873.0000
6047.7415	3905.0000
6047.7765	3930.0000
6047.8114	4089.0000
6047.8464	4183.0000
6047.8813	4140.0000
6047.9162	4240.0000
6047.9512	4212.0000
6047.9861	4108.0000
6048.0211	4126.0000
6048.0560	4049.0000
6048.0909	4059.0000
6048.1259	3993.0000
6048.1608	3968.0000
6048.1957	4116.0000
6048.2307	4193.0000
6048.2656	4199.0000
6048.3005	4196.0000
6048.3354	4244.0000
6048.3704	4171.0000
6048.4053	4151.0000
6048.4402	4070.0000
6048.4751	4059.0000
6048.5101	4054.0000
6048.5451	4137.0000
6048.5800	4263.0000
6048.6149	4335.0000
6048.6498	4439.0000
6048.6847	4565.0000
6048.7196	4471.0000
6048.7545	4391.0000
6048.7894	4259.0000
6048.8243	4205.0000
6048.8592	4102.0000
6048.8942	4107.0000
6048.9291	4127.0000
6048.9639	4228.0000
6048.9988	4206.0000
6049.0337	4297.0000
6049.0686	4364.0000
6049.1035	4315.0000
6049.1384	4414.0000
6049.1733	4466.0000
6049.2082	4322.0000
6049.2431	4164.0000
6049.2780	4131.0000
6049.3128	4127.0000
6049.3477	4187.0000
6049.3826	4201.0000
6049.4175	4286.0000
6049.4524	4306.0000
6049.4872	4404.0000
6049.5221	4310.0000
6049.5570	4293.0000
6049.5920	4383.0000
6049.6268	4265.0000
6049.6617	4232.0000
6049.6966	4176.0000
6049.7314	4175.0000
6049.7663	4146.0000
6049.8011	4330.0000
6049.8360	4312.0000
6049.8709	4447.0000
6049.9057	4603.0000
6049.9406	4684.0000
6049.9754	4695.0000
6050.0103	4641.0000
6050.0451	4683.0000
6050.0800	4523.0000
6050.1148	4372.0000
6050.1497	4357.0000
6050.1845	4423.0000
6050.2194	4443.0000
6050.2542	4487.0000
6050.2891	4397.0000
6050.3239	4469.0000
6050.3587	4584.0000
6050.3936	4670.0000
6050.4284	4662.0000
6050.4632	4677.0000
6050.4981	4571.0000
6050.5329	4436.0000
6050.5677	4430.0000
6050.6025	4344.0000
6050.6375	4375.0000
6050.6723	4430.0000
6050.7071	4486.0000
6050.7419	4653.0000
6050.7768	4757.0000
6050.8116	4820.0000
6050.8464	4774.0000
6050.8812	4737.0000
6050.9160	4669.0000
6050.9508	4620.0000
6050.9856	4507.0000
6051.0204	4395.0000
6051.0553	4341.0000
6051.0901	4355.0000
6051.1249	4362.0000
6051.1597	4365.0000
6051.1945	4533.0000
6051.2293	4448.0000
6051.2641	4541.0000
6051.2989	4542.0000
6051.3337	4483.0000
6051.3684	4596.0000
6051.4032	4683.0000
6051.4380	4469.0000
6051.4728	4394.0000
6051.5076	4413.0000
6051.5424	4448.0000
6051.5772	4454.0000
6051.6120	4467.0000
6051.6467	4398.0000
6051.6815	4381.0000
6051.7164	4297.0000
6051.7512	4226.0000
6051.7859	4122.0000
6051.8207	4150.0000
6051.8555	4042.0000
6051.8903	4058.0000
6051.9250	4056.0000
6051.9598	4193.0000
6051.9946	4352.0000
6052.0293	4453.0000
6052.0641	4566.0000
6052.0988	4713.0000
6052.1336	4810.0000
6052.1684	4903.0000
6052.2031	4887.0000
6052.2379	4752.0000
6052.2726	4533.0000
6052.3074	4484.0000
6052.3421	4361.0000
6052.3769	4187.0000
6052.4116	4160.0000
6052.4464	4190.0000
6052.4811	4263.0000
6052.5159	4478.0000
6052.5506	4586.0000
6052.5853	4691.0000
6052.6201	4792.0000
6052.6548	4745.0000
6052.6896	4778.0000
6052.7243	4672.0000
6052.7591	4645.0000
6052.7939	4635.0000
6052.8286	4477.0000
6052.8633	4391.0000
6052.8980	4371.0000
6052.9328	4399.0000
6052.9675	4482.0000
6053.0022	4706.0000
6053.0369	4883.0000
6053.0716	4879.0000
6053.1064	4944.0000
6053.1411	4847.0000
6053.1758	4809.0000
6053.2105	4832.0000
6053.2452	4766.0000
6053.2799	4654.0000
6053.3146	4752.0000
6053.3493	4711.0000
6053.3840	4694.0000
6053.4187	4782.0000
6053.4534	4838.0000
6053.4881	4830.0000
6053.5228	4906.0000
6053.5575	4964.0000
6053.5922	4883.0000
6053.6269	4650.0000
6053.6616	4519.0000
6053.6963	4406.0000
6053.7310	4292.0000
6053.7657	3993.0000
6053.8005	3719.0000
6053.8352	3593.0000
6053.8698	3646.0000
6053.9045	3612.0000
6053.9392	3635.0000
6053.9739	3594.0000
6054.0086	3738.0000
6054.0432	3820.0000
6054.0779	3782.0000
6054.1126	3921.0000
6054.1473	3890.0000
6054.1819	3887.0000
6054.2166	3859.0000
6054.2513	3847.0000
6054.2859	3896.0000
6054.3206	3836.0000
6054.3553	3793.0000
6054.3899	3766.0000
6054.4246	3873.0000
6054.4592	3943.0000
6054.4939	3948.0000
6054.5285	3967.0000
6054.5632	3904.0000
6054.5978	3931.0000
6054.6325	3888.0000
6054.6671	3882.0000
6054.7018	3924.0000
6054.7364	3945.0000
6054.7711	3883.0000
6054.8057	3917.0000
6054.8404	3889.0000
6054.8751	3858.0000
6054.9097	4055.0000
6054.9444	4085.0000
6054.9790	3960.0000
6055.0136	4079.0000
6055.0483	4098.0000
6055.0829	3942.0000
6055.1175	3866.0000
6055.1522	3913.0000
6055.1868	3961.0000
6055.2214	4005.0000
6055.2560	4145.0000
6055.2907	4174.0000
6055.3253	4311.0000
6055.3599	4441.0000
6055.3945	4600.0000
6055.4291	4685.0000
6055.4637	4804.0000
6055.4984	4797.0000
6055.5330	4728.0000
6055.5676	4604.0000
6055.6022	4614.0000
6055.6368	4591.0000
6055.6714	4340.0000
6055.7060	4210.0000
6055.7406	4166.0000
6055.7752	4176.0000
6055.8098	4165.0000
6055.8444	4271.0000
6055.8790	4210.0000
6055.9137	4281.0000
6055.9483	4489.0000
6055.9829	4541.0000
6056.0174	4513.0000
6056.0520	4625.0000
6056.0866	4678.0000
6056.1212	4771.0000
6056.1558	4826.0000
6056.1904	4667.0000
6056.2249	4511.0000
6056.2595	4598.0000
6056.2941	4554.0000
6056.3287	4501.0000
6056.3633	4576.0000
6056.3978	4754.0000
6056.4324	4909.0000
6056.4670	5073.0000
6056.5015	5172.0000
6056.5361	5334.0000
6056.5707	5361.0000
6056.6052	5274.0000
6056.6398	5164.0000
6056.6743	5032.0000
6056.7089	4776.0000
6056.7435	4619.0000
6056.7780	4498.0000
6056.8126	4393.0000
6056.8471	4378.0000
6056.8817	4425.0000
6056.9162	4545.0000
6056.9508	4677.0000
6056.9854	4854.0000
6057.0200	4940.0000
6057.0545	4895.0000
6057.0891	4953.0000
6057.1236	5081.0000
6057.1581	5097.0000
6057.1927	5006.0000
6057.2272	5006.0000
6057.2617	4928.0000
6057.2963	4762.0000
6057.3308	4552.0000
6057.3653	4446.0000
6057.3999	4482.0000
6057.4344	4581.0000
6057.4689	4590.0000
6057.5034	4745.0000
6057.5380	4750.0000
6057.5725	4895.0000
6057.6070	4916.0000
6057.6415	5086.0000
6057.6760	5167.0000
6057.7105	5056.0000
6057.7451	4999.0000
6057.7796	5000.0000
6057.8141	4926.0000
6057.8486	4913.0000
6057.8831	4909.0000
6057.9176	4835.0000
6057.9521	4883.0000
6057.9866	5044.0000
6058.0212	5011.0000
6058.0557	5117.0000
6058.0902	5125.0000
6058.1247	5157.0000
6058.1592	5276.0000
6058.1937	5179.0000
6058.2282	4959.0000
6058.2627	4862.0000
6058.2972	4768.0000
6058.3316	4771.0000
6058.3661	4641.0000
6058.4006	4593.0000
6058.4351	4548.0000
6058.4696	4506.0000
6058.5041	4488.0000
6058.5385	4590.0000
6058.5730	4745.0000
6058.6075	4797.0000
6058.6420	4971.0000
6058.6764	4955.0000
6058.7109	5077.0000
6058.7454	5118.0000
6058.7798	5103.0000
6058.8143	4978.0000
6058.8488	4899.0000
6058.8832	4767.0000
6058.9177	4695.0000
6058.9521	4447.0000
6058.9866	4421.0000
6059.0211	4392.0000
6059.0555	4462.0000
6059.0901	4702.0000
6059.1245	4670.0000
6059.1590	4916.0000
6059.1934	5095.0000
6059.2279	5174.0000
6059.2623	5261.0000
6059.2968	5240.0000
6059.3312	5253.0000
6059.3656	5278.0000
6059.4001	5400.0000
6059.4345	5293.0000
6059.4690	5231.0000
6059.5034	5124.0000
6059.5378	4803.0000
6059.5723	4660.0000
6059.6067	4543.0000
6059.6411	4698.0000
6059.6755	4675.0000
6059.7100	4737.0000
6059.7444	4691.0000
6059.7788	4897.0000
6059.8132	4931.0000
6059.8477	4926.0000
6059.8821	4959.0000
6059.9165	4905.0000
6059.9509	4832.0000
6059.9853	4902.0000
6060.0197	5007.0000
6060.0541	5008.0000
6060.0886	4830.0000
6060.1231	4710.0000
6060.1575	4708.0000
6060.1919	4752.0000
6060.2263	4759.0000
6060.2607	5024.0000
6060.2951	5124.0000
6060.3295	5170.0000
6060.3639	5359.0000
6060.3983	5293.0000
6060.4327	5170.0000
6060.4671	5085.0000
6060.5014	5014.0000
6060.5358	4903.0000
6060.5702	4770.0000
6060.6046	4717.0000
6060.6390	4644.0000
6060.6734	4576.0000
6060.7078	4434.0000
6060.7421	4394.0000
6060.7765	4438.0000
6060.8109	4369.0000
6060.8453	4454.0000
6060.8796	4514.0000
6060.9140	4528.0000
6060.9484	4690.0000
6060.9828	4741.0000
6061.0171	4923.0000
6061.0515	5040.0000
6061.0859	4983.0000
6061.1202	4889.0000
6061.1546	4985.0000
6061.1890	4888.0000
6061.2234	4786.0000
6061.2578	4614.0000
6061.2921	4539.0000
6061.3265	4442.0000
6061.3608	4572.0000
6061.3952	4679.0000
6061.4295	4732.0000
6061.4639	5017.0000
6061.4982	5193.0000
6061.5326	5257.0000
6061.5669	5180.0000
6061.6012	5185.0000
6061.6356	5151.0000
6061.6699	5089.0000
6061.7043	5088.0000
6061.7386	4969.0000
6061.7729	4934.0000
6061.8073	4866.0000
6061.8416	4799.0000
6061.8759	4819.0000
6061.9103	4763.0000
6061.9446	4628.0000
6061.9789	4644.0000
6062.0132	4655.0000
6062.0476	4564.0000
6062.0819	4575.0000
6062.1162	4766.0000
6062.1505	4681.0000
6062.1848	4800.0000
6062.2192	4938.0000
6062.2536	5074.0000
6062.2879	5152.0000
6062.3222	5165.0000
6062.3565	5166.0000
6062.3908	5106.0000
6062.4251	5022.0000
6062.4594	4957.0000
6062.4937	5025.0000
6062.5280	5036.0000
6062.5623	5065.0000
6062.5966	5048.0000
6062.6309	5100.0000
6062.6652	5161.0000
6062.6995	4966.0000
6062.7338	5083.0000
6062.7681	5042.0000
6062.8024	5043.0000
6062.8366	4939.0000
6062.8709	4837.0000
6062.9052	4891.0000
6062.9395	4782.0000
6062.9738	4743.0000
6063.0081	4660.0000
6063.0423	4513.0000
6063.0766	4400.0000
6063.1109	4358.0000
6063.1452	4491.0000
6063.1794	4465.0000
6063.2137	4597.0000
6063.2480	4661.0000
6063.2823	4880.0000
6063.3166	4916.0000
6063.3509	4969.0000
6063.3851	4955.0000
6063.4194	5058.0000
6063.4537	5130.0000
6063.4879	5109.0000
6063.5222	5000.0000
6063.5564	5027.0000
6063.5907	5025.0000
6063.6249	4983.0000
6063.6592	4772.0000
6063.6934	4677.0000
6063.7277	4751.0000
6063.7619	4897.0000
6063.7962	4799.0000
6063.8304	4770.0000
6063.8647	4883.0000
6063.8989	5010.0000
6063.9331	5134.0000
6063.9674	5244.0000
6064.0016	5273.0000
6064.0358	5172.0000
6064.0701	5104.0000
6064.1043	4888.0000
6064.1385	4604.0000
6064.1728	4347.0000
6064.2070	4127.0000
6064.2412	3798.0000
6064.2754	3661.0000
6064.3097	3646.0000
6064.3440	3689.0000
6064.3782	3541.0000
6064.4124	3470.0000
6064.4466	3524.0000
6064.4808	3511.0000
6064.5150	3502.0000
6064.5493	3577.0000
6064.5835	3651.0000
6064.6177	3756.0000
6064.6519	3745.0000
6064.6861	3812.0000
6064.7203	3875.0000
6064.7545	4009.0000
6064.7887	4089.0000
6064.8229	4113.0000
6064.8571	4153.0000
6064.8913	4073.0000
6064.9255	4156.0000
6064.9597	4209.0000
6064.9939	4233.0000
6065.0281	4180.0000
6065.0622	4146.0000
6065.0964	4062.0000
6065.1306	4041.0000
6065.1648	4041.0000
6065.1990	4066.0000
6065.2332	4073.0000
6065.2673	4083.0000
6065.3015	4224.0000
6065.3357	4361.0000
6065.3699	4365.0000
6065.4041	4317.0000
6065.4383	4405.0000
6065.4725	4370.0000
6065.5066	4486.0000
6065.5408	4547.0000
6065.5750	4489.0000
6065.6091	4550.0000
6065.6433	4532.0000
6065.6775	4414.0000
6065.7116	4482.0000
6065.7458	4415.0000
6065.7799	4338.0000
6065.8141	4343.0000
6065.8482	4373.0000
6065.8824	4406.0000
6065.9165	4484.0000
6065.9507	4419.0000
6065.9848	4534.0000
6066.0190	4615.0000
6066.0531	4529.0000
6066.0873	4539.0000
6066.1214	4572.0000
6066.1555	4551.0000
6066.1897	4488.0000
6066.2238	4462.0000
6066.2580	4450.0000
6066.2921	4549.0000
6066.3262	4481.0000
6066.3604	4455.0000
6066.3945	4563.0000
6066.4287	4583.0000
6066.4628	4640.0000
6066.4970	4783.0000
6066.5311	4844.0000
6066.5652	4848.0000
6066.5993	4951.0000
6066.6334	5057.0000
6066.6676	5067.0000
6066.7017	5022.0000
6066.7358	5026.0000
6066.7699	5063.0000
6066.8040	5000.0000
6066.8381	4875.0000
6066.8722	4753.0000
6066.9063	4676.0000
6066.9404	4891.0000
6066.9745	4751.0000
6067.0086	4670.0000
6067.0427	4632.0000
6067.0768	4588.0000
6067.1109	4580.0000
6067.1450	4593.0000
6067.1791	4617.0000
6067.2132	4687.0000
6067.2473	4710.0000
6067.2814	4841.0000
6067.3155	4934.0000
6067.3496	5012.0000
6067.3836	5051.0000
6067.4177	5166.0000
6067.4518	5210.0000
6067.4860	5282.0000
6067.5201	5325.0000
6067.5541	5270.0000
6067.5882	5075.0000
6067.6223	5025.0000
6067.6564	4819.0000
6067.6904	4730.0000
6067.7245	4570.0000
6067.7586	4537.0000
6067.7926	4525.0000
6067.8267	4629.0000
6067.8608	4681.0000
6067.8948	4926.0000
6067.9289	5098.0000
6067.9629	5105.0000
6067.9970	5183.0000
6068.0311	5214.0000
6068.0651	5271.0000
6068.0992	5297.0000
6068.1332	5325.0000
6068.1673	5378.0000
6068.2013	5454.0000
6068.2354	5619.0000
6068.2694	5768.0000
6068.3034	5709.0000
6068.3375	5752.0000
6068.3715	5612.0000
6068.4056	5474.0000
6068.4396	5206.0000
6068.4736	4962.0000
6068.5077	4846.0000
6068.5418	4851.0000
6068.5758	4793.0000
6068.6099	4700.0000
6068.6439	4662.0000
6068.6779	4723.0000
6068.7119	4920.0000
6068.7460	5099.0000
6068.7800	5207.0000
6068.8140	5291.0000
6068.8480	5379.0000
6068.8820	5617.0000
6068.9161	5634.0000
6068.9501	5589.0000
6068.9841	5437.0000
6069.0181	5378.0000
6069.0521	5233.0000
6069.0861	5076.0000
6069.1201	4946.0000
6069.1541	4930.0000
6069.1881	4859.0000
6069.2221	4816.0000
6069.2561	4813.0000
6069.2901	4848.0000
6069.3241	4893.0000
6069.3581	4917.0000
6069.3921	4933.0000
6069.4261	4954.0000
6069.4601	5077.0000
6069.4941	5165.0000
6069.5281	5216.0000
6069.5621	5375.0000
6069.5961	5500.0000
6069.6301	5414.0000
6069.6641	5457.0000
6069.6981	5585.0000
6069.7321	5505.0000
6069.7660	5402.0000
6069.8000	5358.0000
6069.8340	5319.0000
6069.8680	5238.0000
6069.9019	5239.0000
6069.9359	5201.0000
6069.9699	5085.0000
6070.0038	5076.0000
6070.0378	5050.0000
6070.0718	5037.0000
6070.1057	4986.0000
6070.1397	5064.0000
6070.1737	5092.0000
6070.2076	5197.0000
6070.2416	5242.0000
6070.2755	5227.0000
6070.3095	5105.0000
6070.3434	5120.0000
6070.3774	5060.0000
6070.4113	5002.0000
6070.4453	5091.0000
6070.4792	5059.0000
6070.5132	5151.0000
6070.5471	5255.0000
6070.5810	5382.0000
6070.6150	5312.0000
6070.6490	5258.0000
6070.6830	5296.0000
6070.7169	5300.0000
6070.7508	5248.0000
6070.7848	5180.0000
6070.8187	5281.0000
6070.8526	5340.0000
6070.8865	5389.0000
6070.9205	5459.0000
6070.9544	5463.0000
6070.9883	5542.0000
6071.0222	5494.0000
6071.0562	5311.0000
6071.0901	5218.0000
6071.1240	5279.0000
6071.1579	5291.0000
6071.1918	5158.0000
6071.2257	5194.0000
6071.2596	5225.0000
6071.2935	5348.0000
6071.3275	5478.0000
6071.3614	5760.0000
6071.3953	5853.0000
6071.4292	5797.0000
6071.4631	5806.0000
6071.4970	5843.0000
6071.5309	5770.0000
6071.5648	5613.0000
6071.5987	5533.0000
6071.6325	5534.0000
6071.6664	5511.0000
6071.7004	5434.0000
6071.7343	5402.0000
6071.7682	5377.0000
6071.8021	5268.0000
6071.8360	5309.0000
6071.8699	5358.0000
6071.9037	5439.0000
6071.9376	5347.0000
6071.9715	5236.0000
6072.0054	5295.0000
6072.0392	5134.0000
6072.0731	5144.0000
6072.1070	5048.0000
6072.1409	4994.0000
6072.1747	4892.0000
6072.2086	4920.0000
6072.2425	4971.0000
6072.2763	4978.0000
6072.3102	5010.0000
6072.3441	4968.0000
6072.3779	4847.0000
6072.4118	4632.0000
6072.4456	4364.0000
6072.4795	4219.0000
6072.5133	4036.0000
6072.5472	3864.0000
6072.5810	3690.0000
6072.6149	3579.0000
6072.6487	3561.0000
6072.6826	3592.0000
6072.7164	3700.0000
6072.7504	3716.0000
6072.7842	3773.0000
6072.8181	3811.0000
6072.8519	3853.0000
6072.8857	3829.0000
6072.9196	3904.0000
6072.9534	3866.0000
6072.9872	3923.0000
6073.0211	3826.0000
6073.0549	3870.0000
6073.0887	3924.0000
6073.1225	3850.0000
6073.1564	3965.0000
6073.1902	4024.0000
6073.2240	4103.0000
6073.2578	4202.0000
6073.2916	4289.0000
6073.3255	4395.0000
6073.3593	4551.0000
6073.3931	4608.0000
6073.4269	4622.0000
6073.4607	4681.0000
6073.4945	4675.0000
6073.5283	4628.0000
6073.5621	4464.0000
6073.5959	4494.0000
6073.6297	4613.0000
6073.6636	4533.0000
6073.6974	4512.0000
6073.7311	4503.0000
6073.7649	4715.0000
6073.7988	4778.0000
6073.8326	4762.0000
6073.8664	4828.0000
6073.9002	4851.0000
6073.9340	4864.0000
6073.9678	4918.0000
6074.0016	4844.0000
6074.0354	4802.0000
6074.0692	4850.0000
6074.1029	4964.0000
6074.1367	4950.0000
6074.1705	4916.0000
6074.2043	5086.0000
6074.2380	5146.0000
6074.2718	5146.0000
6074.3056	5231.0000
6074.3394	5233.0000
6074.3731	5341.0000
6074.4069	5234.0000
6074.4407	5208.0000
6074.4744	5274.0000
6074.5082	5324.0000
6074.5420	5244.0000
6074.5757	5139.0000
6074.6095	5124.0000
6074.6432	5092.0000
6074.6770	5026.0000
6074.7107	4992.0000
6074.7445	4905.0000
6074.7782	5051.0000
6074.8120	5081.0000
6074.8457	5117.0000
6074.8796	5103.0000
6074.9133	5214.0000
6074.9471	5372.0000
6074.9808	5373.0000
6075.0146	5493.0000
6075.0483	5617.0000
6075.0820	5707.0000
6075.1158	5755.0000
6075.1495	5772.0000
6075.1832	5733.0000
6075.2170	5691.0000
6075.2507	5665.0000
6075.2844	5664.0000
6075.3182	5537.0000
6075.3519	5529.0000
6075.3856	5569.0000
6075.4193	5487.0000
6075.4531	5385.0000
6075.4868	5357.0000
6075.5205	5256.0000
6075.5542	5269.0000
6075.5879	5229.0000
6075.6216	5220.0000
6075.6553	5238.0000
6075.6891	5326.0000
6075.7228	5486.0000
6075.7565	5668.0000
6075.7902	5756.0000
6075.8239	5767.0000
6075.8576	5868.0000
6075.8913	5786.0000
6075.9251	5933.0000
6075.9588	5983.0000
6075.9925	5881.0000
6076.0262	5992.0000
6076.0599	5992.0000
6076.0936	6012.0000
6076.1272	6007.0000
6076.1609	6022.0000
6076.1946	6074.0000
6076.2283	5920.0000
6076.2620	5801.0000
6076.2957	5689.0000
6076.3294	5555.0000
6076.3630	5494.0000
6076.3967	5368.0000
6076.4304	5304.0000
6076.4641	5366.0000
6076.4977	5285.0000
6076.5314	5393.0000
6076.5651	5495.0000
6076.5987	5609.0000
6076.6324	5676.0000
6076.6661	5768.0000
6076.6997	5827.0000
6076.7334	5832.0000
6076.7671	5826.0000
6076.8007	5721.0000
6076.8344	5771.0000
6076.8680	5653.0000
6076.9017	5592.0000
6076.9353	5626.0000
6076.9691	5602.0000
6077.0028	5642.0000
6077.0364	5803.0000
6077.0700	5889.0000
6077.1037	5927.0000
6077.1373	5889.0000
6077.1710	5943.0000
6077.2046	5749.0000
6077.2383	5551.0000
6077.2719	5497.0000
6077.3055	5391.0000
6077.3392	5426.0000
6077.3728	5362.0000
6077.4064	5349.0000
6077.4401	5339.0000
6077.4737	5362.0000
6077.5073	5459.0000
6077.5409	5484.0000
6077.5746	5532.0000
6077.6082	5576.0000
6077.6418	5623.0000
6077.6754	5579.0000
6077.7091	5569.0000
6077.7427	5562.0000
6077.7763	5518.0000
6077.8099	5503.0000
6077.8435	5538.0000
6077.8771	5556.0000
6077.9107	5629.0000
6077.9443	5604.0000
6077.9779	5708.0000
6078.0117	5593.0000
6078.0453	5594.0000
6078.0789	5552.0000
6078.1125	5522.0000
6078.1461	5501.0000
6078.1796	5429.0000
6078.2132	5408.0000
6078.2468	5444.0000
6078.2804	5522.0000
6078.3140	5375.0000
6078.3476	5278.0000
6078.3812	5203.0000
6078.4148	5195.0000
6078.4484	5273.0000
6078.4820	5237.0000
6078.5155	5255.0000
6078.5491	5289.0000
6078.5827	5485.0000
6078.6163	5559.0000
6078.6498	5771.0000
6078.6834	5767.0000
6078.7170	5876.0000
6078.7506	5818.0000
6078.7841	5802.0000
6078.8177	5594.0000
6078.8513	5427.0000
6078.8848	5328.0000
6078.9184	5311.0000
6078.9520	5264.0000
6078.9855	5132.0000
6079.0191	4856.0000
6079.0526	4569.0000
6079.0863	4274.0000
6079.1198	3964.0000
6079.1534	3597.0000
6079.1869	3359.0000
6079.2205	3222.0000
6079.2540	3041.0000
6079.2876	2878.0000
6079.3211	2899.0000
6079.3547	2879.0000
6079.3882	2857.0000
6079.4218	2712.0000
6079.4553	2695.0000
6079.4888	2696.0000
6079.5224	2745.0000
6079.5559	2813.0000
6079.5894	2877.0000
6079.6230	2911.0000
6079.6565	2981.0000
6079.6900	3033.0000
6079.7236	3076.0000
6079.7571	3076.0000
6079.7906	3277.0000
6079.8241	3311.0000
6079.8576	3286.0000
6079.8912	3284.0000
6079.9247	3372.0000
6079.9582	3330.0000
6079.9917	3328.0000
6080.0252	3355.0000
6080.0587	3362.0000
6080.0922	3386.0000
6080.1258	3468.0000
6080.1594	3436.0000
6080.1929	3407.0000
6080.2264	3508.0000
6080.2599	3536.0000
6080.2934	3535.0000
6080.3269	3486.0000
6080.3604	3619.0000
6080.3939	3640.0000
6080.4274	3663.0000
6080.4608	3691.0000
6080.4943	3781.0000
6080.5278	3807.0000
6080.5613	3808.0000
6080.5948	3940.0000
6080.6283	4045.0000
6080.6618	4099.0000
6080.6953	4063.0000
6080.7287	4108.0000
6080.7622	4163.0000
6080.7957	4167.0000
6080.8292	4105.0000
6080.8626	4085.0000
6080.8961	4093.0000
6080.9296	4044.0000
6080.9631	4027.0000
6080.9965	4030.0000
6081.0300	3984.0000
6081.0635	3996.0000
6081.0969	3960.0000
6081.1304	3949.0000
6081.1638	3899.0000
6081.1974	3941.0000
6081.2309	3866.0000
6081.2643	3835.0000
6081.2978	3911.0000
6081.3312	3968.0000
6081.3647	3925.0000
6081.3981	3944.0000
6081.4316	3921.0000
6081.4650	3861.0000
6081.4985	3898.0000
6081.5319	3988.0000
6081.5654	3978.0000
6081.5988	3956.0000
6081.6322	3993.0000
6081.6657	4039.0000
6081.6991	4006.0000
6081.7325	4016.0000
6081.7660	4103.0000
6081.7994	4066.0000
6081.8328	4067.0000
6081.8663	4116.0000
6081.8997	4131.0000
6081.9331	4181.0000
6081.9665	4284.0000
6082.0000	4285.0000
6082.0334	4155.0000
6082.0668	4097.0000
6082.1002	4048.0000
6082.1336	3983.0000
6082.1671	4048.0000
6082.2005	4042.0000
6082.2340	4059.0000
6082.2674	4012.0000
6082.3008	3952.0000
6082.3342	3959.0000
6082.3676	3995.0000
6082.4010	4122.0000
6082.4344	4175.0000
6082.4678	4158.0000
6082.5012	4201.0000
6082.5346	4162.0000
6082.5680	4144.0000
6082.6014	4051.0000
6082.6348	4102.0000
6082.6682	4092.0000
6082.7016	4155.0000
6082.7350	4115.0000
6082.7684	4058.0000
6082.8017	4110.0000
6082.8351	4069.0000
6082.8685	4122.0000
6082.9019	4139.0000
6082.9353	4100.0000
6082.9686	4144.0000
6083.0020	4108.0000
6083.0354	4127.0000
6083.0688	4036.0000
6083.1021	3991.0000
6083.1355	3965.0000
6083.1689	3963.0000
6083.2022	3877.0000
6083.2356	3906.0000
6083.2690	3996.0000
6083.3024	4061.0000
6083.3358	4055.0000
6083.3692	4021.0000
6083.4025	3947.0000
6083.4359	3933.0000
6083.4692	4001.0000
6083.5026	4032.0000
6083.5359	4005.0000
6083.5693	4046.0000
6083.6026	4067.0000
6083.6360	4026.0000
6083.6693	3996.0000
6083.7027	4129.0000
6083.7360	4147.0000
6083.7694	4262.0000
6083.8027	4397.0000
6083.8360	4351.0000
6083.8694	4357.0000
6083.9027	4286.0000
6083.9360	4179.0000
6083.9694	4078.0000
6084.0027	3977.0000
6084.0360	3952.0000
6084.0694	3872.0000
6084.1027	3792.0000
6084.1360	3795.0000
6084.1693	3803.0000
6084.2027	3839.0000
6084.2360	3874.0000
6084.2693	3854.0000
6084.3026	3919.0000
6084.3360	3947.0000
6084.3693	4068.0000
6084.4027	4153.0000
6084.4360	4319.0000
6084.4693	4359.0000
6084.5026	4390.0000
6084.5359	4269.0000
6084.5692	4233.0000
6084.6025	4262.0000
6084.6358	4134.0000
6084.6691	4109.0000
6084.7024	4133.0000
6084.7357	4166.0000
6084.7690	4224.0000
6084.8023	4239.0000
6084.8356	4060.0000
6084.8689	4041.0000
6084.9022	3987.0000
6084.9354	3964.0000
6084.9687	3917.0000
6085.0020	4030.0000
6085.0353	4073.0000
6085.0686	4105.0000
6085.1019	4153.0000
6085.1351	4122.0000
6085.1684	4115.0000
6085.2017	3953.0000
6085.2350	3860.0000
6085.2682	3734.0000
6085.3015	3731.0000
6085.3348	3778.0000
6085.3680	3772.0000
6085.4014	3861.0000
6085.4347	3915.0000
6085.4679	4000.0000
6085.5012	4165.0000
6085.5345	4190.0000
6085.5677	4222.0000
6085.6010	4285.0000
6085.6342	4282.0000
6085.6675	4287.0000
6085.7007	4327.0000
6085.7340	4282.0000
6085.7672	4294.0000
6085.8005	4391.0000
6085.8337	4389.0000
6085.8670	4428.0000
6085.9002	4389.0000
6085.9335	4380.0000
6085.9667	4307.0000
6085.9999	4198.0000
6086.0332	4172.0000
6086.0664	4094.0000
6086.0996	4106.0000
6086.1329	4087.0000
6086.1661	4067.0000
6086.1993	4072.0000
6086.2326	4150.0000
6086.2658	4184.0000
6086.2990	4156.0000
6086.3322	4141.0000
6086.3655	4182.0000
6086.3987	4180.0000
6086.4320	4236.0000
6086.4652	4308.0000
6086.4984	4369.0000
6086.5317	4437.0000
6086.5649	4367.0000
6086.5981	4392.0000
6086.6313	4370.0000
6086.6645	4213.0000
6086.6977	4124.0000
6086.7309	4046.0000
6086.7641	4012.0000
6086.7973	3953.0000
6086.8305	3909.0000
6086.8637	3856.0000
6086.8969	3926.0000
6086.9301	3916.0000
6086.9633	3947.0000
6086.9965	3901.0000
6087.0297	4013.0000
6087.0629	3985.0000
6087.0961	3891.0000
6087.1292	3823.0000
6087.1624	3696.0000
6087.1956	3797.0000
6087.2288	3845.0000
6087.2620	3879.0000
6087.2952	3805.0000
6087.3283	3907.0000
6087.3615	4033.0000
6087.3947	3986.0000
6087.4279	3980.0000
6087.4610	3925.0000
6087.4943	3756.0000
6087.5275	3723.0000
6087.5606	3715.0000
6087.5938	3740.0000
6087.6270	3659.0000
6087.6601	3732.0000
6087.6933	3813.0000
6087.7264	3752.0000
6087.7596	3790.0000
6087.7928	3989.0000
6087.8259	4108.0000
6087.8591	4059.0000
6087.8922	4096.0000
6087.9254	4092.0000
6087.9585	4056.0000
6087.9917	3991.0000
6088.0248	3867.0000
6088.0580	3733.0000
6088.0911	3676.0000
6088.1242	3611.0000
6088.1574	3568.0000
6088.1905	3538.0000
6088.2236	3475.0000
6088.2568	3486.0000
6088.2899	3497.0000
6088.3230	3548.0000
6088.3562	3651.0000
6088.3893	3638.0000
6088.4224	3707.0000
6088.4556	3716.0000
6088.4887	3736.0000
6088.5218	3786.0000
6088.5550	3817.0000
6088.5881	3783.0000
6088.6213	3778.0000
6088.6544	3830.0000
6088.6875	3810.0000
6088.7206	3752.0000
6088.7537	3732.0000
6088.7868	3768.0000
6088.8199	3744.0000
6088.8530	3790.0000
6088.8861	3781.0000
6088.9193	3815.0000
6088.9524	3856.0000
6088.9855	3900.0000
6089.0186	3974.0000
6089.0517	3967.0000
6089.0847	3774.0000
6089.1178	3884.0000
6089.1509	3885.0000
6089.1840	3869.0000
6089.2171	3865.0000
6089.2502	3907.0000
6089.2833	4012.0000
6089.3164	4047.0000
6089.3495	4004.0000
6089.3825	3994.0000
6089.4156	3905.0000
6089.4487	3832.0000
6089.4818	3873.0000
6089.5149	3823.0000
6089.5479	3709.0000
6089.5810	3683.0000
6089.6142	3838.0000
6089.6473	3894.0000
6089.6803	3969.0000
6089.7134	4069.0000
6089.7465	4155.0000
6089.7795	4182.0000
6089.8126	4298.0000
6089.8456	4358.0000
6089.8787	4295.0000
6089.9118	4225.0000
6089.9448	4069.0000
6089.9779	4005.0000
6090.0109	3935.0000
6090.0440	3839.0000
6090.0770	3754.0000
6090.1101	2951.0000
6090.1431	2832.0000
6090.1762	2794.0000
6090.2092	2779.0000
6090.2423	2833.0000
6090.2753	2871.0000
6090.3083	2868.0000
6090.3414	2807.0000
6090.3744	2831.0000
6090.4074	2848.0000
