R_Cam.19
5726.6443	443.0000
5726.6787	710.0000
5726.7130	712.0000
5726.7474	817.0000
5726.7818	917.0000
5726.8161	871.0000
5726.8505	948.0000
5726.8848	999.0000
5726.9192	915.0000
5726.9535	902.0000
5726.9879	1194.0000
5727.0223	1253.0000
5727.0566	1237.0000
5727.0910	1247.0000
5727.1253	1275.0000
5727.1597	1328.0000
5727.1940	1342.0000
5727.2283	1251.0000
5727.2627	1258.0000
5727.2970	1235.0000
5727.3314	1206.0000
5727.3657	1205.0000
5727.4000	1186.0000
5727.4344	1223.0000
5727.4688	1247.0000
5727.5031	1222.0000
5727.5375	1313.0000
5727.5718	1373.0000
5727.6061	1299.0000
5727.6405	1313.0000
5727.6748	1303.0000
5727.7091	1344.0000
5727.7434	1340.0000
5727.7777	1375.0000
5727.8121	1431.0000
5727.8464	1325.0000
5727.8807	1392.0000
5727.9150	1399.0000
5727.9493	1330.0000
5727.9836	1304.0000
5728.0180	1374.0000
5728.0523	1403.0000
5728.0866	1290.0000
5728.1209	1269.0000
5728.1552	1334.0000
5728.1895	1341.0000
5728.2238	1338.0000
5728.2581	1402.0000
5728.2924	1449.0000
5728.3267	1408.0000
5728.3610	1379.0000
5728.3953	1370.0000
5728.4296	1351.0000
5728.4639	1397.0000
5728.4983	1412.0000
5728.5325	1467.0000
5728.5668	1461.0000
5728.6011	1475.0000
5728.6354	1480.0000
5728.6697	1358.0000
5728.7040	1413.0000
5728.7383	1330.0000
5728.7725	1405.0000
5728.8068	1390.0000
5728.8411	1378.0000
5728.8754	1362.0000
5728.9096	1379.0000
5728.9439	1354.0000
5728.9782	1347.0000
5729.0125	1295.0000
5729.0467	1255.0000
5729.0810	1277.0000
5729.1153	1258.0000
5729.1495	1279.0000
5729.1838	1346.0000
5729.2180	1366.0000
5729.2523	1363.0000
5729.2866	1373.0000
5729.3208	1450.0000
5729.3551	1450.0000
5729.3893	1466.0000
5729.4236	1421.0000
5729.4578	1372.0000
5729.4921	1376.0000
5729.5263	1316.0000
5729.5607	1311.0000
5729.5949	1400.0000
5729.6292	1470.0000
5729.6634	1435.0000
5729.6976	1454.0000
5729.7319	1410.0000
5729.7661	1419.0000
5729.8004	1365.0000
5729.8346	1329.0000
5729.8688	1261.0000
5729.9031	1262.0000
5729.9373	1299.0000
5729.9715	1339.0000
5730.0058	1394.0000
5730.0400	1426.0000
5730.0742	1359.0000
5730.1084	1339.0000
5730.1427	1358.0000
5730.1769	1335.0000
5730.2111	1346.0000
5730.2453	1346.0000
5730.2795	1361.0000
5730.3137	1310.0000
5730.3480	1353.0000
5730.3822	1378.0000
5730.4164	1403.0000
5730.4506	1431.0000
5730.4848	1502.0000
5730.5190	1563.0000
5730.5532	1539.0000
5730.5874	1474.0000
5730.6217	1399.0000
5730.6559	1413.0000
5730.6901	1400.0000
5730.7243	1492.0000
5730.7585	1575.0000
5730.7927	1585.0000
5730.8269	1698.0000
5730.8611	1673.0000
5730.8953	1715.0000
5730.9295	1722.0000
5730.9637	1625.0000
5730.9979	1540.0000
5731.0320	1502.0000
5731.0662	1482.0000
5731.1004	1463.0000
5731.1346	1448.0000
5731.1688	1451.0000
5731.2029	1515.0000
5731.2371	1482.0000
5731.2713	1438.0000
5731.3055	1453.0000
5731.3396	1393.0000
5731.3738	1418.0000
5731.4080	1406.0000
5731.4421	1490.0000
5731.4763	1472.0000
5731.5105	1483.0000
5731.5446	1474.0000
5731.5788	1558.0000
5731.6130	1551.0000
5731.6471	1548.0000
5731.6814	1498.0000
5731.7155	1484.0000
5731.7497	1499.0000
5731.7839	1600.0000
5731.8180	1614.0000
5731.8522	1636.0000
5731.8863	1682.0000
5731.9205	1611.0000
5731.9546	1657.0000
5731.9887	1514.0000
5732.0229	1562.0000
5732.0570	1523.0000
5732.0912	1542.0000
5732.1253	1632.0000
5732.1595	1736.0000
5732.1936	1779.0000
5732.2277	1839.0000
5732.2619	1745.0000
5732.2960	1694.0000
5732.3301	1656.0000
5732.3643	1473.0000
5732.3984	1514.0000
5732.4325	1614.0000
5732.4666	1668.0000
5732.5008	1664.0000
5732.5349	1683.0000
5732.5690	1734.0000
5732.6031	1769.0000
5732.6372	1733.0000
5732.6714	1676.0000
5732.7055	1603.0000
5732.7397	1537.0000
5732.7738	1556.0000
5732.8079	1540.0000
5732.8420	1535.0000
5732.8761	1598.0000
5732.9102	1726.0000
5732.9443	1662.0000
5732.9784	1630.0000
5733.0125	1693.0000
5733.0466	1721.0000
5733.0807	1666.0000
5733.1148	1624.0000
5733.1489	1636.0000
5733.1830	1595.0000
5733.2171	1551.0000
5733.2512	1633.0000
5733.2853	1702.0000
5733.3194	1694.0000
5733.3535	1673.0000
5733.3876	1718.0000
5733.4217	1712.0000
5733.4557	1665.0000
5733.4898	1635.0000
5733.5239	1589.0000
5733.5580	1682.0000
5733.5921	1704.0000
5733.6261	1758.0000
5733.6602	1789.0000
5733.6943	1754.0000
5733.7284	1741.0000
5733.7625	1714.0000
5733.7966	1715.0000
5733.8307	1678.0000
5733.8647	1610.0000
5733.8988	1632.0000
5733.9329	1627.0000
5733.9669	1729.0000
5734.0010	1786.0000
5734.0351	1784.0000
5734.0691	1892.0000
5734.1032	1836.0000
5734.1372	1763.0000
5734.1713	1723.0000
5734.2053	1756.0000
5734.2394	1687.0000
5734.2734	1742.0000
5734.3075	1767.0000
5734.3415	1949.0000
5734.3756	2070.0000
5734.4096	2057.0000
5734.4437	1952.0000
5734.4777	2014.0000
5734.5117	1990.0000
5734.5458	1924.0000
5734.5798	1945.0000
5734.6138	1837.0000
5734.6479	1732.0000
5734.6819	1764.0000
5734.7159	1841.0000
5734.7500	1918.0000
5734.7840	1916.0000
5734.8181	2016.0000
5734.8522	1996.0000
5734.8862	2073.0000
5734.9202	2114.0000
5734.9542	1950.0000
5734.9882	1912.0000
5735.0223	1853.0000
5735.0563	1770.0000
5735.0903	1774.0000
5735.1243	1876.0000
5735.1583	1894.0000
5735.1923	2058.0000
5735.2263	2094.0000
5735.2603	2042.0000
5735.2944	2041.0000
5735.3284	2034.0000
5735.3624	2045.0000
5735.3964	1975.0000
5735.4304	1781.0000
5735.4644	1745.0000
5735.4984	1659.0000
5735.5324	1576.0000
5735.5664	1580.0000
5735.6003	1574.0000
5735.6343	1541.0000
5735.6683	1577.0000
5735.7023	1518.0000
5735.7363	1569.0000
5735.7703	1598.0000
5735.8043	1603.0000
5735.8383	1605.0000
5735.8723	1582.0000
5735.9063	1604.0000
5735.9403	1637.0000
5735.9743	1648.0000
5736.0083	1728.0000
5736.0422	1820.0000
5736.0762	1942.0000
5736.1102	1954.0000
5736.1442	2017.0000
5736.1781	2043.0000
5736.2121	1956.0000
5736.2461	1934.0000
5736.2800	1917.0000
5736.3140	1851.0000
5736.3479	1866.0000
5736.3819	1826.0000
5736.4159	1788.0000
5736.4498	1813.0000
5736.4838	1769.0000
5736.5177	1772.0000
5736.5517	1823.0000
5736.5856	1780.0000
5736.6196	1780.0000
5736.6535	1769.0000
5736.6875	1673.0000
5736.7214	1644.0000
5736.7554	1603.0000
5736.7893	1611.0000
5736.8233	1565.0000
5736.8572	1534.0000
5736.8911	1521.0000
5736.9252	1522.0000
5736.9591	1596.0000
5736.9931	1644.0000
5737.0270	1682.0000
5737.0609	1694.0000
5737.0949	1795.0000
5737.1288	1753.0000
5737.1627	1697.0000
5737.1966	1702.0000
5737.2306	1693.0000
5737.2645	1775.0000
5737.2984	1919.0000
5737.3323	1932.0000
5737.3662	1858.0000
5737.4002	1844.0000
5737.4341	1775.0000
5737.4680	1819.0000
5737.5019	1796.0000
5737.5358	1815.0000
5737.5697	1787.0000
5737.6036	1762.0000
5737.6375	1740.0000
5737.6715	1805.0000
5737.7054	1881.0000
5737.7393	1925.0000
5737.7732	1958.0000
5737.8071	1933.0000
5737.8410	1948.0000
5737.8749	1913.0000
5737.9088	2032.0000
5737.9427	1974.0000
5737.9766	1887.0000
5738.0105	1829.0000
5738.0444	1895.0000
5738.0783	1902.0000
5738.1122	1815.0000
5738.1461	1779.0000
5738.1800	1792.0000
5738.2139	1821.0000
5738.2477	1831.0000
5738.2816	1960.0000
5738.3155	1937.0000
5738.3494	2012.0000
5738.3833	2035.0000
5738.4171	2056.0000
5738.4510	1931.0000
5738.4849	1923.0000
5738.5187	1953.0000
5738.5526	1941.0000
5738.5865	1840.0000
5738.6203	1855.0000
5738.6542	1919.0000
5738.6881	1946.0000
5738.7219	2003.0000
5738.7558	2107.0000
5738.7897	2102.0000
5738.8235	2178.0000
5738.8574	2185.0000
5738.8912	2185.0000
5738.9251	2165.0000
5738.9589	2048.0000
5738.9928	2011.0000
5739.0267	1958.0000
5739.0606	1960.0000
5739.0944	1904.0000
5739.1283	1899.0000
5739.1621	2013.0000
5739.1960	2029.0000
5739.2298	2083.0000
5739.2636	2063.0000
5739.2975	2062.0000
5739.3313	2205.0000
5739.3651	2149.0000
5739.3990	2208.0000
5739.4328	2229.0000
5739.4666	2227.0000
5739.5005	2168.0000
5739.5343	1973.0000
5739.5681	1962.0000
5739.6019	2016.0000
5739.6358	1935.0000
5739.6696	1961.0000
5739.7034	2051.0000
5739.7372	2012.0000
5739.7710	2030.0000
5739.8049	2117.0000
5739.8387	2127.0000
5739.8725	2121.0000
5739.9063	2211.0000
5739.9401	2219.0000
5739.9739	2214.0000
5740.0077	2217.0000
5740.0415	2206.0000
5740.0753	2188.0000
5740.1092	2102.0000
5740.1430	2011.0000
5740.1768	2021.0000
5740.2106	1900.0000
5740.2444	1993.0000
5740.2782	2021.0000
5740.3120	2018.0000
5740.3458	2212.0000
5740.3796	2215.0000
5740.4134	2337.0000
5740.4472	2339.0000
5740.4810	2353.0000
5740.5148	2352.0000
5740.5485	2254.0000
5740.5823	2199.0000
5740.6161	2100.0000
5740.6499	2074.0000
5740.6837	2035.0000
5740.7174	2026.0000
5740.7512	2129.0000
5740.7850	2218.0000
5740.8188	2236.0000
5740.8525	2345.0000
5740.8863	2460.0000
5740.9201	2540.0000
5740.9538	2598.0000
5740.9876	2510.0000
5741.0214	2463.0000
5741.0551	2389.0000
5741.0889	2316.0000
5741.1227	2277.0000
5741.1565	2183.0000
5741.1903	2079.0000
5741.2240	2145.0000
5741.2578	2178.0000
5741.2915	2132.0000
5741.3253	2135.0000
5741.3590	2200.0000
5741.3928	2239.0000
5741.4265	2308.0000
5741.4603	2375.0000
5741.4940	2449.0000
5741.5278	2518.0000
5741.5615	2572.0000
5741.5952	2478.0000
5741.6290	2429.0000
5741.6627	2423.0000
5741.6965	2257.0000
5741.7302	2264.0000
5741.7639	2215.0000
5741.7977	2190.0000
5741.8314	2327.0000
5741.8651	2208.0000
5741.8988	2244.0000
5741.9326	2357.0000
5741.9663	2298.0000
5742.0000	2387.0000
5742.0337	2480.0000
5742.0675	2583.0000
5742.1012	2677.0000
5742.1349	2659.0000
5742.1686	2570.0000
5742.2024	2451.0000
5742.2361	2401.0000
5742.2698	2339.0000
5742.3036	2335.0000
5742.3373	2214.0000
5742.3710	2255.0000
5742.4047	2181.0000
5742.4384	2266.0000
5742.4721	2359.0000
5742.5058	2353.0000
5742.5395	2343.0000
5742.5732	2414.0000
5742.6069	2464.0000
5742.6406	2544.0000
5742.6743	2566.0000
5742.7080	2550.0000
5742.7416	2453.0000
5742.7753	2412.0000
5742.8090	2403.0000
5742.8427	2342.0000
5742.8764	2267.0000
5742.9101	2212.0000
5742.9438	2162.0000
5742.9774	2273.0000
5743.0111	2306.0000
5743.0448	2335.0000
5743.0785	2409.0000
5743.1122	2509.0000
5743.1458	2565.0000
5743.1795	2651.0000
5743.2132	2747.0000
5743.2469	2707.0000
5743.2806	2744.0000
5743.3143	2715.0000
5743.3479	2614.0000
5743.3816	2569.0000
5743.4153	2498.0000
5743.4489	2375.0000
5743.4826	2349.0000
5743.5162	2345.0000
5743.5499	2287.0000
5743.5836	2374.0000
5743.6172	2435.0000
5743.6509	2551.0000
5743.6845	2623.0000
5743.7182	2645.0000
5743.7518	2584.0000
5743.7855	2650.0000
5743.8191	2727.0000
5743.8527	2701.0000
5743.8864	2722.0000
5743.9200	2829.0000
5743.9537	2808.0000
5743.9873	2766.0000
5744.0209	2770.0000
5744.0546	2592.0000
5744.0882	2470.0000
5744.1218	2374.0000
5744.1555	2406.0000
5744.1891	2456.0000
5744.2227	2573.0000
5744.2564	2644.0000
5744.2901	2727.0000
5744.3237	2821.0000
5744.3573	2932.0000
5744.3909	2867.0000
5744.4246	2804.0000
5744.4582	2845.0000
5744.4918	2767.0000
5744.5254	2795.0000
5744.5590	2759.0000
5744.5926	2614.0000
5744.6262	2516.0000
5744.6599	2422.0000
5744.6935	2446.0000
5744.7271	2457.0000
5744.7607	2457.0000
5744.7943	2407.0000
5744.8279	2473.0000
5744.8615	2533.0000
5744.8951	2718.0000
5744.9287	2689.0000
5744.9623	2684.0000
5744.9959	2786.0000
5745.0295	2842.0000
5745.0631	2932.0000
5745.0966	2868.0000
5745.1302	2868.0000
5745.1638	2664.0000
5745.1974	2635.0000
5745.2310	2546.0000
5745.2646	2538.0000
5745.2982	2505.0000
5745.3317	2536.0000
5745.3654	2555.0000
5745.3990	2623.0000
5745.4326	2723.0000
5745.4661	2793.0000
5745.4997	2901.0000
5745.5333	3036.0000
5745.5669	3092.0000
5745.6004	3096.0000
5745.6340	3160.0000
5745.6676	3133.0000
5745.7011	2998.0000
5745.7347	3011.0000
5745.7682	2874.0000
5745.8018	2785.0000
5745.8354	2691.0000
5745.8689	2555.0000
5745.9025	2532.0000
5745.9360	2444.0000
5745.9696	2438.0000
5746.0031	2472.0000
5746.0367	2464.0000
5746.0702	2531.0000
5746.1038	2686.0000
5746.1373	2752.0000
5746.1709	2888.0000
5746.2044	2887.0000
5746.2380	2951.0000
5746.2715	2996.0000
5746.3050	2966.0000
5746.3386	2923.0000
5746.3721	2898.0000
5746.4057	2845.0000
5746.4393	2734.0000
5746.4728	2613.0000
5746.5063	2634.0000
5746.5399	2581.0000
5746.5734	2616.0000
5746.6069	2612.0000
5746.6404	2640.0000
5746.6740	2721.0000
5746.7075	2780.0000
5746.7410	2888.0000
5746.7745	2924.0000
5746.8080	2911.0000
5746.8416	2897.0000
5746.8751	2934.0000
5746.9086	2794.0000
5746.9421	2753.0000
5746.9756	2628.0000
5747.0091	2596.0000
5747.0426	2634.0000
5747.0761	2500.0000
5747.1096	2483.0000
5747.1431	2465.0000
5747.1766	2462.0000
5747.2101	2520.0000
5747.2436	2620.0000
5747.2771	2614.0000
5747.3106	2564.0000
5747.3441	2726.0000
5747.3776	2830.0000
5747.4111	2889.0000
5747.4446	3010.0000
5747.4782	3018.0000
5747.5117	3163.0000
5747.5451	3095.0000
5747.5786	3041.0000
5747.6121	3010.0000
5747.6456	3006.0000
5747.6791	2961.0000
5747.7125	2812.0000
5747.7460	2666.0000
5747.7795	2492.0000
5747.8130	2492.0000
5747.8464	2431.0000
5747.8799	2481.0000
5747.9134	2538.0000
5747.9469	2549.0000
5747.9803	2517.0000
5748.0138	2388.0000
5748.0472	2379.0000
5748.0807	2274.0000
5748.1142	2155.0000
5748.1476	2074.0000
5748.1811	1994.0000
5748.2145	1983.0000
5748.2480	2101.0000
5748.2814	2149.0000
5748.3149	2060.0000
5748.3484	2010.0000
5748.3818	2011.0000
5748.4152	2041.0000
5748.4487	2113.0000
5748.4821	2145.0000
5748.5157	2242.0000
5748.5491	2261.0000
5748.5826	2237.0000
5748.6160	2245.0000
5748.6494	2255.0000
5748.6829	2347.0000
5748.7163	2363.0000
5748.7497	2408.0000
5748.7832	2468.0000
5748.8166	2522.0000
5748.8500	2525.0000
5748.8835	2562.0000
5748.9169	2581.0000
5748.9503	2606.0000
5748.9837	2523.0000
5749.0172	2503.0000
5749.0506	2514.0000
5749.0840	2471.0000
5749.1174	2392.0000
5749.1508	2451.0000
5749.1842	2539.0000
5749.2177	2359.0000
5749.2511	2408.0000
5749.2845	2440.0000
5749.3179	2486.0000
5749.3513	2565.0000
5749.3847	2631.0000
5749.4181	2706.0000
5749.4515	2731.0000
5749.4849	2801.0000
5749.5183	2792.0000
5749.5518	2708.0000
5749.5852	2591.0000
5749.6186	2524.0000
5749.6520	2490.0000
5749.6854	2475.0000
5749.7188	2486.0000
5749.7522	2571.0000
5749.7856	2556.0000
5749.8189	2614.0000
5749.8523	2655.0000
5749.8857	2763.0000
5749.9191	2728.0000
5749.9525	2776.0000
5749.9859	2803.0000
5750.0192	2881.0000
5750.0526	2947.0000
5750.0860	2979.0000
5750.1194	2900.0000
5750.1527	2839.0000
5750.1861	2872.0000
5750.2195	2905.0000
5750.2528	2884.0000
5750.2862	2917.0000
5750.3196	2895.0000
5750.3529	2794.0000
5750.3863	2859.0000
5750.4197	2893.0000
5750.4530	2789.0000
5750.4864	2686.0000
5750.5197	2723.0000
5750.5531	2888.0000
5750.5864	2955.0000
5750.6199	2888.0000
5750.6533	2973.0000
5750.6866	2995.0000
5750.7200	3031.0000
5750.7533	3064.0000
5750.7866	3097.0000
5750.8200	3074.0000
5750.8533	3089.0000
5750.8867	3167.0000
5750.9200	3097.0000
5750.9533	3107.0000
5750.9867	3016.0000
5751.0200	2913.0000
5751.0534	2909.0000
5751.0867	2928.0000
5751.1200	2905.0000
5751.1533	2986.0000
5751.1867	3012.0000
5751.2200	3024.0000
5751.2533	3111.0000
5751.2866	3240.0000
5751.3200	3248.0000
5751.3533	3277.0000
5751.3866	3277.0000
5751.4199	3382.0000
5751.4532	3422.0000
5751.4866	3432.0000
5751.5199	3458.0000
5751.5532	3479.0000
5751.5865	3508.0000
5751.6198	3517.0000
5751.6531	3444.0000
5751.6865	3351.0000
5751.7198	3218.0000
5751.7531	3118.0000
5751.7864	3077.0000
5751.8197	3047.0000
5751.8530	3004.0000
5751.8863	3004.0000
5751.9196	3147.0000
5751.9529	3208.0000
5751.9862	3122.0000
5752.0195	3167.0000
5752.0528	3230.0000
5752.0861	3248.0000
5752.1194	3232.0000
5752.1527	3244.0000
5752.1859	3237.0000
5752.2192	3149.0000
5752.2525	3275.0000
5752.2858	3287.0000
5752.3191	3319.0000
5752.3523	3393.0000
5752.3856	3379.0000
5752.4189	3481.0000
5752.4522	3434.0000
5752.4854	3414.0000
5752.5187	3349.0000
5752.5520	3316.0000
5752.5852	3319.0000
5752.6185	3341.0000
5752.6518	3228.0000
5752.6850	3188.0000
5752.7184	3222.0000
5752.7517	3246.0000
5752.7849	3307.0000
5752.8182	3380.0000
5752.8514	3466.0000
5752.8847	3527.0000
5752.9179	3596.0000
5752.9512	3655.0000
5752.9844	3621.0000
5753.0177	3531.0000
5753.0509	3423.0000
5753.0842	3408.0000
5753.1174	3355.0000
5753.1507	3223.0000
5753.1839	3150.0000
5753.2171	3229.0000
5753.2504	3334.0000
5753.2836	3359.0000
5753.3169	3316.0000
5753.3501	3439.0000
5753.3833	3480.0000
5753.4165	3492.0000
5753.4498	3387.0000
5753.4830	3414.0000
5753.5162	3452.0000
5753.5495	3303.0000
5753.5827	3216.0000
5753.6159	3110.0000
5753.6491	2938.0000
5753.6823	2911.0000
5753.7156	2879.0000
5753.7488	2886.0000
5753.7821	2721.0000
5753.8153	2664.0000
5753.8485	2768.0000
5753.8817	2737.0000
5753.9149	2819.0000
5753.9481	2707.0000
5753.9814	2804.0000
5754.0146	2776.0000
5754.0478	2799.0000
5754.0810	2746.0000
5754.1142	2810.0000
5754.1474	2905.0000
5754.1806	2890.0000
5754.2138	2815.0000
5754.2470	2843.0000
5754.2801	2831.0000
5754.3133	2903.0000
5754.3465	2890.0000
5754.3797	2898.0000
5754.4129	2819.0000
5754.4461	2771.0000
5754.4793	2812.0000
5754.5125	2697.0000
5754.5456	2592.0000
5754.5788	2585.0000
5754.6120	2627.0000
5754.6452	2507.0000
5754.6784	2620.0000
5754.7115	2613.0000
5754.7447	2677.0000
5754.7779	2790.0000
5754.8110	2729.0000
5754.8443	2755.0000
5754.8775	2858.0000
5754.9106	2818.0000
5754.9438	2843.0000
5754.9770	2902.0000
5755.0101	2976.0000
5755.0433	3070.0000
5755.0765	3060.0000
5755.1096	3117.0000
5755.1428	3097.0000
5755.1759	3090.0000
5755.2091	3165.0000
5755.2422	3054.0000
5755.2754	2988.0000
5755.3085	2922.0000
5755.3417	2800.0000
5755.3748	2816.0000
5755.4080	2794.0000
5755.4411	2792.0000
5755.4742	2814.0000
5755.5074	2789.0000
5755.5405	2811.0000
5755.5737	2798.0000
5755.6068	2691.0000
5755.6399	2790.0000
5755.6731	2775.0000
5755.7062	2816.0000
5755.7393	2862.0000
5755.7725	3004.0000
5755.8056	3009.0000
5755.8387	3016.0000
5755.8719	3063.0000
5755.9051	3037.0000
5755.9382	3003.0000
5755.9713	2956.0000
5756.0044	2911.0000
5756.0375	2888.0000
5756.0706	2929.0000
5756.1038	2910.0000
5756.1369	2778.0000
5756.1700	2813.0000
5756.2031	2814.0000
5756.2362	2774.0000
5756.2693	2763.0000
5756.3024	2753.0000
5756.3355	2761.0000
5756.3686	2869.0000
5756.4017	2825.0000
5756.4348	2908.0000
5756.4679	2872.0000
5756.5010	2777.0000
5756.5341	2781.0000
5756.5672	2945.0000
5756.6003	2844.0000
5756.6334	2971.0000
5756.6665	3053.0000
5756.6996	3045.0000
5756.7326	3119.0000
5756.7657	3173.0000
5756.7988	3122.0000
5756.8319	3071.0000
5756.8650	3087.0000
5756.8981	3063.0000
5756.9312	2983.0000
5756.9643	3054.0000
5756.9974	2981.0000
5757.0305	3045.0000
5757.0635	3000.0000
5757.0966	2962.0000
5757.1297	2990.0000
5757.1627	2934.0000
5757.1958	2864.0000
5757.2289	2891.0000
5757.2619	3050.0000
5757.2950	3069.0000
5757.3281	3062.0000
5757.3611	3072.0000
5757.3942	3093.0000
5757.4272	3131.0000
5757.4603	3114.0000
5757.4933	2999.0000
5757.5264	3041.0000
5757.5594	3004.0000
5757.5925	2876.0000
5757.6255	2865.0000
5757.6586	2908.0000
5757.6916	2954.0000
5757.7247	3036.0000
5757.7577	3084.0000
5757.7907	3156.0000
5757.8238	3143.0000
5757.8568	3216.0000
5757.8899	3240.0000
5757.9229	3380.0000
5757.9559	3400.0000
5757.9891	3312.0000
5758.0221	3302.0000
5758.0551	3417.0000
5758.0881	3390.0000
5758.1212	3300.0000
5758.1542	3280.0000
5758.1872	3206.0000
5758.2202	3196.0000
5758.2533	3258.0000
5758.2863	3245.0000
5758.3193	3078.0000
5758.3523	3123.0000
5758.3853	3140.0000
5758.4183	3045.0000
5758.4513	3043.0000
5758.4843	3047.0000
5758.5174	3067.0000
5758.5504	3080.0000
5758.5834	3181.0000
5758.6164	3153.0000
5758.6494	3225.0000
5758.6824	3113.0000
5758.7154	3118.0000
5758.7484	3085.0000
5758.7814	3111.0000
5758.8144	3294.0000
5758.8474	3229.0000
5758.8803	3200.0000
5758.9133	3265.0000
5758.9463	3170.0000
5758.9793	2943.0000
5759.0123	2938.0000
5759.0454	2844.0000
5759.0784	2799.0000
5759.1114	2754.0000
5759.1443	2711.0000
5759.1773	2635.0000
5759.2103	2632.0000
5759.2433	2687.0000
5759.2762	2690.0000
5759.3092	2727.0000
5759.3422	2738.0000
5759.3752	2802.0000
5759.4081	2837.0000
5759.4411	2795.0000
5759.4741	2812.0000
5759.5070	2897.0000
5759.5400	2984.0000
5759.5729	2819.0000
5759.6059	2770.0000
5759.6389	2766.0000
5759.6718	2756.0000
5759.7048	2663.0000
5759.7377	2567.0000
5759.7707	2539.0000
5759.8036	2595.0000
5759.8366	2568.0000
5759.8695	2496.0000
5759.9025	2540.0000
5759.9354	2631.0000
5759.9684	2626.0000
5760.0013	2617.0000
5760.0343	2664.0000
5760.0672	2764.0000
5760.1002	2803.0000
5760.1332	2767.0000
5760.1661	2759.0000
5760.1990	2895.0000
5760.2320	2926.0000
5760.2649	2862.0000
5760.2978	2886.0000
5760.3308	2872.0000
5760.3637	2906.0000
5760.3966	2889.0000
5760.4295	2914.0000
5760.4625	2966.0000
5760.4954	2997.0000
5760.5283	3035.0000
5760.5612	3116.0000
5760.5941	3177.0000
5760.6271	3132.0000
5760.6600	3097.0000
5760.6929	3159.0000
5760.7258	3071.0000
5760.7587	2986.0000
5760.7916	2978.0000
5760.8245	3029.0000
5760.8574	2924.0000
5760.8903	2914.0000
5760.9232	2950.0000
5760.9561	2898.0000
5760.9890	2858.0000
5761.0219	2862.0000
5761.0548	2908.0000
5761.0877	2903.0000
5761.1206	2928.0000
5761.1536	3053.0000
5761.1865	3057.0000
5761.2194	3120.0000
5761.2523	3089.0000
5761.2852	3089.0000
5761.3180	3039.0000
5761.3509	3073.0000
5761.3838	3043.0000
5761.4167	3032.0000
5761.4496	3049.0000
5761.4824	3034.0000
5761.5153	3040.0000
5761.5482	3021.0000
5761.5811	3011.0000
5761.6139	3099.0000
5761.6468	3087.0000
5761.6797	3133.0000
5761.7125	3198.0000
5761.7454	3105.0000
5761.7783	3080.0000
5761.8111	3008.0000
5761.8440	2962.0000
5761.8769	2899.0000
5761.9097	2931.0000
5761.9426	2894.0000
5761.9754	2936.0000
5762.0083	3003.0000
5762.0411	2922.0000
5762.0740	2898.0000
5762.1068	2953.0000
5762.1397	2809.0000
5762.1725	2796.0000
5762.2055	2644.0000
5762.2383	2616.0000
5762.2712	2693.0000
5762.3040	2651.0000
5762.3368	2738.0000
5762.3697	2685.0000
5762.4025	2627.0000
5762.4354	2675.0000
5762.4682	2804.0000
5762.5010	2797.0000
5762.5339	2773.0000
5762.5667	2705.0000
5762.5995	2719.0000
5762.6323	2652.0000
5762.6652	2637.0000
5762.6980	2659.0000
5762.7308	2646.0000
5762.7636	2729.0000
5762.7965	2720.0000
5762.8293	2732.0000
5762.8621	2722.0000
5762.8949	2783.0000
5762.9277	2747.0000
5762.9605	2797.0000
5762.9933	2841.0000
5763.0261	2785.0000
5763.0590	2812.0000
5763.0918	2848.0000
5763.1246	2880.0000
5763.1574	2914.0000
5763.1902	3024.0000
5763.2230	2974.0000
5763.2559	2929.0000
5763.2887	2955.0000
5763.3215	3010.0000
5763.3543	3043.0000
5763.3871	2979.0000
5763.4198	3015.0000
5763.4526	3045.0000
5763.4854	2981.0000
5763.5182	2993.0000
5763.5510	3001.0000
5763.5838	2987.0000
5763.6166	3134.0000
5763.6493	3103.0000
5763.6821	3143.0000
5763.7149	3169.0000
5763.7477	3197.0000
5763.7805	3227.0000
5763.8132	3167.0000
5763.8460	3228.0000
5763.8788	3216.0000
5763.9115	3151.0000
5763.9443	3117.0000
5763.9771	3114.0000
5764.0098	3002.0000
5764.0426	2942.0000
5764.0754	2866.0000
5764.1081	2905.0000
5764.1409	3014.0000
5764.1737	2856.0000
5764.2064	2829.0000
5764.2392	2972.0000
5764.2719	3021.0000
5764.3048	2932.0000
5764.3375	2810.0000
5764.3703	2799.0000
5764.4030	2887.0000
5764.4358	2761.0000
5764.4685	2700.0000
5764.5013	2702.0000
5764.5340	2692.0000
5764.5667	2753.0000
5764.5995	2762.0000
5764.6322	2750.0000
5764.6650	2862.0000
5764.6977	2972.0000
5764.7304	2970.0000
5764.7632	3048.0000
5764.7959	2986.0000
5764.8286	2976.0000
5764.8613	2981.0000
5764.8941	2970.0000
5764.9268	2953.0000
5764.9595	2977.0000
5764.9922	2915.0000
5765.0250	2871.0000
5765.0577	2961.0000
5765.0904	2955.0000
5765.1231	2925.0000
5765.1558	2905.0000
5765.1885	2980.0000
5765.2213	2961.0000
5765.2540	2889.0000
5765.2867	3038.0000
5765.3194	3032.0000
5765.3522	3082.0000
5765.3849	3183.0000
5765.4176	3106.0000
5765.4503	3124.0000
5765.4830	3095.0000
5765.5157	3092.0000
5765.5484	3113.0000
5765.5811	3125.0000
5765.6138	3174.0000
5765.6465	3155.0000
5765.6792	3128.0000
5765.7119	3136.0000
5765.7445	3184.0000
5765.7772	3184.0000
5765.8099	3182.0000
5765.8426	3153.0000
5765.8753	3160.0000
5765.9080	3216.0000
5765.9406	3192.0000
5765.9733	3221.0000
5766.0060	3342.0000
5766.0387	3382.0000
5766.0713	3319.0000
5766.1040	3258.0000
5766.1367	3241.0000
5766.1694	3294.0000
5766.2020	3342.0000
5766.2347	3240.0000
5766.2674	3211.0000
5766.3000	3117.0000
5766.3327	3090.0000
5766.3653	3144.0000
5766.3981	3161.0000
5766.4308	3075.0000
5766.4634	3092.0000
5766.4961	3021.0000
5766.5287	3091.0000
5766.5614	3158.0000
5766.5940	3076.0000
5766.6267	3051.0000
5766.6593	3009.0000
5766.6920	3140.0000
5766.7246	3146.0000
5766.7573	3142.0000
5766.7899	3125.0000
5766.8225	3109.0000
5766.8552	3171.0000
5766.8878	3123.0000
5766.9205	3174.0000
5766.9531	3181.0000
5766.9857	3182.0000
5767.0184	3224.0000
5767.0510	3239.0000
5767.0836	3202.0000
5767.1162	3234.0000
5767.1489	3272.0000
5767.1815	3318.0000
5767.2141	3388.0000
5767.2467	3329.0000
5767.2794	3197.0000
5767.3120	3248.0000
5767.3446	3245.0000
5767.3772	3185.0000
5767.4098	3234.0000
5767.4424	3269.0000
5767.4751	3309.0000
5767.5078	3214.0000
5767.5404	3195.0000
5767.5730	3247.0000
5767.6056	3223.0000
5767.6382	3124.0000
5767.6708	3144.0000
5767.7034	3220.0000
5767.7360	3197.0000
5767.7686	3322.0000
5767.8012	3276.0000
5767.8338	3272.0000
5767.8664	3176.0000
5767.8990	3117.0000
5767.9316	3106.0000
5767.9641	3133.0000
5767.9967	3207.0000
5768.0293	3245.0000
5768.0619	3305.0000
5768.0945	3355.0000
5768.1271	3338.0000
5768.1597	3394.0000
5768.1922	3336.0000
5768.2248	3234.0000
5768.2574	3272.0000
5768.2900	3379.0000
5768.3225	3329.0000
5768.3551	3209.0000
5768.3877	3142.0000
5768.4202	3153.0000
5768.4528	3143.0000
5768.4854	3197.0000
5768.5180	3189.0000
5768.5506	3177.0000
5768.5832	3180.0000
5768.6157	3217.0000
5768.6483	3237.0000
5768.6808	3332.0000
5768.7134	3450.0000
5768.7460	3528.0000
5768.7785	3619.0000
5768.8111	3743.0000
5768.8436	3660.0000
5768.8762	3646.0000
5768.9087	3531.0000
5768.9413	3446.0000
5768.9738	3388.0000
5769.0063	3351.0000
5769.0389	3260.0000
5769.0714	3227.0000
5769.1040	3197.0000
5769.1365	3190.0000
5769.1690	3252.0000
5769.2016	3327.0000
5769.2341	3302.0000
5769.2666	3357.0000
5769.2992	3364.0000
5769.3317	3436.0000
5769.3642	3483.0000
5769.3967	3576.0000
5769.4293	3684.0000
5769.4618	3739.0000
5769.4943	3764.0000
5769.5268	3723.0000
5769.5594	3639.0000
5769.5920	3513.0000
5769.6245	3475.0000
5769.6570	3361.0000
5769.6895	3178.0000
5769.7220	3183.0000
5769.7545	3249.0000
5769.7870	3286.0000
5769.8195	3348.0000
5769.8520	3421.0000
5769.8845	3468.0000
5769.9170	3530.0000
5769.9495	3516.0000
5769.9820	3484.0000
5770.0145	3521.0000
5770.0470	3434.0000
5770.0795	3519.0000
5770.1120	3514.0000
5770.1445	3524.0000
5770.1770	3511.0000
5770.2095	3684.0000
5770.2420	3617.0000
5770.2745	3596.0000
5770.3070	3463.0000
5770.3394	3360.0000
5770.3719	3345.0000
5770.4044	3355.0000
5770.4369	3368.0000
5770.4694	3355.0000
5770.5018	3404.0000
5770.5343	3448.0000
5770.5668	3487.0000
5770.5992	3541.0000
5770.6318	3580.0000
5770.6643	3550.0000
5770.6968	3504.0000
5770.7292	3456.0000
5770.7617	3418.0000
5770.7941	3360.0000
5770.8266	3403.0000
5770.8591	3459.0000
5770.8915	3459.0000
5770.9240	3432.0000
5770.9564	3520.0000
5770.9889	3499.0000
5771.0213	3522.0000
5771.0538	3600.0000
5771.0862	3624.0000
5771.1187	3634.0000
5771.1511	3576.0000
5771.1836	3543.0000
5771.2160	3440.0000
5771.2485	3459.0000
5771.2809	3373.0000
5771.3133	3277.0000
5771.3458	3190.0000
5771.3782	3296.0000
5771.4107	3455.0000
5771.4431	3434.0000
5771.4755	3431.0000
5771.5080	3362.0000
5771.5404	3316.0000
5771.5728	3378.0000
5771.6052	3333.0000
5771.6377	3334.0000
5771.6702	3236.0000
5771.7026	3296.0000
5771.7350	3325.0000
5771.7674	3458.0000
5771.7999	3594.0000
5771.8323	3669.0000
5771.8647	3684.0000
5771.8971	3642.0000
5771.9295	3703.0000
5771.9619	3648.0000
5771.9943	3701.0000
5772.0267	3663.0000
5772.0591	3578.0000
5772.0916	3603.0000
5772.1240	3523.0000
5772.1564	3397.0000
5772.1888	3440.0000
5772.2212	3413.0000
5772.2536	3395.0000
5772.2859	3460.0000
5772.3183	3516.0000
5772.3507	3456.0000
5772.3831	3369.0000
5772.4155	3292.0000
5772.4479	3271.0000
5772.4803	3416.0000
5772.5127	3529.0000
5772.5451	3477.0000
5772.5774	3494.0000
5772.6098	3477.0000
5772.6422	3449.0000
5772.6746	3310.0000
5772.7070	3191.0000
5772.7394	3139.0000
5772.7718	3168.0000
5772.8042	3050.0000
5772.8365	3106.0000
5772.8689	3113.0000
5772.9013	3200.0000
5772.9336	3344.0000
5772.9660	3388.0000
5772.9984	3367.0000
5773.0307	3373.0000
5773.0631	3297.0000
5773.0955	3216.0000
5773.1278	3262.0000
5773.1602	3200.0000
5773.1925	3125.0000
5773.2249	3181.0000
5773.2572	3263.0000
5773.2896	3279.0000
5773.3219	3409.0000
5773.3543	3542.0000
5773.3866	3562.0000
5773.4190	3725.0000
5773.4513	3778.0000
5773.4837	3843.0000
5773.5160	3945.0000
5773.5483	4017.0000
5773.5807	3922.0000
5773.6130	3852.0000
5773.6453	3836.0000
5773.6777	3668.0000
5773.7100	3522.0000
5773.7423	3402.0000
5773.7748	3409.0000
5773.8071	3363.0000
5773.8394	3371.0000
5773.8717	3375.0000
5773.9041	3419.0000
5773.9364	3340.0000
5773.9687	3312.0000
5774.0010	3407.0000
5774.0333	3416.0000
5774.0656	3427.0000
5774.0980	3455.0000
5774.1303	3407.0000
5774.1626	3445.0000
5774.1949	3442.0000
5774.2272	3606.0000
5774.2595	3574.0000
5774.2918	3718.0000
5774.3241	3802.0000
5774.3564	3788.0000
5774.3887	3747.0000
5774.4210	3826.0000
5774.4533	3804.0000
5774.4856	3895.0000
5774.5179	3813.0000
5774.5502	3744.0000
5774.5825	3695.0000
5774.6148	3721.0000
5774.6471	3639.0000
5774.6794	3624.0000
5774.7116	3686.0000
5774.7439	3605.0000
5774.7762	3582.0000
5774.8085	3562.0000
5774.8409	3669.0000
5774.8731	3570.0000
5774.9054	3635.0000
5774.9377	3642.0000
5774.9700	3662.0000
5775.0022	3514.0000
5775.0345	3337.0000
5775.0668	3357.0000
5775.0991	3343.0000
5775.1313	3354.0000
5775.1636	3391.0000
5775.1958	3287.0000
5775.2281	3255.0000
5775.2604	3347.0000
5775.2926	3342.0000
5775.3249	3222.0000
5775.3571	3225.0000
5775.3894	3141.0000
5775.4217	3182.0000
5775.4539	3057.0000
5775.4862	3111.0000
5775.5184	3063.0000
5775.5507	3088.0000
5775.5829	3021.0000
5775.6151	3113.0000
5775.6474	3162.0000
5775.6796	3301.0000
5775.7119	3378.0000
5775.7441	3477.0000
5775.7763	3474.0000
5775.8086	3503.0000
5775.8408	3561.0000
5775.8732	3568.0000
5775.9054	3534.0000
5775.9376	3475.0000
5775.9698	3532.0000
5776.0021	3423.0000
5776.0343	3322.0000
5776.0665	3341.0000
5776.0987	3314.0000
5776.1310	3446.0000
5776.1632	3502.0000
5776.1954	3509.0000
5776.2276	3518.0000
5776.2598	3533.0000
5776.2921	3532.0000
5776.3243	3561.0000
5776.3565	3498.0000
5776.3887	3472.0000
5776.4209	3410.0000
5776.4531	3430.0000
5776.4853	3467.0000
5776.5175	3457.0000
5776.5497	3532.0000
5776.5819	3604.0000
5776.6141	3699.0000
5776.6463	3636.0000
5776.6785	3562.0000
5776.7107	3531.0000
5776.7429	3523.0000
5776.7751	3445.0000
5776.8073	3359.0000
5776.8395	3285.0000
5776.8717	3280.0000
5776.9038	3341.0000
5776.9361	3343.0000
5776.9683	3423.0000
5777.0005	3491.0000
5777.0327	3603.0000
5777.0648	3696.0000
5777.0970	3757.0000
5777.1292	3868.0000
5777.1614	3823.0000
5777.1936	3827.0000
5777.2257	3800.0000
5777.2579	3839.0000
5777.2901	3758.0000
5777.3222	3611.0000
5777.3544	3444.0000
5777.3866	3422.0000
5777.4187	3481.0000
5777.4509	3572.0000
5777.4830	3644.0000
5777.5152	3705.0000
5777.5474	3726.0000
5777.5795	3876.0000
5777.6117	3763.0000
5777.6438	3712.0000
5777.6760	3723.0000
5777.7081	3625.0000
5777.7403	3572.0000
5777.7724	3501.0000
5777.8046	3521.0000
5777.8367	3440.0000
5777.8688	3531.0000
5777.9010	3552.0000
5777.9331	3601.0000
5777.9653	3566.0000
5777.9975	3612.0000
5778.0296	3632.0000
5778.0618	3623.0000
5778.0939	3654.0000
5778.1260	3618.0000
5778.1582	3689.0000
5778.1903	3623.0000
5778.2224	3606.0000
5778.2545	3525.0000
5778.2867	3469.0000
5778.3188	3281.0000
5778.3509	3261.0000
5778.3830	3308.0000
5778.4151	3281.0000
5778.4473	3148.0000
5778.4794	3153.0000
5778.5115	3141.0000
5778.5436	3184.0000
5778.5757	3268.0000
5778.6078	3352.0000
5778.6399	3268.0000
5778.6720	3280.0000
5778.7041	3374.0000
5778.7362	3231.0000
5778.7683	3289.0000
5778.8004	3359.0000
5778.8325	3302.0000
5778.8646	3280.0000
5778.8967	3398.0000
5778.9288	3383.0000
5778.9609	3422.0000
5778.9930	3479.0000
5779.0251	3419.0000
5779.0573	3379.0000
5779.0894	3445.0000
5779.1215	3363.0000
5779.1535	3344.0000
5779.1856	3370.0000
5779.2177	3301.0000
5779.2498	3277.0000
5779.2819	3300.0000
5779.3139	3295.0000
5779.3460	3275.0000
5779.3781	3364.0000
5779.4102	3370.0000
5779.4422	3434.0000
5779.4743	3384.0000
5779.5064	3431.0000
5779.5384	3554.0000
5779.5705	3670.0000
5779.6026	3686.0000
5779.6346	3775.0000
5779.6667	3887.0000
5779.6987	3825.0000
5779.7308	3880.0000
5779.7629	3782.0000
5779.7949	3761.0000
5779.8270	3741.0000
5779.8590	3619.0000
5779.8911	3585.0000
5779.9231	3574.0000
5779.9552	3541.0000
5779.9872	3476.0000
5780.0192	3425.0000
5780.0513	3403.0000
5780.0834	3442.0000
5780.1155	3423.0000
5780.1475	3341.0000
5780.1795	3373.0000
5780.2116	3459.0000
5780.2436	3377.0000
5780.2756	3422.0000
5780.3077	3522.0000
5780.3397	3670.0000
5780.3717	3748.0000
5780.4038	3754.0000
5780.4358	4001.0000
5780.4678	4077.0000
5780.4998	4116.0000
5780.5319	4228.0000
5780.5639	4311.0000
5780.5959	4192.0000
5780.6279	4114.0000
5780.6599	3970.0000
5780.6919	3867.0000
5780.7239	3848.0000
5780.7560	3718.0000
5780.7880	3587.0000
5780.8200	3438.0000
5780.8520	3470.0000
5780.8840	3437.0000
5780.9160	3408.0000
5780.9480	3374.0000
5780.9800	3395.0000
5781.0120	3380.0000
5781.0440	3469.0000
5781.0760	3409.0000
5781.1080	3433.0000
5781.1401	3470.0000
5781.1721	3513.0000
5781.2040	3546.0000
5781.2360	3633.0000
5781.2680	3642.0000
5781.3000	3695.0000
5781.3320	3741.0000
5781.3640	3675.0000
5781.3960	3665.0000
5781.4279	3759.0000
5781.4599	3828.0000
5781.4919	3896.0000
5781.5239	3836.0000
5781.5558	3938.0000
5781.5878	3917.0000
5781.6198	3908.0000
5781.6517	3936.0000
5781.6837	4001.0000
5781.7157	4000.0000
5781.7476	4049.0000
5781.7796	4034.0000
5781.8116	4089.0000
5781.8435	4105.0000
5781.8755	4098.0000
5781.9074	4059.0000
5781.9394	3976.0000
5781.9714	3932.0000
5782.0033	3744.0000
5782.0353	3658.0000
5782.0672	3549.0000
5782.0992	3361.0000
5782.1311	3423.0000
5782.1631	3421.0000
5782.1951	3458.0000
5782.2270	3358.0000
5782.2590	3393.0000
5782.2909	3560.0000
5782.3229	3594.0000
5782.3548	3663.0000
5782.3867	3773.0000
5782.4187	3788.0000
5782.4506	3774.0000
5782.4825	3836.0000
5782.5145	3853.0000
5782.5464	3827.0000
5782.5783	3960.0000
5782.6102	4040.0000
5782.6422	3981.0000
5782.6741	3979.0000
5782.7060	3969.0000
5782.7379	4147.0000
5782.7698	4037.0000
5782.8018	4020.0000
5782.8337	4002.0000
5782.8656	3952.0000
5782.8975	3883.0000
5782.9294	3895.0000
5782.9613	3892.0000
5782.9932	3853.0000
5783.0251	3798.0000
5783.0570	3799.0000
5783.0889	3679.0000
5783.1208	3698.0000
5783.1527	3630.0000
5783.1846	3618.0000
5783.2165	3592.0000
5783.2485	3652.0000
5783.2804	3658.0000
5783.3123	3658.0000
5783.3442	3621.0000
5783.3761	3686.0000
5783.4080	3762.0000
5783.4399	3816.0000
5783.4718	4005.0000
5783.5037	4227.0000
5783.5355	4168.0000
5783.5674	4115.0000
5783.5993	4012.0000
5783.6312	3869.0000
5783.6631	3872.0000
5783.6949	3836.0000
5783.7268	3759.0000
5783.7587	3733.0000
5783.7905	3641.0000
5783.8224	3697.0000
5783.8543	3739.0000
5783.8861	3802.0000
5783.9180	3911.0000
5783.9499	3917.0000
5783.9817	4070.0000
5784.0136	4202.0000
5784.0455	4161.0000
5784.0773	3994.0000
5784.1092	3904.0000
5784.1410	3665.0000
5784.1729	3531.0000
5784.2047	3473.0000
5784.2366	3379.0000
5784.2684	3227.0000
5784.3004	3251.0000
5784.3322	3239.0000
5784.3641	3311.0000
5784.3959	3435.0000
5784.4278	3465.0000
5784.4596	3446.0000
5784.4914	3579.0000
5784.5233	3660.0000
5784.5551	3610.0000
5784.5869	3548.0000
5784.6188	3577.0000
5784.6506	3566.0000
5784.6824	3534.0000
5784.7143	3557.0000
5784.7461	3508.0000
5784.7779	3580.0000
5784.8097	3718.0000
5784.8416	3799.0000
5784.8734	3929.0000
5784.9052	3909.0000
5784.9370	3890.0000
5784.9688	3907.0000
5785.0006	3886.0000
5785.0325	3737.0000
5785.0643	3645.0000
5785.0961	3614.0000
5785.1279	3542.0000
5785.1597	3514.0000
5785.1915	3498.0000
5785.2233	3421.0000
5785.2551	3249.0000
5785.2869	3190.0000
5785.3187	3198.0000
5785.3506	3267.0000
5785.3824	3243.0000
5785.4142	3325.0000
5785.4460	3279.0000
5785.4778	3320.0000
5785.5096	3309.0000
5785.5414	3380.0000
5785.5732	3413.0000
5785.6050	3383.0000
5785.6367	3320.0000
5785.6685	3325.0000
5785.7003	3342.0000
5785.7321	3323.0000
5785.7639	3296.0000
5785.7956	3333.0000
5785.8274	3364.0000
5785.8592	3277.0000
5785.8910	3382.0000
5785.9227	3439.0000
5785.9545	3519.0000
5785.9863	3499.0000
5786.0180	3507.0000
5786.0498	3525.0000
5786.0816	3518.0000
5786.1133	3555.0000
5786.1451	3536.0000
5786.1769	3602.0000
5786.2086	3554.0000
5786.2404	3600.0000
5786.2721	3644.0000
5786.3039	3706.0000
5786.3356	3705.0000
5786.3674	3738.0000
5786.3992	3622.0000
5786.4310	3589.0000
5786.4627	3574.0000
5786.4945	3647.0000
5786.5262	3504.0000
5786.5580	3482.0000
5786.5897	3457.0000
5786.6215	3370.0000
5786.6532	3316.0000
5786.6849	3348.0000
5786.7167	3369.0000
5786.7484	3413.0000
5786.7801	3402.0000
5786.8119	3374.0000
5786.8436	3402.0000
5786.8753	3439.0000
5786.9071	3439.0000
5786.9388	3360.0000
5786.9705	3398.0000
5787.0022	3350.0000
5787.0339	3364.0000
5787.0657	3333.0000
5787.0974	3363.0000
5787.1291	3411.0000
5787.1608	3420.0000
5787.1925	3551.0000
5787.2242	3532.0000
5787.2559	3587.0000
5787.2877	3657.0000
5787.3194	3700.0000
5787.3511	3811.0000
5787.3828	3778.0000
5787.4145	3769.0000
5787.4462	3767.0000
5787.4780	3787.0000
5787.5097	3630.0000
5787.5414	3554.0000
5787.5731	3563.0000
5787.6048	3616.0000
5787.6365	3721.0000
5787.6681	3767.0000
5787.6998	3721.0000
5787.7315	3776.0000
5787.7632	3760.0000
5787.7949	3664.0000
5787.8266	3459.0000
5787.8583	3413.0000
5787.8899	3427.0000
5787.9216	3412.0000
5787.9533	3307.0000
5787.9850	3329.0000
5788.0167	3331.0000
5788.0483	3331.0000
5788.0800	3356.0000
5788.1117	3356.0000
5788.1433	3185.0000
5788.1750	3196.0000
5788.2067	3225.0000
5788.2383	3173.0000
5788.2700	3254.0000
5788.3017	3281.0000
5788.3333	3224.0000
5788.3650	3290.0000
5788.3966	3427.0000
5788.4283	3539.0000
5788.4600	3573.0000
5788.4916	3569.0000
5788.5234	3609.0000
5788.5550	3594.0000
5788.5867	3557.0000
5788.6183	3536.0000
5788.6499	3523.0000
5788.6816	3483.0000
5788.7132	3427.0000
5788.7449	3410.0000
5788.7765	3427.0000
5788.8082	3279.0000
5788.8398	3391.0000
5788.8714	3516.0000
5788.9031	3504.0000
5788.9347	3578.0000
5788.9663	3493.0000
5788.9980	3499.0000
5789.0296	3472.0000
5789.0612	3456.0000
5789.0928	3492.0000
5789.1245	3464.0000
5789.1561	3474.0000
5789.1877	3419.0000
5789.2193	3531.0000
5789.2509	3535.0000
5789.2826	3575.0000
5789.3142	3497.0000
5789.3458	3480.0000
5789.3774	3366.0000
5789.4090	3346.0000
5789.4406	3177.0000
5789.4722	3065.0000
5789.5038	3122.0000
5789.5354	3130.0000
5789.5671	3184.0000
5789.5987	3218.0000
5789.6303	3369.0000
5789.6619	3441.0000
5789.6935	3569.0000
5789.7251	3686.0000
5789.7567	3693.0000
5789.7883	3665.0000
5789.8199	3583.0000
5789.8515	3552.0000
5789.8831	3547.0000
5789.9147	3463.0000
5789.9463	3361.0000
5789.9778	3350.0000
5790.0094	3334.0000
5790.0410	3395.0000
5790.0726	3449.0000
5790.1042	3505.0000
5790.1357	3541.0000
5790.1673	3468.0000
5790.1989	3529.0000
5790.2305	3584.0000
5790.2620	3559.0000
5790.2936	3550.0000
5790.3252	3623.0000
5790.3567	3553.0000
5790.3883	3470.0000
5790.4199	3478.0000
5790.4514	3405.0000
5790.4830	3340.0000
5790.5145	3373.0000
5790.5461	3379.0000
5790.5776	3356.0000
5790.6093	3360.0000
5790.6409	3336.0000
5790.6724	3145.0000
5790.7040	3127.0000
5790.7355	3162.0000
5790.7670	3155.0000
5790.7986	3192.0000
5790.8301	3181.0000
5790.8617	3257.0000
5790.8932	3369.0000
5790.9248	3475.0000
5790.9563	3441.0000
5790.9878	3373.0000
5791.0194	3417.0000
5791.0509	3557.0000
5791.0824	3447.0000
5791.1140	3441.0000
5791.1455	3361.0000
5791.1770	3337.0000
5791.2085	3377.0000
5791.2401	3477.0000
5791.2716	3597.0000
5791.3031	3547.0000
5791.3346	3526.0000
5791.3662	3498.0000
5791.3977	3398.0000
5791.4292	3344.0000
5791.4607	3354.0000
5791.4922	3485.0000
5791.5237	3531.0000
5791.5552	3542.0000
5791.5867	3527.0000
5791.6183	3459.0000
5791.6498	3503.0000
5791.6814	3513.0000
5791.7129	3496.0000
5791.7444	3363.0000
5791.7759	3295.0000
5791.8074	3276.0000
5791.8389	3244.0000
5791.8704	3340.0000
5791.9019	3427.0000
5791.9333	3453.0000
5791.9648	3393.0000
5791.9963	3335.0000
5792.0278	3311.0000
5792.0593	3300.0000
5792.0908	3258.0000
5792.1223	3300.0000
5792.1537	3352.0000
5792.1852	3422.0000
5792.2167	3525.0000
5792.2482	3565.0000
5792.2797	3583.0000
5792.3111	3618.0000
5792.3426	3559.0000
5792.3741	3481.0000
5792.4055	3387.0000
5792.4370	3379.0000
5792.4685	3487.0000
5792.5000	3538.0000
5792.5314	3556.0000
5792.5629	3662.0000
5792.5943	3742.0000
5792.6258	3772.0000
5792.6573	3737.0000
5792.6887	3696.0000
5792.7203	3684.0000
5792.7517	3671.0000
5792.7832	3581.0000
5792.8146	3558.0000
5792.8461	3482.0000
5792.8775	3463.0000
5792.9090	3363.0000
5792.9404	3388.0000
5792.9719	3351.0000
5793.0033	3276.0000
5793.0347	3215.0000
5793.0662	3217.0000
5793.0976	3206.0000
5793.1291	3171.0000
5793.1605	3262.0000
5793.1919	3258.0000
5793.2234	3222.0000
5793.2548	3341.0000
5793.2862	3367.0000
5793.3176	3213.0000
5793.3491	3087.0000
5793.3805	3055.0000
5793.4119	3162.0000
5793.4433	3162.0000
5793.4748	3146.0000
5793.5062	3252.0000
5793.5376	3332.0000
5793.5690	3334.0000
5793.6004	3262.0000
5793.6318	3272.0000
5793.6632	3307.0000
5793.6947	2625.0000
5793.7261	2579.0000
5793.7575	2565.0000
5793.7890	2681.0000
5793.8204	2762.0000
5793.8518	2685.0000
5793.8832	2749.0000
5793.9146	2758.0000
5793.9460	2753.0000
5793.9774	2809.0000
