R_Cam.27
6344.1075	2385.0000
6344.1456	3622.0000
6344.1837	3782.0000
6344.2219	4032.0000
6344.2600	4394.0000
6344.2981	4562.0000
6344.3362	4575.0000
6344.3745	4712.0000
6344.4126	4713.0000
6344.4507	4657.0000
6344.4888	5725.0000
6344.5269	5579.0000
6344.5651	5454.0000
6344.6032	5328.0000
6344.6413	5128.0000
6344.6794	4936.0000
6344.7175	4680.0000
6344.7556	4389.0000
6344.7937	4041.0000
6344.8318	3608.0000
6344.8699	3201.0000
6344.9080	2941.0000
6344.9461	2750.0000
6344.9842	2564.0000
6345.0223	2419.0000
6345.0604	2504.0000
6345.0985	2469.0000
6345.1366	2456.0000
6345.1747	2441.0000
6345.2128	2413.0000
6345.2509	2407.0000
6345.2889	2427.0000
6345.3270	2512.0000
6345.3651	2620.0000
6345.4033	2630.0000
6345.4414	2566.0000
6345.4794	2668.0000
6345.5175	2745.0000
6345.5556	2787.0000
6345.5937	2777.0000
6345.6317	2763.0000
6345.6698	2846.0000
6345.7079	2872.0000
6345.7459	2801.0000
6345.7840	2935.0000
6345.8220	2987.0000
6345.8601	3022.0000
6345.8982	2993.0000
6345.9362	2926.0000
6345.9743	3014.0000
6346.0123	3047.0000
6346.0504	3050.0000
6346.0884	3036.0000
6346.1265	3005.0000
6346.1645	3170.0000
6346.2026	3148.0000
6346.2406	3164.0000
6346.2787	3151.0000
6346.3167	3161.0000
6346.3547	3073.0000
6346.3928	3165.0000
6346.4308	3248.0000
6346.4689	3251.0000
6346.5070	3265.0000
6346.5450	3268.0000
6346.5830	3227.0000
6346.6211	3287.0000
6346.6591	3280.0000
6346.6971	3434.0000
6346.7351	3384.0000
6346.7732	3312.0000
6346.8112	3310.0000
6346.8492	3333.0000
6346.8872	3312.0000
6346.9252	3374.0000
6346.9632	3512.0000
6347.0013	3524.0000
6347.0393	3521.0000
6347.0773	3647.0000
6347.1153	3609.0000
6347.1533	3585.0000
6347.1913	3593.0000
6347.2293	3537.0000
6347.2673	3551.0000
6347.3053	3664.0000
6347.3433	3714.0000
6347.3813	3741.0000
6347.4193	3777.0000
6347.4573	3690.0000
6347.4953	3807.0000
6347.5334	3792.0000
6347.5713	3827.0000
6347.6093	3806.0000
6347.6473	3770.0000
6347.6853	3759.0000
6347.7233	3735.0000
6347.7613	3718.0000
6347.7992	3832.0000
6347.8372	3886.0000
6347.8752	3774.0000
6347.9132	3758.0000
6347.9511	3815.0000
6347.9891	3761.0000
6348.0271	3846.0000
6348.0650	3812.0000
6348.1030	3802.0000
6348.1410	3917.0000
6348.1789	4051.0000
6348.2169	4085.0000
6348.2548	4051.0000
6348.2928	3928.0000
6348.3308	3816.0000
6348.3687	3855.0000
6348.4067	3752.0000
6348.4446	3708.0000
6348.4826	3800.0000
6348.5205	3873.0000
6348.5585	4095.0000
6348.5965	4200.0000
6348.6344	4295.0000
6348.6724	4339.0000
6348.7103	4435.0000
6348.7483	4506.0000
6348.7862	4383.0000
6348.8241	4423.0000
6348.8621	4606.0000
6348.9000	4623.0000
6348.9379	4707.0000
6348.9758	4634.0000
6349.0138	4617.0000
6349.0517	4620.0000
6349.0896	4715.0000
6349.1275	4719.0000
6349.1655	4811.0000
6349.2034	4721.0000
6349.2413	4634.0000
6349.2792	4685.0000
6349.3171	4585.0000
6349.3550	4564.0000
6349.3929	4546.0000
6349.4309	4524.0000
6349.4688	4561.0000
6349.5067	4567.0000
6349.5446	4537.0000
6349.5825	4494.0000
6349.6205	4472.0000
6349.6584	4515.0000
6349.6963	4584.0000
6349.7342	4834.0000
6349.7721	5041.0000
6349.8100	5042.0000
6349.8478	5047.0000
6349.8857	5103.0000
6349.9236	5014.0000
6349.9615	4975.0000
6349.9994	5014.0000
6350.0373	5146.0000
6350.0752	5360.0000
6350.1130	5553.0000
6350.1509	5632.0000
6350.1888	5555.0000
6350.2267	5385.0000
6350.2645	5278.0000
6350.3024	5152.0000
6350.3403	5101.0000
6350.3781	5061.0000
6350.4160	5106.0000
6350.4539	5164.0000
6350.4917	5116.0000
6350.5296	5111.0000
6350.5675	5272.0000
6350.6053	5306.0000
6350.6432	5449.0000
6350.6811	5538.0000
6350.7190	5746.0000
6350.7568	5689.0000
6350.7947	5601.0000
6350.8325	5360.0000
6350.8704	5167.0000
6350.9082	5101.0000
6350.9461	4955.0000
6350.9839	4674.0000
6351.0218	4450.0000
6351.0596	4209.0000
6351.0974	3996.0000
6351.1353	3788.0000
6351.1731	3671.0000
6351.2109	3523.0000
6351.2488	3354.0000
6351.2866	3150.0000
6351.3244	3054.0000
6351.3623	3022.0000
6351.4001	2944.0000
6351.4379	2982.0000
6351.4757	3127.0000
6351.5136	3042.0000
6351.5514	2996.0000
6351.5892	3003.0000
6351.6270	3081.0000
6351.6648	3122.0000
6351.7026	3118.0000
6351.7405	3123.0000
6351.7783	3099.0000
6351.8162	3165.0000
6351.8540	3163.0000
6351.8918	3161.0000
6351.9296	3162.0000
6351.9674	3235.0000
6352.0052	3258.0000
6352.0430	3193.0000
6352.0808	3122.0000
6352.1186	3105.0000
6352.1563	3234.0000
6352.1941	3314.0000
6352.2319	3277.0000
6352.2697	3301.0000
6352.3075	3403.0000
6352.3453	3400.0000
6352.3831	3478.0000
6352.4208	3481.0000
6352.4586	3527.0000
6352.4964	3512.0000
6352.5342	3496.0000
6352.5720	3511.0000
6352.6097	3532.0000
6352.6475	3605.0000
6352.6853	3614.0000
6352.7230	3598.0000
6352.7608	3605.0000
6352.7987	3520.0000
6352.8364	3559.0000
6352.8742	3586.0000
6352.9120	3551.0000
6352.9497	3548.0000
6352.9875	3565.0000
6353.0252	3438.0000
6353.0630	3483.0000
6353.1007	3510.0000
6353.1385	3513.0000
6353.1762	3538.0000
6353.2140	3523.0000
6353.2517	3562.0000
6353.2895	3518.0000
6353.3272	3592.0000
6353.3650	3547.0000
6353.4027	3564.0000
6353.4404	3584.0000
6353.4782	3649.0000
6353.5159	3690.0000
6353.5536	3620.0000
6353.5914	3627.0000
6353.6291	3642.0000
6353.6668	3707.0000
6353.7046	3726.0000
6353.7423	3726.0000
6353.7800	3670.0000
6353.8177	3703.0000
6353.8555	3748.0000
6353.8933	3835.0000
6353.9310	3837.0000
6353.9687	3761.0000
6354.0064	3854.0000
6354.0441	3877.0000
6354.0818	3874.0000
6354.1195	3848.0000
6354.1572	3908.0000
6354.1950	3961.0000
6354.2327	3937.0000
6354.2704	3851.0000
6354.3081	3835.0000
6354.3458	3892.0000
6354.3835	3822.0000
6354.4212	3740.0000
6354.4588	3746.0000
6354.4965	3627.0000
6354.5342	3555.0000
6354.5719	3638.0000
6354.6096	3660.0000
6354.6473	3619.0000
6354.6850	3708.0000
6354.7227	3762.0000
6354.7603	3717.0000
6354.7980	3668.0000
6354.8357	3641.0000
6354.8734	3647.0000
6354.9112	3725.0000
6354.9488	3785.0000
6354.9865	3862.0000
6355.0242	3833.0000
6355.0618	3852.0000
6355.0995	3847.0000
6355.1372	3858.0000
6355.1748	4011.0000
6355.2125	4046.0000
6355.2502	4017.0000
6355.2878	3967.0000
6355.3255	3993.0000
6355.3631	4033.0000
6355.4008	4076.0000
6355.4384	4076.0000
6355.4761	4037.0000
6355.5137	4095.0000
6355.5514	4137.0000
6355.5890	3998.0000
6355.6267	3830.0000
6355.6643	3742.0000
6355.7020	3793.0000
6355.7396	3797.0000
6355.7772	3676.0000
6355.8149	3615.0000
6355.8525	3501.0000
6355.8901	3626.0000
6355.9278	3642.0000
6355.9655	3709.0000
6356.0031	3855.0000
6356.0408	3984.0000
6356.0784	4190.0000
6356.1160	4266.0000
6356.1536	4224.0000
6356.1913	4165.0000
6356.2289	3979.0000
6356.2665	3900.0000
6356.3041	4012.0000
6356.3417	4107.0000
6356.3793	4120.0000
6356.4169	4074.0000
6356.4546	4088.0000
6356.4922	4133.0000
6356.5298	4159.0000
6356.5674	4217.0000
6356.6050	4380.0000
6356.6426	4467.0000
6356.6802	4682.0000
6356.7178	4791.0000
6356.7554	4710.0000
6356.7930	4663.0000
6356.8306	4554.0000
6356.8681	4377.0000
6356.9057	4384.0000
6356.9433	4406.0000
6356.9809	4376.0000
6357.0186	4492.0000
6357.0562	4430.0000
6357.0938	4456.0000
6357.1313	4386.0000
6357.1689	4297.0000
6357.2065	4052.0000
6357.2441	3916.0000
6357.2816	3818.0000
6357.3192	3719.0000
6357.3568	3747.0000
6357.3944	3702.0000
6357.4319	3619.0000
6357.4695	3642.0000
6357.5071	3623.0000
6357.5446	3552.0000
6357.5822	3565.0000
6357.6197	3665.0000
6357.6573	3685.0000
6357.6948	3709.0000
6357.7324	3754.0000
6357.7700	3823.0000
6357.8075	3780.0000
6357.8451	3911.0000
6357.8826	3881.0000
6357.9201	3890.0000
6357.9577	4000.0000
6357.9952	4020.0000
6358.0328	3990.0000
6358.0704	3971.0000
6358.1080	3907.0000
6358.1455	3917.0000
6358.1830	3945.0000
6358.2206	3993.0000
6358.2581	3941.0000
6358.2956	3997.0000
6358.3332	4210.0000
6358.3707	4296.0000
6358.4082	4360.0000
6358.4457	4473.0000
6358.4833	4394.0000
6358.5208	4393.0000
6358.5583	4146.0000
6358.5958	4084.0000
6358.6333	3958.0000
6358.6708	3826.0000
6358.7084	3804.0000
6358.7459	3857.0000
6358.7834	3908.0000
6358.8209	3960.0000
6358.8584	3942.0000
6358.8959	3955.0000
6358.9334	3968.0000
6358.9709	4042.0000
6359.0084	4249.0000
6359.0459	4358.0000
6359.0834	4536.0000
6359.1210	4680.0000
6359.1585	4792.0000
6359.1960	4719.0000
6359.2335	4720.0000
6359.2709	4548.0000
6359.3084	4386.0000
6359.3459	4258.0000
6359.3834	4145.0000
6359.4209	4231.0000
6359.4584	4315.0000
6359.4958	4411.0000
6359.5333	4449.0000
6359.5708	4597.0000
6359.6083	4686.0000
6359.6457	4723.0000
6359.6832	4783.0000
6359.7207	4628.0000
6359.7581	4522.0000
6359.7956	4416.0000
6359.8331	4188.0000
6359.8705	4108.0000
6359.9080	4022.0000
6359.9455	3958.0000
6359.9829	3974.0000
6360.0204	3943.0000
6360.0578	4011.0000
6360.0953	4178.0000
6360.1327	4149.0000
6360.1703	4122.0000
6360.2077	4136.0000
6360.2452	4123.0000
6360.2826	4224.0000
6360.3201	4315.0000
6360.3575	4490.0000
6360.3950	4511.0000
6360.4324	4497.0000
6360.4698	4558.0000
6360.5073	4393.0000
6360.5447	4477.0000
6360.5821	4478.0000
6360.6196	4526.0000
6360.6570	4571.0000
6360.6944	4567.0000
6360.7318	4577.0000
6360.7693	4539.0000
6360.8067	4713.0000
6360.8441	4793.0000
6360.8815	4740.0000
6360.9189	4761.0000
6360.9564	4741.0000
6360.9938	4692.0000
6361.0312	4655.0000
6361.0686	4684.0000
6361.1060	4820.0000
6361.1434	4913.0000
6361.1808	5177.0000
6361.2183	5333.0000
6361.2557	5283.0000
6361.2931	5282.0000
6361.3305	5097.0000
6361.3679	4776.0000
6361.4053	4572.0000
6361.4427	4469.0000
6361.4801	4283.0000
6361.5175	4189.0000
6361.5549	4172.0000
6361.5923	4178.0000
6361.6297	4163.0000
6361.6671	4192.0000
6361.7044	4314.0000
6361.7418	4448.0000
6361.7792	4466.0000
6361.8166	4473.0000
6361.8540	4435.0000
6361.8913	4474.0000
6361.9287	4539.0000
6361.9661	4599.0000
6362.0035	4733.0000
6362.0408	4901.0000
6362.0782	5005.0000
6362.1156	5074.0000
6362.1529	4982.0000
6362.1903	4904.0000
6362.2276	4814.0000
6362.2651	4814.0000
6362.3025	4741.0000
6362.3398	4746.0000
6362.3772	4595.0000
6362.4145	4556.0000
6362.4519	4696.0000
6362.4892	4865.0000
6362.5266	4989.0000
6362.5639	5230.0000
6362.6013	5414.0000
6362.6386	5603.0000
6362.6760	5732.0000
6362.7133	5791.0000
6362.7506	5690.0000
6362.7880	5476.0000
6362.8253	5116.0000
6362.8626	4850.0000
6362.9000	4691.0000
6362.9373	4649.0000
6362.9746	4558.0000
6363.0120	4595.0000
6363.0493	4646.0000
6363.0866	4708.0000
6363.1239	4765.0000
6363.1613	4837.0000
6363.1986	4828.0000
6363.2359	4802.0000
6363.2732	4773.0000
6363.3106	4845.0000
6363.3479	4846.0000
6363.3853	4783.0000
6363.4226	4869.0000
6363.4599	4947.0000
6363.4972	4907.0000
6363.5345	4900.0000
6363.5718	4783.0000
6363.6091	4732.0000
6363.6464	4737.0000
6363.6837	4771.0000
6363.7210	4675.0000
6363.7583	4754.0000
6363.7956	4715.0000
6363.8329	4893.0000
6363.8702	5171.0000
6363.9074	5409.0000
6363.9447	5570.0000
6363.9820	5859.0000
6364.0193	6059.0000
6364.0566	6095.0000
6364.0939	5999.0000
6364.1311	5831.0000
6364.1684	5798.0000
6364.2057	5543.0000
6364.2430	5244.0000
6364.2802	5151.0000
6364.3175	5294.0000
6364.3549	5236.0000
6364.3922	5396.0000
6364.4294	5325.0000
6364.4667	5299.0000
6364.5040	5300.0000
6364.5412	5323.0000
6364.5785	5342.0000
6364.6157	5265.0000
6364.6530	5146.0000
6364.6902	5036.0000
6364.7275	5015.0000
6364.7647	4894.0000
6364.8020	4698.0000
6364.8392	4591.0000
6364.8765	4490.0000
6364.9137	4548.0000
6364.9510	4752.0000
6364.9882	4980.0000
6365.0255	5354.0000
6365.0627	5793.0000
6365.0999	6120.0000
6365.1372	6409.0000
6365.1744	6521.0000
6365.2116	6511.0000
6365.2489	6323.0000
6365.2861	6013.0000
6365.3233	5716.0000
6365.3606	5322.0000
6365.3978	5110.0000
6365.4351	4918.0000
6365.4723	4950.0000
6365.5096	5020.0000
6365.5468	5137.0000
6365.5840	5293.0000
6365.6212	5507.0000
6365.6584	5510.0000
6365.6956	5668.0000
6365.7328	5594.0000
6365.7700	5513.0000
6365.8073	5412.0000
6365.8445	5468.0000
6365.8817	5409.0000
6365.9189	5407.0000
6365.9561	5440.0000
6365.9933	5402.0000
6366.0305	5278.0000
6366.0677	5311.0000
6366.1049	5204.0000
6366.1420	5221.0000
6366.1792	5114.0000
6366.2164	5052.0000
6366.2536	5233.0000
6366.2908	5135.0000
6366.3280	4993.0000
6366.3652	5045.0000
6366.4023	4926.0000
6366.4395	4767.0000
6366.4768	4789.0000
6366.5140	4806.0000
6366.5512	4927.0000
6366.5883	5046.0000
6366.6255	5176.0000
6366.6627	5346.0000
6366.6998	5406.0000
6366.7370	5568.0000
6366.7742	5572.0000
6366.8113	5673.0000
6366.8485	5756.0000
6366.8857	5692.0000
6366.9228	5726.0000
6366.9600	5774.0000
6366.9971	5859.0000
6367.0343	6090.0000
6367.0714	6220.0000
6367.1086	6392.0000
6367.1457	6440.0000
6367.1829	6386.0000
6367.2200	6069.0000
6367.2572	5781.0000
6367.2943	5540.0000
6367.3315	5336.0000
6367.3686	5287.0000
6367.4057	5272.0000
6367.4429	5247.0000
6367.4800	5227.0000
6367.5172	5508.0000
6367.5544	5519.0000
6367.5915	5704.0000
6367.6286	5911.0000
6367.6658	6003.0000
6367.7029	6141.0000
6367.7400	6235.0000
6367.7771	6117.0000
6367.8142	6080.0000
6367.8514	6078.0000
6367.8885	5858.0000
6367.9256	5646.0000
6367.9627	5351.0000
6367.9998	5148.0000
6368.0369	5054.0000
6368.0740	5036.0000
6368.1112	5045.0000
6368.1483	5128.0000
6368.1854	5288.0000
6368.2225	5687.0000
6368.2596	6231.0000
6368.2967	6641.0000
6368.3338	6993.0000
6368.3709	7294.0000
6368.4080	7375.0000
6368.4450	7226.0000
6368.4821	6909.0000
6368.5192	6573.0000
6368.5563	6195.0000
6368.5935	5929.0000
6368.6306	5852.0000
6368.6677	6035.0000
6368.7048	6389.0000
6368.7418	6834.0000
6368.7789	7313.0000
6368.8160	7549.0000
6368.8531	7867.0000
6368.8901	7871.0000
6368.9272	7541.0000
6368.9643	7226.0000
6369.0013	6719.0000
6369.0384	6372.0000
6369.0755	6089.0000
6369.1125	5852.0000
6369.1496	5588.0000
6369.1867	5391.0000
6369.2237	5255.0000
6369.2608	5301.0000
6369.2978	5184.0000
6369.3349	5299.0000
6369.3719	5590.0000
6369.4090	5960.0000
6369.4460	6472.0000
6369.4831	6900.0000
6369.5201	7328.0000
6369.5572	7550.0000
6369.5942	7633.0000
6369.6314	7518.0000
6369.6684	7153.0000
6369.7055	6792.0000
6369.7425	6364.0000
6369.7795	5740.0000
6369.8166	5439.0000
6369.8536	5374.0000
6369.8906	5263.0000
6369.9276	5336.0000
6369.9647	5457.0000
6370.0017	5637.0000
6370.0387	5811.0000
6370.0757	6012.0000
6370.1128	6107.0000
6370.1498	6318.0000
6370.1868	6450.0000
6370.2238	6470.0000
6370.2608	6468.0000
6370.2978	6580.0000
6370.3349	6561.0000
6370.3719	6598.0000
6370.4089	6532.0000
6370.4459	6603.0000
6370.4829	6628.0000
6370.5199	6796.0000
6370.5569	6848.0000
6370.5939	6712.0000
6370.6309	6567.0000
6370.6679	6571.0000
6370.7050	6368.0000
6370.7420	6083.0000
6370.7790	5863.0000
6370.8160	5639.0000
6370.8529	5565.0000
6370.8899	5471.0000
6370.9269	5391.0000
6370.9639	5540.0000
6371.0009	5739.0000
6371.0379	5914.0000
6371.0748	6023.0000
6371.1118	6145.0000
6371.1488	6215.0000
6371.1858	6221.0000
6371.2227	6364.0000
6371.2597	6380.0000
6371.2967	6288.0000
6371.3336	6165.0000
6371.3706	6169.0000
6371.4076	6202.0000
6371.4445	6246.0000
6371.4815	6298.0000
6371.5185	6405.0000
6371.5554	6323.0000
6371.5924	6226.0000
6371.6293	6096.0000
6371.6663	5968.0000
6371.7032	5848.0000
6371.7403	5803.0000
6371.7772	5771.0000
6371.8142	5814.0000
6371.8511	6039.0000
6371.8881	6178.0000
6371.9250	6325.0000
6371.9620	6280.0000
6371.9989	6141.0000
6372.0358	6200.0000
6372.0728	6214.0000
6372.1097	6240.0000
6372.1466	6248.0000
6372.1836	6384.0000
6372.2205	6490.0000
6372.2574	6632.0000
6372.2943	6813.0000
6372.3313	7015.0000
6372.3682	7146.0000
6372.4051	7423.0000
6372.4420	7446.0000
6372.4789	7575.0000
6372.5159	7470.0000
6372.5528	7175.0000
6372.5897	6840.0000
6372.6266	6520.0000
6372.6635	6160.0000
6372.7004	5948.0000
6372.7373	5872.0000
6372.7743	5873.0000
6372.8112	5932.0000
6372.8481	5996.0000
6372.8850	6088.0000
6372.9219	6150.0000
6372.9588	6187.0000
6372.9957	6388.0000
6373.0326	6678.0000
6373.0695	6952.0000
6373.1064	7263.0000
6373.1433	7755.0000
6373.1802	8175.0000
6373.2171	8216.0000
6373.2540	8358.0000
6373.2908	8247.0000
6373.3277	7770.0000
6373.3646	7327.0000
6373.4015	6740.0000
6373.4383	6403.0000
6373.4752	6287.0000
6373.5121	6234.0000
6373.5490	6296.0000
6373.5858	6313.0000
6373.6227	6469.0000
6373.6596	6732.0000
6373.6964	6848.0000
6373.7333	7196.0000
6373.7702	7642.0000
6373.8070	8144.0000
6373.8440	8445.0000
6373.8808	8558.0000
6373.9177	8528.0000
6373.9545	8182.0000
6373.9914	7799.0000
6374.0282	7269.0000
6374.0651	6742.0000
6374.1019	6520.0000
6374.1388	6326.0000
6374.1756	6257.0000
6374.2125	6144.0000
6374.2493	6163.0000
6374.2862	6277.0000
6374.3230	6569.0000
6374.3598	7053.0000
6374.3967	7526.0000
6374.4335	8117.0000
6374.4703	8773.0000
6374.5072	9225.0000
6374.5440	9334.0000
6374.5808	8973.0000
6374.6176	8519.0000
6374.6545	7997.0000
6374.6913	7326.0000
6374.7281	6787.0000
6374.7649	6525.0000
6374.8017	6308.0000
6374.8386	6179.0000
6374.8754	6169.0000
6374.9123	6316.0000
6374.9491	6472.0000
6374.9859	6704.0000
6375.0227	6856.0000
6375.0595	7141.0000
6375.0963	7346.0000
6375.1331	7347.0000
6375.1699	7409.0000
6375.2067	7458.0000
6375.2435	7576.0000
6375.2803	7698.0000
6375.3171	7643.0000
6375.3539	7779.0000
6375.3907	7808.0000
6375.4275	7642.0000
6375.4643	7577.0000
6375.5011	7549.0000
6375.5378	7394.0000
6375.5746	7282.0000
6375.6114	7142.0000
6375.6482	6888.0000
6375.6850	6687.0000
6375.7217	6683.0000
6375.7585	6792.0000
6375.7953	7046.0000
6375.8321	7611.0000
6375.8688	8152.0000
6375.9056	8690.0000
6375.9425	9131.0000
6375.9792	9018.0000
6376.0160	8734.0000
6376.0528	8346.0000
6376.0895	7815.0000
6376.1263	7299.0000
6376.1630	6767.0000
6376.1998	6532.0000
6376.2365	6339.0000
6376.2733	6296.0000
6376.3100	6488.0000
6376.3468	6875.0000
6376.3835	7135.0000
6376.4203	7488.0000
6376.4570	7917.0000
6376.4938	8381.0000
6376.5305	8705.0000
6376.5673	9122.0000
6376.6040	9408.0000
6376.6407	9470.0000
6376.6775	9363.0000
6376.7142	9141.0000
6376.7509	8597.0000
6376.7877	7994.0000
6376.8244	7557.0000
6376.8611	7161.0000
6376.8978	6803.0000
6376.9346	6697.0000
6376.9713	6779.0000
6377.0081	6987.0000
6377.0448	7252.0000
6377.0815	7337.0000
6377.1183	7345.0000
6377.1550	7478.0000
6377.1917	7498.0000
6377.2284	7468.0000
6377.2651	7622.0000
6377.3018	7857.0000
6377.3385	7931.0000
6377.3752	8106.0000
6377.4119	8336.0000
6377.4486	8487.0000
6377.4853	8510.0000
6377.5220	8548.0000
6377.5587	8592.0000
6377.5954	8577.0000
6377.6321	8511.0000
6377.6688	8297.0000
6377.7055	8002.0000
6377.7422	7758.0000
6377.7789	7567.0000
6377.8155	7508.0000
6377.8522	7291.0000
6377.8889	7025.0000
6377.9256	7040.0000
6377.9623	7154.0000
6377.9990	7315.0000
6378.0356	7465.0000
6378.0724	7621.0000
6378.1091	7603.0000
6378.1457	7585.0000
6378.1824	7362.0000
6378.2191	6860.0000
6378.2557	6398.0000
6378.2924	5999.0000
6378.3291	5627.0000
6378.3657	5308.0000
6378.4024	5213.0000
6378.4391	5103.0000
6378.4757	5077.0000
6378.5124	5034.0000
6378.5490	5073.0000
6378.5857	4980.0000
6378.6223	4931.0000
6378.6590	4969.0000
6378.6956	4978.0000
6378.7323	4963.0000
6378.7689	4987.0000
6378.8055	5118.0000
6378.8422	5315.0000
6378.8788	5371.0000
6378.9155	5530.0000
6378.9521	5504.0000
6378.9887	5473.0000
6379.0254	5477.0000
6379.0620	5424.0000
6379.0987	5517.0000
6379.1353	5711.0000
6379.1720	5869.0000
6379.2086	6091.0000
6379.2452	6099.0000
6379.2818	5968.0000
6379.3185	5738.0000
6379.3551	5861.0000
6379.3917	5831.0000
6379.4283	5887.0000
6379.4649	5849.0000
6379.5015	5982.0000
6379.5381	5992.0000
6379.5748	6116.0000
6379.6114	6053.0000
6379.6480	6308.0000
6379.6846	6416.0000
6379.7212	6396.0000
6379.7578	6378.0000
6379.7944	6361.0000
6379.8310	6408.0000
6379.8676	6674.0000
6379.9042	6872.0000
6379.9407	7169.0000
6379.9773	7338.0000
6380.0139	7406.0000
6380.0505	7318.0000
6380.0871	7211.0000
6380.1237	7011.0000
6380.1604	6752.0000
6380.1969	6514.0000
6380.2335	6306.0000
6380.2701	6125.0000
6380.3067	6225.0000
6380.3433	6191.0000
6380.3798	6117.0000
6380.4164	6211.0000
6380.4530	6325.0000
6380.4895	6430.0000
6380.5261	6518.0000
6380.5627	6605.0000
6380.5992	6559.0000
6380.6358	6590.0000
6380.6723	6765.0000
6380.7089	6849.0000
6380.7455	7199.0000
6380.7820	7394.0000
6380.8186	7497.0000
6380.8551	7600.0000
6380.8917	7564.0000
6380.9282	7374.0000
6380.9648	7176.0000
6381.0013	7071.0000
6381.0379	6948.0000
6381.0744	6964.0000
6381.1109	6828.0000
6381.1475	6835.0000
6381.1840	6782.0000
6381.2207	6866.0000
6381.2572	6730.0000
6381.2937	6581.0000
6381.3303	6545.0000
6381.3668	6532.0000
6381.4033	6454.0000
6381.4398	6462.0000
6381.4764	6633.0000
6381.5129	6800.0000
6381.5494	6981.0000
6381.5859	7212.0000
6381.6224	7478.0000
6381.6590	7681.0000
6381.6955	7772.0000
6381.7320	7693.0000
6381.7685	7634.0000
6381.8050	7569.0000
6381.8415	7578.0000
6381.8780	7274.0000
6381.9145	7041.0000
6381.9510	7002.0000
6381.9875	6964.0000
6382.0240	7064.0000
6382.0605	7191.0000
6382.0970	7250.0000
6382.1335	7341.0000
6382.1700	7438.0000
6382.2065	7499.0000
6382.2430	7594.0000
6382.2796	7903.0000
6382.3161	8183.0000
6382.3526	8424.0000
6382.3891	8663.0000
6382.4255	8803.0000
6382.4620	8745.0000
6382.4985	8486.0000
6382.5350	7998.0000
6382.5715	7595.0000
6382.6079	7125.0000
6382.6444	6647.0000
6382.6809	6515.0000
6382.7174	6477.0000
6382.7538	6496.0000
6382.7903	6622.0000
6382.8268	6800.0000
6382.8632	6910.0000
6382.8997	7110.0000
6382.9361	7297.0000
6382.9726	7502.0000
6383.0091	7818.0000
6383.0455	8095.0000
6383.0820	8026.0000
6383.1184	8127.0000
6383.1549	8107.0000
6383.1913	8144.0000
6383.2278	8155.0000
6383.2642	8081.0000
6383.3007	8169.0000
6383.3372	8210.0000
6383.3736	8184.0000
6383.4101	8284.0000
6383.4465	8143.0000
6383.4830	7896.0000
6383.5194	7771.0000
6383.5558	7669.0000
6383.5923	7586.0000
6383.6287	7525.0000
6383.6651	7516.0000
6383.7015	7609.0000
6383.7380	7557.0000
6383.7744	7621.0000
6383.8108	7560.0000
6383.8472	7421.0000
6383.8837	7406.0000
6383.9201	7574.0000
6383.9565	7632.0000
6383.9929	7696.0000
6384.0293	7815.0000
6384.0657	7605.0000
6384.1021	7475.0000
6384.1385	7064.0000
6384.1749	6679.0000
6384.2114	6431.0000
6384.2478	6110.0000
6384.2842	5943.0000
6384.3206	5784.0000
6384.3571	5613.0000
6384.3935	5658.0000
6384.4298	5672.0000
6384.4662	5580.0000
6384.5026	5751.0000
6384.5390	5877.0000
6384.5754	5820.0000
6384.6118	5940.0000
6384.6482	6135.0000
6384.6846	6235.0000
6384.7209	6272.0000
6384.7573	6257.0000
6384.7937	6162.0000
6384.8301	6172.0000
6384.8665	6227.0000
6384.9028	6217.0000
6384.9392	6151.0000
6384.9756	5999.0000
6385.0119	5897.0000
6385.0483	5714.0000
6385.0847	5643.0000
6385.1210	5567.0000
6385.1574	5552.0000
6385.1938	5620.0000
6385.2301	5774.0000
6385.2665	5821.0000
6385.3028	6032.0000
6385.3392	6015.0000
6385.3756	6140.0000
6385.4120	6261.0000
6385.4484	6368.0000
6385.4847	6717.0000
6385.5211	6946.0000
6385.5574	7143.0000
6385.5937	7142.0000
6385.6301	7021.0000
6385.6664	6964.0000
6385.7028	6869.0000
6385.7391	6936.0000
6385.7754	6875.0000
6385.8118	6823.0000
6385.8481	6938.0000
6385.8844	6791.0000
6385.9208	6527.0000
6385.9571	6450.0000
6385.9934	6399.0000
6386.0297	6268.0000
6386.0661	6334.0000
6386.1024	6298.0000
6386.1387	6221.0000
6386.1750	6147.0000
6386.2113	6172.0000
6386.2477	6149.0000
6386.2840	5959.0000
6386.3203	5910.0000
6386.3566	5880.0000
6386.3929	5953.0000
6386.4292	6054.0000
6386.4656	6237.0000
6386.5019	6423.0000
6386.5382	6701.0000
6386.5745	6948.0000
6386.6108	6987.0000
6386.6471	7097.0000
6386.6834	7229.0000
6386.7197	7231.0000
6386.7560	7281.0000
6386.7923	7238.0000
6386.8286	7225.0000
6386.8649	7240.0000
6386.9011	7142.0000
6386.9374	6944.0000
6386.9737	6878.0000
6387.0100	6720.0000
6387.0463	6655.0000
6387.0825	6641.0000
6387.1188	6796.0000
6387.1551	6914.0000
6387.1914	7115.0000
6387.2276	7314.0000
6387.2639	7531.0000
6387.3002	7593.0000
6387.3364	7649.0000
6387.3727	7505.0000
6387.4090	7375.0000
6387.4452	7177.0000
6387.4815	6879.0000
6387.5179	6515.0000
6387.5541	6188.0000
6387.5904	6014.0000
6387.6266	5921.0000
6387.6629	5866.0000
6387.6991	5872.0000
6387.7354	5796.0000
6387.7716	5855.0000
6387.8079	5832.0000
6387.8441	5861.0000
6387.8804	5906.0000
6387.9166	6046.0000
6387.9528	6148.0000
6387.9891	6372.0000
6388.0253	6497.0000
6388.0615	6747.0000
6388.0978	7043.0000
6388.1340	7312.0000
6388.1702	7584.0000
6388.2065	7676.0000
6388.2427	7903.0000
6388.2789	7837.0000
6388.3151	7742.0000
6388.3514	7552.0000
6388.3876	7519.0000
6388.4238	7317.0000
6388.4600	7215.0000
6388.4962	7159.0000
6388.5325	6974.0000
6388.5688	6970.0000
6388.6050	7080.0000
6388.6412	7092.0000
6388.6774	7080.0000
6388.7136	7012.0000
6388.7498	6968.0000
6388.7860	6781.0000
6388.8222	6598.0000
6388.8584	6409.0000
6388.8946	6180.0000
6388.9308	6048.0000
6388.9670	6058.0000
6389.0032	6069.0000
6389.0394	6001.0000
6389.0756	6093.0000
6389.1118	6160.0000
6389.1479	6284.0000
6389.1841	6406.0000
6389.2203	6639.0000
6389.2565	6974.0000
6389.2927	7177.0000
6389.3289	7293.0000
6389.3650	7432.0000
6389.4012	7399.0000
6389.4374	7226.0000
6389.4736	7116.0000
6389.5097	7025.0000
6389.5459	7002.0000
6389.5821	7122.0000
6389.6183	7299.0000
6389.6545	7262.0000
6389.6907	7330.0000
6389.7268	7422.0000
6389.7630	7354.0000
6389.7991	7266.0000
6389.8353	7314.0000
6389.8714	7358.0000
6389.9076	7616.0000
6389.9437	7804.0000
6389.9799	7859.0000
6390.0160	7940.0000
6390.0522	7893.0000
6390.0883	7782.0000
6390.1245	7498.0000
6390.1606	7143.0000
6390.1968	6954.0000
6390.2329	6707.0000
6390.2690	6557.0000
6390.3052	6555.0000
6390.3413	6469.0000
6390.3774	6362.0000
6390.4136	6293.0000
6390.4497	6124.0000
6390.4858	6226.0000
6390.5220	6151.0000
6390.5581	6224.0000
6390.5942	6219.0000
6390.6303	6342.0000
6390.6664	6383.0000
6390.7027	6465.0000
6390.7388	6678.0000
6390.7749	6863.0000
6390.8110	7140.0000
6390.8471	7340.0000
6390.8832	7592.0000
6390.9193	7936.0000
6390.9554	8127.0000
6390.9915	8192.0000
6391.0276	8272.0000
6391.0637	8197.0000
6391.0998	8048.0000
6391.1359	7859.0000
6391.1720	7686.0000
6391.2081	7675.0000
6391.2442	7765.0000
6391.2803	7599.0000
6391.3164	7529.0000
6391.3525	7509.0000
6391.3886	7497.0000
6391.4247	7535.0000
6391.4608	7466.0000
6391.4968	7391.0000
6391.5329	7252.0000
6391.5690	7165.0000
6391.6051	7080.0000
6391.6412	6918.0000
6391.6772	6937.0000
6391.7133	6946.0000
6391.7495	7072.0000
6391.7855	7059.0000
6391.8216	7013.0000
6391.8577	6847.0000
6391.8937	6631.0000
6391.9298	6514.0000
6391.9659	6426.0000
6392.0019	6430.0000
6392.0380	6352.0000
6392.0740	6501.0000
6392.1101	6727.0000
6392.1462	6839.0000
6392.1822	7095.0000
6392.2183	7274.0000
6392.2543	7537.0000
6392.2904	7771.0000
6392.3264	8294.0000
6392.3624	8501.0000
6392.3985	8549.0000
6392.4345	8770.0000
6392.4706	8926.0000
6392.5066	8964.0000
6392.5426	8613.0000
6392.5787	8303.0000
6392.6147	7924.0000
6392.6507	7539.0000
6392.6868	7345.0000
6392.7228	7258.0000
6392.7588	7392.0000
6392.7949	7544.0000
6392.8310	7736.0000
6392.8670	7822.0000
6392.9030	7901.0000
6392.9390	7782.0000
6392.9750	7697.0000
6393.0111	7715.0000
6393.0471	7632.0000
6393.0831	7506.0000
6393.1191	7387.0000
6393.1551	7377.0000
6393.1911	7262.0000
6393.2271	7080.0000
6393.2631	6853.0000
6393.2991	6758.0000
6393.3351	6495.0000
6393.3711	6449.0000
6393.4071	6375.0000
6393.4431	6444.0000
6393.4791	6538.0000
6393.5151	6647.0000
6393.5511	6963.0000
6393.5871	7356.0000
6393.6231	7666.0000
6393.6591	7978.0000
6393.6951	8275.0000
6393.7310	8410.0000
6393.7670	8408.0000
6393.8030	8378.0000
6393.8391	8220.0000
6393.8751	8204.0000
6393.9110	8378.0000
6393.9470	8544.0000
6393.9830	8811.0000
6394.0189	9029.0000
6394.0549	9101.0000
6394.0909	9072.0000
6394.1268	8860.0000
6394.1628	8694.0000
6394.1988	8323.0000
6394.2347	8144.0000
6394.2707	7845.0000
6394.3067	7583.0000
6394.3426	7566.0000
6394.3786	7438.0000
6394.4145	7346.0000
6394.4505	7390.0000
6394.4864	7547.0000
6394.5224	7791.0000
6394.5583	8046.0000
6394.5943	8302.0000
6394.6302	8408.0000
6394.6661	8482.0000
6394.7021	8229.0000
6394.7380	7958.0000
6394.7740	7673.0000
6394.8099	7306.0000
6394.8458	7011.0000
6394.8819	6856.0000
6394.9178	6651.0000
6394.9537	6563.0000
6394.9896	6474.0000
6395.0256	6540.0000
6395.0615	6553.0000
6395.0974	6687.0000
6395.1333	6919.0000
6395.1693	7206.0000
6395.2052	7573.0000
6395.2411	7936.0000
6395.2770	8339.0000
6395.3129	8682.0000
6395.3488	8980.0000
6395.3847	9358.0000
6395.4206	9518.0000
6395.4566	9520.0000
6395.4925	9411.0000
6395.5284	9404.0000
6395.5643	9352.0000
6395.6002	9274.0000
6395.6361	9074.0000
6395.6720	8950.0000
6395.7079	8402.0000
6395.7437	8046.0000
6395.7796	7579.0000
6395.8155	7373.0000
6395.8514	7344.0000
6395.8873	7205.0000
6395.9232	7241.0000
6395.9592	7449.0000
6395.9951	7591.0000
6396.0309	7762.0000
6396.0668	7978.0000
6396.1027	8229.0000
6396.1386	8222.0000
6396.1744	8300.0000
6396.2103	8243.0000
6396.2462	8297.0000
6396.2821	8042.0000
6396.3179	7813.0000
6396.3538	7633.0000
6396.3897	7346.0000
6396.4255	7077.0000
6396.4614	6973.0000
6396.4972	6909.0000
6396.5331	6841.0000
6396.5690	6825.0000
6396.6048	6999.0000
6396.6407	7378.0000
6396.6765	7694.0000
6396.7124	7970.0000
6396.7482	8404.0000
6396.7841	8958.0000
6396.8199	9481.0000
6396.8558	9798.0000
6396.8916	10086.0000
6396.9274	10012.0000
6396.9633	9682.0000
6396.9992	9282.0000
6397.0351	9271.0000
6397.0709	9013.0000
6397.1067	8638.0000
6397.1426	8529.0000
6397.1784	8285.0000
6397.2142	7910.0000
6397.2500	7754.0000
6397.2859	7443.0000
6397.3217	7361.0000
6397.3575	7357.0000
6397.3933	7328.0000
6397.4291	7326.0000
6397.4650	7319.0000
6397.5008	7458.0000
6397.5366	7642.0000
6397.5724	7776.0000
6397.6082	8089.0000
6397.6440	8274.0000
6397.6798	8537.0000
6397.7156	8711.0000
6397.7514	8697.0000
6397.7872	8664.0000
6397.8230	8505.0000
6397.8588	8041.0000
6397.8946	7769.0000
6397.9304	7480.0000
6397.9662	7330.0000
6398.0020	7015.0000
6398.0378	7035.0000
6398.0737	6941.0000
6398.1095	7205.0000
6398.1453	7602.0000
6398.1811	7977.0000
6398.2169	8318.0000
6398.2526	8482.0000
6398.2884	8560.0000
6398.3242	8557.0000
6398.3600	8495.0000
6398.3957	8442.0000
6398.4315	8406.0000
6398.4673	8476.0000
6398.5031	8649.0000
6398.5388	8915.0000
6398.5746	9191.0000
6398.6104	9389.0000
6398.6461	9490.0000
6398.6819	9480.0000
6398.7176	9375.0000
6398.7534	9284.0000
6398.7892	9035.0000
6398.8249	8668.0000
6398.8607	8410.0000
6398.8964	8101.0000
6398.9322	7935.0000
6398.9679	7835.0000
6399.0037	7943.0000
6399.0394	8066.0000
6399.0752	8127.0000
6399.1110	8224.0000
6399.1468	8360.0000
6399.1825	8418.0000
6399.2182	8506.0000
6399.2540	8415.0000
6399.2897	8367.0000
6399.3254	8120.0000
6399.3612	7998.0000
6399.3969	7826.0000
6399.4326	7661.0000
6399.4684	7489.0000
6399.5041	7362.0000
6399.5398	7354.0000
6399.5755	7382.0000
6399.6113	7405.0000
6399.6470	7361.0000
6399.6827	7437.0000
6399.7184	7566.0000
6399.7541	8018.0000
6399.7898	8488.0000
6399.8255	9158.0000
6399.8613	9904.0000
6399.8970	10497.0000
6399.9327	10989.0000
6399.9684	11157.0000
6400.0041	11075.0000
6400.0398	10626.0000
6400.0755	10226.0000
6400.1112	9631.0000
6400.1470	9211.0000
6400.1827	8826.0000
6400.2184	8400.0000
6400.2541	8003.0000
6400.2897	7629.0000
6400.3254	7333.0000
6400.3611	7388.0000
6400.3968	7325.0000
6400.4325	7375.0000
6400.4682	7543.0000
6400.5039	7673.0000
6400.5395	7837.0000
6400.5752	8062.0000
6400.6109	8456.0000
6400.6466	8907.0000
6400.6822	9282.0000
6400.7179	9403.0000
6400.7536	9406.0000
6400.7892	9296.0000
6400.8249	9099.0000
6400.8606	9009.0000
6400.8962	8979.0000
6400.9319	9011.0000
6400.9676	8961.0000
6401.0032	8883.0000
6401.0389	8759.0000
6401.0745	8685.0000
6401.1102	8395.0000
6401.1458	8103.0000
6401.1815	7780.0000
6401.2172	7584.0000
6401.2529	7334.0000
6401.2885	7132.0000
6401.3242	7086.0000
6401.3598	6902.0000
6401.3955	7019.0000
6401.4311	7376.0000
6401.4667	7728.0000
6401.5024	8205.0000
6401.5380	8808.0000
6401.5736	9270.0000
6401.6093	9734.0000
6401.6449	9988.0000
6401.6805	10084.0000
6401.7162	10070.0000
6401.7518	10055.0000
6401.7874	9985.0000
6401.8230	9891.0000
6401.8587	9734.0000
6401.8943	9525.0000
6401.9299	9352.0000
6401.9655	9154.0000
6402.0011	8812.0000
6402.0367	8540.0000
6402.0723	8245.0000
6402.1079	8163.0000
6402.1436	8101.0000
6402.1792	8016.0000
6402.2148	7845.0000
6402.2504	7871.0000
6402.2861	7665.0000
6402.3217	7493.0000
6402.3573	7302.0000
6402.3929	7319.0000
6402.4285	7512.0000
6402.4641	7825.0000
6402.4996	7910.0000
6402.5352	7952.0000
6402.5708	8145.0000
6402.6064	8350.0000
6402.6420	8590.0000
6402.6776	8816.0000
6402.7132	9065.0000
6402.7487	9056.0000
6402.7843	9249.0000
6402.8199	9233.0000
6402.8555	9237.0000
6402.8910	9231.0000
6402.9266	9118.0000
6402.9622	9176.0000
6402.9978	9295.0000
6403.0333	9401.0000
6403.0689	9555.0000
6403.1045	9756.0000
6403.1400	9746.0000
6403.1756	9707.0000
6403.2111	9597.0000
6403.2467	9297.0000
6403.2823	8783.0000
6403.3179	8386.0000
6403.3535	8161.0000
6403.3890	8001.0000
6403.4246	7989.0000
6403.4601	8079.0000
6403.4957	8276.0000
6403.5312	8487.0000
6403.5667	8469.0000
6403.6023	8617.0000
6403.6378	8685.0000
6403.6734	8625.0000
6403.7089	8616.0000
6403.7444	8644.0000
6403.7800	8817.0000
6403.8155	9231.0000
6403.8510	9678.0000
6403.8866	10335.0000
6403.9221	10915.0000
6403.9576	11445.0000
6403.9931	11735.0000
6404.0287	11661.0000
6404.0642	11605.0000
6404.0997	11141.0000
6404.1352	10590.0000
6404.1707	10079.0000
6404.2063	9556.0000
6404.2418	8861.0000
6404.2773	8271.0000
6404.3128	7782.0000
6404.3483	7559.0000
6404.3839	7349.0000
6404.4194	7252.0000
6404.4549	7330.0000
6404.4904	7501.0000
6404.5259	7693.0000
6404.5614	7987.0000
6404.5969	8261.0000
6404.6324	8431.0000
6404.6679	8691.0000
6404.7034	8766.0000
6404.7389	8915.0000
6404.7744	9194.0000
6404.8099	9419.0000
6404.8453	9600.0000
6404.8808	9696.0000
6404.9163	9919.0000
6404.9518	10036.0000
6404.9873	10108.0000
6405.0228	10167.0000
6405.0582	10223.0000
6405.0937	10361.0000
6405.1292	10453.0000
6405.1647	10384.0000
6405.2001	10205.0000
6405.2356	9964.0000
6405.2711	9533.0000
6405.3065	9032.0000
6405.3420	8551.0000
6405.3774	8295.0000
6405.4130	8129.0000
6405.4485	8051.0000
6405.4839	7966.0000
6405.5194	7913.0000
6405.5548	7798.0000
6405.5903	7867.0000
6405.6257	8087.0000
6405.6612	8354.0000
6405.6966	8640.0000
6405.7321	9210.0000
6405.7675	9763.0000
6405.8030	10387.0000
6405.8384	10699.0000
6405.8738	10971.0000
6405.9093	11140.0000
6405.9447	11094.0000
6405.9802	10855.0000
6406.0156	10583.0000
6406.0510	10346.0000
6406.0865	10117.0000
6406.1219	9880.0000
6406.1573	9566.0000
6406.1927	9243.0000
6406.2282	8797.0000
6406.2636	8386.0000
6406.2990	8084.0000
6406.3344	7995.0000
6406.3698	7951.0000
6406.4053	8122.0000
6406.4407	8390.0000
6406.4762	8776.0000
6406.5116	9075.0000
6406.5470	9363.0000
6406.5824	9409.0000
6406.6178	9476.0000
6406.6532	9324.0000
6406.6886	9155.0000
6406.7240	9148.0000
6406.7594	9149.0000
6406.7948	9184.0000
6406.8302	9410.0000
6406.8656	9548.0000
6406.9010	9608.0000
6406.9364	9528.0000
6406.9718	9467.0000
6407.0072	9529.0000
6407.0426	9312.0000
6407.0779	9317.0000
6407.1133	9395.0000
6407.1487	9643.0000
6407.1841	9851.0000
6407.2195	10181.0000
6407.2549	10197.0000
6407.2902	10154.0000
6407.3256	9889.0000
6407.3610	9531.0000
6407.3963	9196.0000
6407.4317	8965.0000
6407.4671	8942.0000
6407.5024	9056.0000
6407.5379	9296.0000
6407.5733	9336.0000
6407.6086	9207.0000
6407.6440	8964.0000
6407.6794	8769.0000
6407.7147	8538.0000
6407.7501	8250.0000
6407.7854	8081.0000
6407.8208	7887.0000
6407.8561	7736.0000
6407.8915	7756.0000
6407.9268	7825.0000
6407.9622	7989.0000
6407.9975	8340.0000
6408.0328	8657.0000
6408.0682	9011.0000
6408.1035	9228.0000
6408.1389	9504.0000
6408.1742	9588.0000
6408.2095	9758.0000
6408.2449	9817.0000
6408.2802	9930.0000
6408.3155	9966.0000
6408.3509	9796.0000
6408.3862	9687.0000
6408.4215	9624.0000
6408.4568	9396.0000
6408.4922	9110.0000
6408.5275	8971.0000
6408.5628	8897.0000
6408.5982	8780.0000
6408.6335	8878.0000
6408.6688	9052.0000
6408.7041	8874.0000
6408.7395	8728.0000
6408.7748	8659.0000
6408.8101	8619.0000
6408.8454	8552.0000
6408.8807	8532.0000
6408.9160	8572.0000
6408.9513	8518.0000
6408.9866	8373.0000
6409.0219	8308.0000
6409.0572	8234.0000
6409.0925	8292.0000
6409.1278	8548.0000
6409.1631	8860.0000
6409.1983	9245.0000
6409.2336	9654.0000
6409.2689	10044.0000
6409.3042	10225.0000
6409.3395	10130.0000
6409.3748	9810.0000
6409.4101	9679.0000
6409.4453	9413.0000
6409.4806	9071.0000
6409.5159	8939.0000
6409.5512	8817.0000
6409.5864	8695.0000
6409.6218	8539.0000
6409.6571	8367.0000
6409.6923	8230.0000
6409.7276	8327.0000
6409.7629	8618.0000
6409.7981	8982.0000
6409.8334	9338.0000
6409.8686	9434.0000
6409.9039	9497.0000
6409.9392	9493.0000
6409.9744	9413.0000
6410.0097	9252.0000
6410.0449	9003.0000
6410.0802	8845.0000
6410.1154	8614.0000
6410.1507	8243.0000
6410.1859	8102.0000
6410.2212	8125.0000
6410.2564	8268.0000
6410.2916	8474.0000
6410.3269	8598.0000
6410.3621	8787.0000
6410.3973	8860.0000
6410.4326	9107.0000
6410.4678	9319.0000
6410.5030	9463.0000
6410.5383	9787.0000
6410.5735	10189.0000
6410.6087	10525.0000
6410.6439	10844.0000
6410.6793	10872.0000
6410.7145	10703.0000
6410.7497	10313.0000
6410.7849	9754.0000
6410.8201	9321.0000
6410.8554	9230.0000
6410.8906	9127.0000
6410.9258	9127.0000
6410.9610	9170.0000
6410.9962	9246.0000
6411.0314	9175.0000
6411.0666	9154.0000
6411.1018	9149.0000
6411.1370	8973.0000
6411.1722	8877.0000
6411.2074	8968.0000
6411.2426	9148.0000
6411.2778	9298.0000
6411.3130	9502.0000
6411.3482	9682.0000
6411.3834	9645.0000
6411.4186	9309.0000
6411.4538	8876.0000
6411.4889	8475.0000
6411.5241	8160.0000
6411.5593	7915.0000
6411.5945	7967.0000
6411.6297	8034.0000
6411.6649	8102.0000
6411.7000	8202.0000
6411.7353	8383.0000
6411.7705	8425.0000
6411.8056	8543.0000
6411.8408	8463.0000
6411.8760	8503.0000
6411.9112	8464.0000
6411.9463	8360.0000
6411.9815	8296.0000
6412.0166	8080.0000
6412.0518	7899.0000
6412.0870	7734.0000
6412.1221	7434.0000
6412.1573	7254.0000
6412.1924	6995.0000
6412.2276	6767.0000
6412.2627	6614.0000
6412.2979	6468.0000
6412.3330	6397.0000
6412.3682	6474.0000
6412.4033	6545.0000
6412.4385	6649.0000
6412.4736	6784.0000
6412.5087	6880.0000
6412.5439	6936.0000
6412.5790	6896.0000
6412.6142	7115.0000
6412.6493	7123.0000
6412.6844	6998.0000
6412.7195	6907.0000
6412.7547	6875.0000
6412.7899	6862.0000
6412.8250	6820.0000
6412.8601	6851.0000
6412.8953	6848.0000
6412.9304	6761.0000
6412.9655	6738.0000
6413.0006	6615.0000
6413.0357	6501.0000
6413.0709	6293.0000
6413.1060	6067.0000
6413.1411	5892.0000
6413.1762	5750.0000
6413.2113	5661.0000
6413.2464	5472.0000
6413.2815	5466.0000
6413.3166	5578.0000
6413.3517	5679.0000
6413.3868	5919.0000
6413.4219	6097.0000
6413.4570	6499.0000
6413.4921	6745.0000
6413.5272	7044.0000
6413.5623	7276.0000
6413.5974	7530.0000
6413.6325	7761.0000
6413.6676	7878.0000
6413.7026	8110.0000
6413.7377	7996.0000
6413.7728	8008.0000
6413.8079	8079.0000
6413.8431	8179.0000
6413.8781	8380.0000
6413.9132	8320.0000
6413.9483	8201.0000
6413.9834	8079.0000
6414.0184	7697.0000
6414.0535	7415.0000
6414.0886	7130.0000
6414.1236	6959.0000
6414.1587	7063.0000
6414.1938	7128.0000
6414.2288	7349.0000
6414.2639	7616.0000
6414.2989	7823.0000
6414.3340	7874.0000
6414.3691	7812.0000
6414.4041	7802.0000
6414.4392	7676.0000
6414.4742	7559.0000
6414.5093	7335.0000
6414.5443	7119.0000
6414.5794	6951.0000
6414.6144	6712.0000
6414.6494	6352.0000
6414.6845	5890.0000
6414.7195	5592.0000
6414.7546	5367.0000
6414.7896	5300.0000
6414.8246	5257.0000
6414.8597	5287.0000
6414.8948	5312.0000
6414.9298	5432.0000
6414.9648	5561.0000
6414.9999	5628.0000
6415.0349	5967.0000
6415.0699	6145.0000
6415.1049	6275.0000
6415.1400	6275.0000
6415.1750	6124.0000
6415.2100	6048.0000
6415.2450	6211.0000
6415.2800	6258.0000
6415.3150	6145.0000
6415.3500	6052.0000
6415.3851	6017.0000
6415.4201	5944.0000
6415.4551	5724.0000
6415.4901	5848.0000
6415.5251	5898.0000
6415.5601	5780.0000
6415.5951	5749.0000
6415.6301	5871.0000
6415.6651	5866.0000
6415.7001	5862.0000
6415.7351	5918.0000
6415.7700	5930.0000
6415.8050	6065.0000
6415.8400	6191.0000
6415.8750	6402.0000
6415.9100	6512.0000
6415.9451	6656.0000
6415.9801	6764.0000
6416.0150	6831.0000
6416.0500	7039.0000
6416.0850	7310.0000
6416.1200	7686.0000
6416.1549	7984.0000
6416.1899	8236.0000
6416.2249	8265.0000
6416.2599	8067.0000
6416.2948	7845.0000
6416.3298	7803.0000
6416.3648	7734.0000
6416.3997	7716.0000
6416.4347	7699.0000
6416.4696	7619.0000
6416.5046	7521.0000
6416.5395	7361.0000
6416.5745	7146.0000
6416.6095	6855.0000
6416.6444	6626.0000
6416.6794	6578.0000
6416.7143	6444.0000
6416.7493	6502.0000
6416.7842	6605.0000
6416.8191	6640.0000
6416.8541	6519.0000
6416.8890	6426.0000
6416.9240	6337.0000
6416.9589	6157.0000
6416.9939	6150.0000
6417.0289	6208.0000
6417.0638	6242.0000
6417.0987	6476.0000
6417.1337	6781.0000
6417.1686	7005.0000
6417.2035	7080.0000
6417.2384	7054.0000
6417.2734	7091.0000
6417.3083	7214.0000
6417.3432	7337.0000
6417.3781	7656.0000
6417.4130	7913.0000
6417.4479	8182.0000
6417.4829	8398.0000
6417.5178	8587.0000
6417.5527	8767.0000
6417.5876	8673.0000
6417.6225	8449.0000
6417.6574	8075.0000
6417.6923	7713.0000
6417.7272	7716.0000
6417.7621	7544.0000
6417.7970	7352.0000
6417.8319	7338.0000
6417.8668	7447.0000
6417.9017	7540.0000
6417.9366	7549.0000
6417.9715	7525.0000
6418.0064	7334.0000
6418.0413	7002.0000
6418.0762	6810.0000
6418.1111	6636.0000
6418.1460	6465.0000
6418.1809	6233.0000
6418.2158	6066.0000
6418.2506	6119.0000
6418.2855	6012.0000
6418.3204	5878.0000
6418.3553	5853.0000
6418.3901	5711.0000
6418.4250	5533.0000
6418.4599	5515.0000
6418.4947	4653.0000
6418.5296	4670.0000
6418.5645	4692.0000
6418.5993	4801.0000
6418.6342	4965.0000
6418.6691	5082.0000
6418.7039	5279.0000
6418.7388	5261.0000
6418.7736	5244.0000
6418.8085	5211.0000
