R_Cam.13
5337.0644	217.0000
5337.0964	389.0000
5337.1284	408.0000
5337.1604	444.0000
5337.1924	508.0000
5337.2244	472.0000
5337.2563	495.0000
5337.2883	485.0000
5337.3203	503.0000
5337.3523	539.0000
5337.3843	677.0000
5337.4163	660.0000
5337.4483	689.0000
5337.4802	711.0000
5337.5122	848.0000
5337.5442	923.0000
5337.5762	908.0000
5337.6081	832.0000
5337.6401	827.0000
5337.6721	873.0000
5337.7041	884.0000
5337.7360	843.0000
5337.7680	798.0000
5337.8000	850.0000
5337.8319	855.0000
5337.8639	792.0000
5337.8959	893.0000
5337.9278	920.0000
5337.9599	903.0000
5337.9919	847.0000
5338.0238	864.0000
5338.0558	860.0000
5338.0877	826.0000
5338.1197	913.0000
5338.1516	935.0000
5338.1836	871.0000
5338.2155	869.0000
5338.2475	910.0000
5338.2794	824.0000
5338.3114	864.0000
5338.3433	806.0000
5338.3753	821.0000
5338.4072	746.0000
5338.4392	823.0000
5338.4711	814.0000
5338.5030	823.0000
5338.5350	916.0000
5338.5669	915.0000
5338.5989	787.0000
5338.6308	731.0000
5338.6627	844.0000
5338.6946	937.0000
5338.7266	877.0000
5338.7585	904.0000
5338.7904	938.0000
5338.8224	918.0000
5338.8543	893.0000
5338.8862	947.0000
5338.9181	1008.0000
5338.9501	906.0000
5338.9821	940.0000
5339.0140	992.0000
5339.0459	1072.0000
5339.0778	1052.0000
5339.1097	1073.0000
5339.1416	1054.0000
5339.1736	1031.0000
5339.2055	960.0000
5339.2374	918.0000
5339.2693	943.0000
5339.3012	956.0000
5339.3331	964.0000
5339.3650	1004.0000
5339.3969	960.0000
5339.4288	855.0000
5339.4607	936.0000
5339.4926	980.0000
5339.5245	975.0000
5339.5564	997.0000
5339.5883	893.0000
5339.6202	914.0000
5339.6521	859.0000
5339.6840	834.0000
5339.7159	888.0000
5339.7477	955.0000
5339.7796	933.0000
5339.8115	928.0000
5339.8434	891.0000
5339.8753	991.0000
5339.9072	860.0000
5339.9390	927.0000
5339.9709	905.0000
5340.0028	831.0000
5340.0348	901.0000
5340.0666	949.0000
5340.0985	919.0000
5340.1304	939.0000
5340.1623	966.0000
5340.1941	942.0000
5340.2260	952.0000
5340.2579	928.0000
5340.2897	1024.0000
5340.3216	945.0000
5340.3535	899.0000
5340.3853	1000.0000
5340.4172	970.0000
5340.4490	950.0000
5340.4809	981.0000
5340.5128	981.0000
5340.5446	1030.0000
5340.5765	1033.0000
5340.6083	979.0000
5340.6402	929.0000
5340.6720	931.0000
5340.7039	982.0000
5340.7357	950.0000
5340.7676	913.0000
5340.7994	870.0000
5340.8312	884.0000
5340.8631	909.0000
5340.8949	978.0000
5340.9268	912.0000
5340.9586	948.0000
5340.9904	1022.0000
5341.0223	1001.0000
5341.0541	1056.0000
5341.0859	1124.0000
5341.1179	1195.0000
5341.1497	1158.0000
5341.1815	1176.0000
5341.2134	1119.0000
5341.2452	1109.0000
5341.2770	1020.0000
5341.3088	920.0000
5341.3407	967.0000
5341.3725	946.0000
5341.4043	1035.0000
5341.4361	1093.0000
5341.4679	1051.0000
5341.4997	1056.0000
5341.5316	944.0000
5341.5634	951.0000
5341.5952	985.0000
5341.6270	1141.0000
5341.6588	1131.0000
5341.6906	1082.0000
5341.7224	1036.0000
5341.7542	1025.0000
5341.7860	1072.0000
5341.8178	1143.0000
5341.8496	1107.0000
5341.8814	1044.0000
5341.9132	986.0000
5341.9450	982.0000
5341.9768	1007.0000
5342.0086	1021.0000
5342.0404	1070.0000
5342.0722	1003.0000
5342.1040	1009.0000
5342.1358	1084.0000
5342.1677	1074.0000
5342.1994	1115.0000
5342.2312	1082.0000
5342.2630	1080.0000
5342.2948	1020.0000
5342.3266	994.0000
5342.3584	921.0000
5342.3901	997.0000
5342.4219	953.0000
5342.4537	1055.0000
5342.4855	1131.0000
5342.5172	1107.0000
5342.5490	1051.0000
5342.5808	1080.0000
5342.6125	1095.0000
5342.6443	1081.0000
5342.6761	1097.0000
5342.7078	1041.0000
5342.7396	1017.0000
5342.7714	1049.0000
5342.8031	1051.0000
5342.8349	975.0000
5342.8667	898.0000
5342.8984	850.0000
5342.9302	822.0000
5342.9619	803.0000
5342.9937	876.0000
5343.0254	942.0000
5343.0572	933.0000
5343.0889	1018.0000
5343.1207	1066.0000
5343.1524	1077.0000
5343.1842	1053.0000
5343.2160	1062.0000
5343.2478	981.0000
5343.2795	983.0000
5343.3112	1024.0000
5343.3430	999.0000
5343.3747	1007.0000
5343.4064	1057.0000
5343.4382	1115.0000
5343.4699	1028.0000
5343.5017	1118.0000
5343.5334	1158.0000
5343.5651	1203.0000
5343.5968	1184.0000
5343.6286	1209.0000
5343.6603	1210.0000
5343.6920	1193.0000
5343.7237	1180.0000
5343.7555	1142.0000
5343.7872	1107.0000
5343.8189	1141.0000
5343.8506	1167.0000
5343.8823	1174.0000
5343.9140	1183.0000
5343.9458	1156.0000
5343.9775	1179.0000
5344.0092	1140.0000
5344.0409	1112.0000
5344.0726	1123.0000
5344.1043	1106.0000
5344.1360	1145.0000
5344.1677	1149.0000
5344.1994	1221.0000
5344.2311	1191.0000
5344.2629	1202.0000
5344.2946	1261.0000
5344.3263	1328.0000
5344.3580	1399.0000
5344.3897	1388.0000
5344.4214	1385.0000
5344.4531	1382.0000
5344.4848	1344.0000
5344.5165	1178.0000
5344.5482	1175.0000
5344.5799	1165.0000
5344.6115	1159.0000
5344.6432	1183.0000
5344.6749	1105.0000
5344.7066	1122.0000
5344.7383	1092.0000
5344.7700	1107.0000
5344.8016	1171.0000
5344.8333	1268.0000
5344.8650	1290.0000
5344.8967	1242.0000
5344.9283	1325.0000
5344.9600	1252.0000
5344.9917	1302.0000
5345.0233	1307.0000
5345.0550	1290.0000
5345.0867	1242.0000
5345.1183	1210.0000
5345.1500	1174.0000
5345.1817	1202.0000
5345.2133	1227.0000
5345.2450	1221.0000
5345.2766	1186.0000
5345.3084	1216.0000
5345.3401	1364.0000
5345.3717	1332.0000
5345.4034	1307.0000
5345.4350	1244.0000
5345.4667	1208.0000
5345.4983	1202.0000
5345.5300	1173.0000
5345.5616	1059.0000
5345.5933	1085.0000
5345.6249	1080.0000
5345.6565	936.0000
5345.6882	830.0000
5345.7198	764.0000
5345.7515	751.0000
5345.7831	731.0000
5345.8147	858.0000
5345.8464	910.0000
5345.8780	950.0000
5345.9096	995.0000
5345.9413	960.0000
5345.9729	917.0000
5346.0045	971.0000
5346.0361	1037.0000
5346.0678	1032.0000
5346.0994	1098.0000
5346.1310	1114.0000
5346.1626	1214.0000
5346.1943	1348.0000
5346.2259	1372.0000
5346.2575	1452.0000
5346.2891	1466.0000
5346.3207	1434.0000
5346.3524	1462.0000
5346.3840	1456.0000
5346.4157	1394.0000
5346.4473	1368.0000
5346.4789	1288.0000
5346.5105	1232.0000
5346.5421	1224.0000
5346.5737	1190.0000
5346.6053	1238.0000
5346.6369	1246.0000
5346.6685	1320.0000
5346.7001	1406.0000
5346.7317	1412.0000
5346.7633	1530.0000
5346.7949	1572.0000
5346.8265	1519.0000
5346.8581	1407.0000
5346.8897	1368.0000
5346.9212	1383.0000
5346.9528	1362.0000
5346.9844	1264.0000
5347.0160	1273.0000
5347.0476	1213.0000
5347.0792	1260.0000
5347.1107	1345.0000
5347.1423	1439.0000
5347.1739	1417.0000
5347.2055	1460.0000
5347.2371	1564.0000
5347.2686	1652.0000
5347.3002	1612.0000
5347.3318	1491.0000
5347.3634	1419.0000
5347.3949	1335.0000
5347.4266	1368.0000
5347.4582	1435.0000
5347.4897	1335.0000
5347.5213	1366.0000
5347.5528	1402.0000
5347.5844	1359.0000
5347.6160	1465.0000
5347.6475	1535.0000
5347.6791	1524.0000
5347.7106	1650.0000
5347.7422	1601.0000
5347.7737	1593.0000
5347.8053	1611.0000
5347.8369	1593.0000
5347.8684	1576.0000
5347.8999	1510.0000
5347.9315	1360.0000
5347.9630	1274.0000
5347.9946	1293.0000
5348.0261	1256.0000
5348.0577	1183.0000
5348.0892	1154.0000
5348.1207	1150.0000
5348.1523	1103.0000
5348.1838	1086.0000
5348.2154	1057.0000
5348.2469	996.0000
5348.2784	872.0000
5348.3100	841.0000
5348.3415	798.0000
5348.3730	786.0000
5348.4045	841.0000
5348.4361	923.0000
5348.4677	928.0000
5348.4992	1026.0000
5348.5307	1111.0000
5348.5623	1220.0000
5348.5938	1207.0000
5348.6253	1410.0000
5348.6568	1496.0000
5348.6883	1521.0000
5348.7198	1475.0000
5348.7513	1555.0000
5348.7829	1536.0000
5348.8144	1485.0000
5348.8459	1455.0000
5348.8774	1463.0000
5348.9089	1395.0000
5348.9404	1478.0000
5348.9719	1374.0000
5349.0034	1337.0000
5349.0349	1317.0000
5349.0664	1296.0000
5349.0979	1236.0000
5349.1294	1231.0000
5349.1609	1209.0000
5349.1924	1183.0000
5349.2239	1275.0000
5349.2554	1391.0000
5349.2869	1365.0000
5349.3183	1437.0000
5349.3498	1442.0000
5349.3813	1466.0000
5349.4128	1459.0000
5349.4443	1303.0000
5349.4758	1173.0000
5349.5072	1081.0000
5349.5388	1070.0000
5349.5703	1016.0000
5349.6018	1018.0000
5349.6333	874.0000
5349.6647	891.0000
5349.6962	936.0000
5349.7277	929.0000
5349.7591	1049.0000
5349.7906	1151.0000
5349.8221	1216.0000
5349.8535	1243.0000
5349.8850	1350.0000
5349.9165	1393.0000
5349.9479	1472.0000
5349.9794	1580.0000
5350.0108	1591.0000
5350.0423	1541.0000
5350.0738	1490.0000
5350.1052	1509.0000
5350.1367	1465.0000
5350.1681	1458.0000
5350.1996	1428.0000
5350.2310	1369.0000
5350.2625	1328.0000
5350.2939	1307.0000
5350.3254	1271.0000
5350.3568	1301.0000
5350.3883	1391.0000
5350.4197	1339.0000
5350.4511	1301.0000
5350.4826	1305.0000
5350.5140	1357.0000
5350.5455	1421.0000
5350.5770	1351.0000
5350.6084	1342.0000
5350.6399	1457.0000
5350.6713	1415.0000
5350.7027	1576.0000
5350.7341	1570.0000
5350.7656	1626.0000
5350.7970	1706.0000
5350.8284	1714.0000
5350.8598	1642.0000
5350.8913	1690.0000
5350.9227	1656.0000
5350.9541	1601.0000
5350.9855	1661.0000
5351.0169	1621.0000
5351.0484	1584.0000
5351.0798	1669.0000
5351.1112	1635.0000
5351.1426	1595.0000
5351.1740	1577.0000
5351.2054	1587.0000
5351.2368	1607.0000
5351.2682	1682.0000
5351.2996	1651.0000
5351.3310	1668.0000
5351.3624	1718.0000
5351.3938	1732.0000
5351.4252	1671.0000
5351.4566	1659.0000
5351.4880	1662.0000
5351.5194	1693.0000
5351.5508	1673.0000
5351.5822	1608.0000
5351.6136	1558.0000
5351.6451	1546.0000
5351.6765	1592.0000
5351.7079	1621.0000
5351.7393	1655.0000
5351.7706	1788.0000
5351.8020	1905.0000
5351.8334	1921.0000
5351.8648	2002.0000
5351.8962	2019.0000
5351.9275	2002.0000
5351.9589	1921.0000
5351.9903	1838.0000
5352.0217	1821.0000
5352.0530	1726.0000
5352.0844	1756.0000
5352.1158	1703.0000
5352.1471	1681.0000
5352.1785	1717.0000
5352.2099	1731.0000
5352.2412	1757.0000
5352.2726	1760.0000
5352.3040	1806.0000
5352.3353	1773.0000
5352.3667	1808.0000
5352.3981	1894.0000
5352.4294	1971.0000
5352.4608	1975.0000
5352.4921	1904.0000
5352.5235	1895.0000
5352.5548	2048.0000
5352.5862	1977.0000
5352.6175	1924.0000
5352.6489	1832.0000
5352.6803	1820.0000
5352.7117	1868.0000
5352.7430	1810.0000
5352.7743	1839.0000
5352.8057	1864.0000
5352.8370	1810.0000
5352.8684	1700.0000
5352.8997	1624.0000
5352.9310	1678.0000
5352.9624	1734.0000
5352.9937	1831.0000
5353.0250	1861.0000
5353.0564	1946.0000
5353.0877	1847.0000
5353.1190	1897.0000
5353.1503	2003.0000
5353.1817	2046.0000
5353.2130	2032.0000
5353.2443	2014.0000
5353.2756	1951.0000
5353.3070	1859.0000
5353.3383	1864.0000
5353.3696	1769.0000
5353.4009	1785.0000
5353.4322	1790.0000
5353.4635	1799.0000
5353.4948	1885.0000
5353.5262	1895.0000
5353.5575	1911.0000
5353.5888	1939.0000
5353.6201	1941.0000
5353.6514	1944.0000
5353.6827	2018.0000
5353.7140	2013.0000
5353.7454	2012.0000
5353.7767	2091.0000
5353.8080	2070.0000
5353.8393	2118.0000
5353.8706	2097.0000
5353.9019	2015.0000
5353.9332	2063.0000
5353.9645	2036.0000
5353.9957	1907.0000
5354.0270	1861.0000
5354.0583	1838.0000
5354.0896	1842.0000
5354.1209	1830.0000
5354.1522	1899.0000
5354.1835	1952.0000
5354.2147	1927.0000
5354.2460	1947.0000
5354.2773	2028.0000
5354.3086	2053.0000
5354.3398	2135.0000
5354.3711	2070.0000
5354.4024	1865.0000
5354.4337	1869.0000
5354.4649	1918.0000
5354.4962	1945.0000
5354.5275	1911.0000
5354.5587	1913.0000
5354.5900	1917.0000
5354.6213	1903.0000
5354.6525	1873.0000
5354.6838	1873.0000
5354.7150	1901.0000
5354.7463	1937.0000
5354.7777	2015.0000
5354.8089	1970.0000
5354.8402	2106.0000
5354.8714	2162.0000
5354.9027	2184.0000
5354.9339	2151.0000
5354.9652	2187.0000
5354.9964	2067.0000
5355.0277	2096.0000
5355.0589	2104.0000
5355.0901	2129.0000
5355.1214	2135.0000
5355.1526	2052.0000
5355.1839	2027.0000
5355.2151	1987.0000
5355.2463	2039.0000
5355.2776	2048.0000
5355.3088	2037.0000
5355.3400	2064.0000
5355.3713	2232.0000
5355.4025	2287.0000
5355.4337	2241.0000
5355.4650	2302.0000
5355.4962	2288.0000
5355.5274	2305.0000
5355.5586	2224.0000
5355.5899	2168.0000
5355.6211	2146.0000
5355.6523	2158.0000
5355.6835	2045.0000
5355.7147	2077.0000
5355.7459	1979.0000
5355.7772	1818.0000
5355.8084	1745.0000
5355.8397	1704.0000
5355.8709	1703.0000
5355.9021	1632.0000
5355.9333	1602.0000
5355.9645	1567.0000
5355.9957	1622.0000
5356.0269	1616.0000
5356.0581	1581.0000
5356.0893	1698.0000
5356.1205	1644.0000
5356.1517	1600.0000
5356.1829	1560.0000
5356.2141	1775.0000
5356.2453	1887.0000
5356.2765	2016.0000
5356.3077	2169.0000
5356.3389	2217.0000
5356.3701	2158.0000
5356.4013	2128.0000
5356.4324	2151.0000
5356.4636	2008.0000
5356.4948	1943.0000
5356.5260	1975.0000
5356.5572	1979.0000
5356.5884	1842.0000
5356.6195	1795.0000
5356.6507	1852.0000
5356.6819	1879.0000
5356.7131	1977.0000
5356.7442	1921.0000
5356.7754	1920.0000
5356.8066	1938.0000
5356.8377	2038.0000
5356.8689	2192.0000
5356.9002	2241.0000
5356.9313	2221.0000
5356.9625	2226.0000
5356.9937	2242.0000
5357.0248	2264.0000
5357.0560	2324.0000
5357.0871	2245.0000
5357.1183	2192.0000
5357.1494	2166.0000
5357.1806	2069.0000
5357.2118	2101.0000
5357.2429	2133.0000
5357.2741	2099.0000
5357.3052	2005.0000
5357.3363	1916.0000
5357.3675	2017.0000
5357.3986	1986.0000
5357.4298	2101.0000
5357.4609	2118.0000
5357.4921	2066.0000
5357.5232	2082.0000
5357.5543	2113.0000
5357.5855	2029.0000
5357.6166	1923.0000
5357.6477	2045.0000
5357.6789	2022.0000
5357.7100	2035.0000
5357.7411	1938.0000
5357.7723	1991.0000
5357.8034	1926.0000
5357.8345	1964.0000
5357.8656	1921.0000
5357.8968	1928.0000
5357.9279	2006.0000
5357.9591	2061.0000
5357.9902	2151.0000
5358.0213	2135.0000
5358.0525	2150.0000
5358.0836	2183.0000
5358.1147	2134.0000
5358.1458	2064.0000
5358.1769	2075.0000
5358.2080	2019.0000
5358.2391	1976.0000
5358.2702	1947.0000
5358.3013	1988.0000
5358.3324	2022.0000
5358.3635	2075.0000
5358.3946	2082.0000
5358.4257	2039.0000
5358.4568	1966.0000
5358.4879	2006.0000
5358.5190	1967.0000
5358.5501	1881.0000
5358.5812	1950.0000
5358.6123	2013.0000
5358.6434	1914.0000
5358.6745	1962.0000
5358.7056	1949.0000
5358.7367	1893.0000
5358.7678	1873.0000
5358.7988	1823.0000
5358.8299	1749.0000
5358.8610	1634.0000
5358.8921	1552.0000
5358.9232	1607.0000
5358.9542	1657.0000
5358.9854	1714.0000
5359.0165	1581.0000
5359.0476	1646.0000
5359.0786	1703.0000
5359.1097	1691.0000
5359.1408	1748.0000
5359.1718	1689.0000
5359.2029	1709.0000
5359.2340	1728.0000
5359.2650	1649.0000
5359.2961	1601.0000
5359.3272	1632.0000
5359.3582	1615.0000
5359.3893	1552.0000
5359.4203	1596.0000
5359.4514	1656.0000
5359.4824	1778.0000
5359.5135	1887.0000
5359.5446	1877.0000
5359.5756	2043.0000
5359.6067	2049.0000
5359.6377	2013.0000
5359.6687	2065.0000
5359.6998	2089.0000
5359.7308	2100.0000
5359.7619	1961.0000
5359.7929	1907.0000
5359.8240	1890.0000
5359.8550	1886.0000
5359.8860	1903.0000
5359.9171	1874.0000
5359.9481	1877.0000
5359.9791	1790.0000
5360.0102	1933.0000
5360.0413	1960.0000
5360.0723	1960.0000
5360.1034	1872.0000
5360.1344	1848.0000
5360.1654	1854.0000
5360.1964	1964.0000
5360.2275	1945.0000
5360.2585	2023.0000
5360.2895	2031.0000
5360.3205	1959.0000
5360.3515	1947.0000
5360.3825	1880.0000
5360.4136	1852.0000
5360.4446	1774.0000
5360.4756	1709.0000
5360.5066	1781.0000
5360.5376	1749.0000
5360.5686	1792.0000
5360.5996	1775.0000
5360.6306	1736.0000
5360.6616	1662.0000
5360.6926	1553.0000
5360.7236	1475.0000
5360.7546	1438.0000
5360.7856	1484.0000
5360.8166	1439.0000
5360.8476	1469.0000
5360.8786	1591.0000
5360.9096	1588.0000
5360.9406	1598.0000
5360.9716	1393.0000
5361.0026	1508.0000
5361.0336	1625.0000
5361.0645	1625.0000
5361.0956	1665.0000
5361.1266	1804.0000
5361.1576	1737.0000
5361.1886	1682.0000
5361.2196	1699.0000
5361.2505	1660.0000
5361.2815	1721.0000
5361.3125	1724.0000
5361.3435	1770.0000
5361.3744	1761.0000
5361.4054	1908.0000
5361.4364	1841.0000
5361.4673	1774.0000
5361.4983	1825.0000
5361.5293	1864.0000
5361.5602	1865.0000
5361.5912	1894.0000
5361.6222	1920.0000
5361.6531	1952.0000
5361.6841	1969.0000
5361.7150	1939.0000
5361.7460	1892.0000
5361.7770	1838.0000
5361.8079	1821.0000
5361.8389	1781.0000
5361.8698	1806.0000
5361.9008	1726.0000
5361.9317	1730.0000
5361.9627	1705.0000
5361.9936	1710.0000
5362.0245	1719.0000
5362.0555	1762.0000
5362.0864	1754.0000
5362.1174	1683.0000
5362.1484	1742.0000
5362.1793	1730.0000
5362.2103	1758.0000
5362.2412	1748.0000
5362.2722	1751.0000
5362.3031	1760.0000
5362.3340	1676.0000
5362.3649	1632.0000
5362.3959	1626.0000
5362.4268	1705.0000
5362.4577	1654.0000
5362.4886	1643.0000
5362.5196	1701.0000
5362.5505	1704.0000
5362.5814	1668.0000
5362.6123	1737.0000
5362.6432	1718.0000
5362.6742	1726.0000
5362.7051	1793.0000
5362.7360	1724.0000
5362.7669	1709.0000
5362.7978	1670.0000
5362.8287	1740.0000
5362.8596	1734.0000
5362.8905	1796.0000
5362.9214	1833.0000
5362.9523	1876.0000
5362.9833	1891.0000
5363.0142	1987.0000
5363.0451	1930.0000
5363.0760	1871.0000
5363.1068	1856.0000
5363.1377	1817.0000
5363.1686	1755.0000
5363.1996	1790.0000
5363.2305	1917.0000
5363.2614	1755.0000
5363.2923	1694.0000
5363.3232	1714.0000
5363.3541	1708.0000
5363.3850	1755.0000
5363.4158	1839.0000
5363.4467	1858.0000
5363.4776	1814.0000
5363.5085	1807.0000
5363.5394	1830.0000
5363.5702	1791.0000
5363.6011	1725.0000
5363.6320	1726.0000
5363.6629	1669.0000
5363.6937	1660.0000
5363.7246	1757.0000
5363.7555	1666.0000
5363.7863	1606.0000
5363.8172	1631.0000
5363.8481	1699.0000
5363.8789	1704.0000
5363.9098	1710.0000
5363.9407	1742.0000
5363.9715	1733.0000
5364.0024	1766.0000
5364.0332	1770.0000
5364.0641	1786.0000
5364.0949	1698.0000
5364.1258	1751.0000
5364.1567	1761.0000
5364.1875	1785.0000
5364.2183	1743.0000
5364.2493	1664.0000
5364.2801	1637.0000
5364.3110	1668.0000
5364.3418	1589.0000
5364.3727	1588.0000
5364.4035	1569.0000
5364.4344	1541.0000
5364.4652	1575.0000
5364.4960	1654.0000
5364.5269	1625.0000
5364.5577	1617.0000
5364.5885	1691.0000
5364.6194	1667.0000
5364.6502	1695.0000
5364.6810	1638.0000
5364.7118	1708.0000
5364.7427	1745.0000
5364.7735	1751.0000
5364.8043	1806.0000
5364.8351	1875.0000
5364.8660	1856.0000
5364.8968	1756.0000
5364.9276	1822.0000
5364.9584	1726.0000
5364.9892	1726.0000
5365.0200	1688.0000
5365.0509	1757.0000
5365.0817	1683.0000
5365.1125	1649.0000
5365.1433	1671.0000
5365.1741	1592.0000
5365.2049	1626.0000
5365.2357	1563.0000
5365.2665	1546.0000
5365.2973	1598.0000
5365.3282	1511.0000
5365.3590	1518.0000
5365.3898	1503.0000
5365.4206	1536.0000
5365.4514	1537.0000
5365.4822	1499.0000
5365.5130	1527.0000
5365.5438	1533.0000
5365.5746	1496.0000
5365.6053	1445.0000
5365.6361	1455.0000
5365.6669	1482.0000
5365.6977	1566.0000
5365.7285	1628.0000
5365.7593	1555.0000
5365.7900	1588.0000
5365.8208	1606.0000
5365.8516	1637.0000
5365.8824	1612.0000
5365.9132	1643.0000
5365.9439	1613.0000
5365.9747	1567.0000
5366.0055	1473.0000
5366.0362	1648.0000
5366.0670	1628.0000
5366.0978	1604.0000
5366.1285	1622.0000
5366.1593	1564.0000
5366.1901	1586.0000
5366.2208	1640.0000
5366.2516	1677.0000
5366.2823	1685.0000
5366.3131	1681.0000
5366.3439	1689.0000
5366.3747	1649.0000
5366.4055	1691.0000
5366.4362	1704.0000
5366.4670	1706.0000
5366.4977	1665.0000
5366.5285	1749.0000
5366.5592	1643.0000
5366.5899	1564.0000
5366.6207	1598.0000
5366.6514	1578.0000
5366.6822	1623.0000
5366.7129	1576.0000
5366.7437	1554.0000
5366.7744	1635.0000
5366.8051	1689.0000
5366.8359	1705.0000
5366.8666	1657.0000
5366.8973	1696.0000
5366.9281	1657.0000
5366.9588	1701.0000
5366.9895	1671.0000
5367.0202	1660.0000
5367.0510	1698.0000
5367.0817	1640.0000
5367.1124	1730.0000
5367.1431	1780.0000
5367.1738	1692.0000
5367.2046	1673.0000
5367.2353	1735.0000
5367.2660	1920.0000
5367.2967	1939.0000
5367.3274	1914.0000
5367.3581	1777.0000
5367.3888	1734.0000
5367.4196	1671.0000
5367.4504	1633.0000
5367.4811	1608.0000
5367.5118	1609.0000
5367.5425	1617.0000
5367.5732	1631.0000
5367.6039	1688.0000
5367.6346	1667.0000
5367.6653	1730.0000
5367.6960	1800.0000
5367.7267	1879.0000
5367.7574	1790.0000
5367.7880	1787.0000
5367.8187	1699.0000
5367.8494	1662.0000
5367.8801	1685.0000
5367.9108	1649.0000
5367.9415	1683.0000
5367.9722	1741.0000
5368.0028	1944.0000
5368.0335	1902.0000
5368.0642	1871.0000
5368.0949	1889.0000
5368.1256	1940.0000
5368.1562	1869.0000
5368.1869	1755.0000
5368.2176	1751.0000
5368.2483	1775.0000
5368.2789	1821.0000
5368.3096	1766.0000
5368.3403	1731.0000
5368.3709	1693.0000
5368.4016	1776.0000
5368.4323	1801.0000
5368.4630	1763.0000
5368.4937	1846.0000
5368.5243	1921.0000
5368.5550	1863.0000
5368.5857	1878.0000
5368.6163	1764.0000
5368.6470	1778.0000
5368.6776	1810.0000
5368.7083	1735.0000
5368.7389	1672.0000
5368.7696	1777.0000
5368.8002	1773.0000
5368.8309	1947.0000
5368.8615	2008.0000
5368.8922	1971.0000
5368.9228	2070.0000
5368.9534	2073.0000
5368.9841	2058.0000
5369.0147	1894.0000
5369.0454	1833.0000
5369.0760	1799.0000
5369.1066	1838.0000
5369.1373	1811.0000
5369.1679	1825.0000
5369.1985	1793.0000
5369.2291	1939.0000
5369.2598	1970.0000
5369.2904	1911.0000
5369.3210	1882.0000
5369.3516	1879.0000
5369.3823	1787.0000
5369.4129	1810.0000
5369.4435	1869.0000
5369.4741	1870.0000
5369.5047	1814.0000
5369.5355	1797.0000
5369.5661	1826.0000
5369.5967	1920.0000
5369.6273	1884.0000
5369.6579	1826.0000
5369.6885	1846.0000
5369.7191	1780.0000
5369.7497	1775.0000
5369.7803	1781.0000
5369.8109	1826.0000
5369.8415	1850.0000
5369.8721	1855.0000
5369.9027	1932.0000
5369.9333	1985.0000
5369.9639	1884.0000
5369.9945	1878.0000
5370.0251	1829.0000
5370.0557	1782.0000
5370.0863	1760.0000
5370.1169	1830.0000
5370.1475	1788.0000
5370.1781	1820.0000
5370.2086	1876.0000
5370.2392	1954.0000
5370.2698	1980.0000
5370.3004	2010.0000
5370.3310	1989.0000
5370.3615	2089.0000
5370.3921	2083.0000
5370.4227	2059.0000
5370.4533	2031.0000
5370.4838	2061.0000
5370.5144	2009.0000
5370.5450	2067.0000
5370.5757	2025.0000
5370.6062	1989.0000
5370.6368	2036.0000
5370.6674	2174.0000
5370.6979	2066.0000
5370.7285	2035.0000
5370.7590	2045.0000
5370.7896	1979.0000
5370.8202	1959.0000
5370.8507	1957.0000
5370.8813	1943.0000
5370.9118	2022.0000
5370.9424	1951.0000
5370.9729	1933.0000
5371.0035	2011.0000
5371.0340	1954.0000
5371.0646	1877.0000
5371.0951	1850.0000
5371.1257	1808.0000
5371.1562	1808.0000
5371.1867	1794.0000
5371.2173	1758.0000
5371.2478	1687.0000
5371.2784	1633.0000
5371.3089	1471.0000
5371.3394	1307.0000
5371.3700	1186.0000
5371.4005	1084.0000
5371.4310	970.0000
5371.4616	865.0000
5371.4921	843.0000
5371.5226	842.0000
5371.5531	940.0000
5371.5837	1052.0000
5371.6142	1104.0000
5371.6448	1204.0000
5371.6753	1283.0000
5371.7059	1317.0000
5371.7364	1425.0000
5371.7669	1616.0000
5371.7974	1773.0000
5371.8279	1800.0000
5371.8584	1882.0000
5371.8889	1936.0000
5371.9194	2028.0000
5371.9500	2118.0000
5371.9805	2144.0000
5372.0110	2041.0000
5372.0415	2028.0000
5372.0720	2145.0000
5372.1025	2195.0000
5372.1330	2133.0000
5372.1635	2189.0000
5372.1940	2206.0000
5372.2245	2221.0000
5372.2550	2181.0000
5372.2854	2201.0000
5372.3159	2221.0000
5372.3464	2198.0000
5372.3769	2250.0000
5372.4074	2217.0000
5372.4379	2310.0000
5372.4684	2293.0000
5372.4989	2138.0000
5372.5293	2123.0000
5372.5598	2124.0000
5372.5903	2112.0000
5372.6208	2090.0000
5372.6513	2061.0000
5372.6818	2084.0000
5372.7123	2141.0000
5372.7428	2094.0000
5372.7732	2023.0000
5372.8037	2017.0000
5372.8342	2100.0000
5372.8647	2140.0000
5372.8951	2171.0000
5372.9256	2144.0000
5372.9560	2177.0000
5372.9865	2213.0000
5373.0170	2113.0000
5373.0474	2143.0000
5373.0779	2215.0000
5373.1083	2211.0000
5373.1388	2228.0000
5373.1692	2198.0000
5373.1997	2280.0000
5373.2302	2209.0000
5373.2606	2185.0000
5373.2910	2128.0000
5373.3215	2235.0000
5373.3519	2214.0000
5373.3824	2091.0000
5373.4128	2111.0000
5373.4433	2113.0000
5373.4737	2127.0000
5373.5041	2263.0000
5373.5346	2161.0000
5373.5650	2230.0000
5373.5955	2315.0000
5373.6259	2326.0000
5373.6563	2362.0000
5373.6867	2292.0000
5373.7172	2280.0000
5373.7477	2208.0000
5373.7781	2118.0000
5373.8086	2082.0000
5373.8390	2170.0000
5373.8694	2109.0000
5373.8998	2165.0000
5373.9302	2121.0000
5373.9607	2176.0000
5373.9911	2328.0000
5374.0215	2385.0000
5374.0519	2466.0000
5374.0823	2596.0000
5374.1127	2649.0000
5374.1431	2685.0000
5374.1735	2650.0000
5374.2040	2519.0000
5374.2344	2475.0000
5374.2648	2364.0000
5374.2952	2309.0000
5374.3256	2237.0000
5374.3560	2321.0000
5374.3864	2357.0000
5374.4168	2387.0000
5374.4472	2281.0000
5374.4776	2233.0000
5374.5080	2283.0000
5374.5383	2261.0000
5374.5687	2363.0000
5374.5991	2389.0000
5374.6295	2496.0000
5374.6599	2599.0000
5374.6903	2532.0000
5374.7207	2443.0000
5374.7511	2251.0000
5374.7815	2235.0000
5374.8119	2157.0000
5374.8423	2141.0000
5374.8727	2096.0000
5374.9030	2217.0000
5374.9334	2320.0000
5374.9638	2279.0000
5374.9942	2336.0000
5375.0245	2310.0000
5375.0549	2361.0000
5375.0853	2423.0000
5375.1156	2488.0000
5375.1460	2558.0000
5375.1764	2415.0000
5375.2067	2362.0000
5375.2371	2275.0000
5375.2675	2077.0000
5375.2978	2017.0000
5375.3282	1950.0000
5375.3585	1863.0000
5375.3889	1837.0000
5375.4192	1837.0000
5375.4496	1876.0000
5375.4799	1858.0000
5375.5103	1860.0000
5375.5406	1929.0000
5375.5710	1858.0000
5375.6013	1815.0000
5375.6317	1768.0000
5375.6620	1695.0000
5375.6923	1648.0000
5375.7227	1587.0000
5375.7530	1522.0000
5375.7834	1506.0000
5375.8137	1545.0000
5375.8441	1538.0000
5375.8745	1613.0000
5375.9048	1603.0000
5375.9351	1583.0000
5375.9654	1598.0000
5375.9958	1546.0000
5376.0261	1552.0000
5376.0564	1457.0000
5376.0867	1438.0000
5376.1171	1522.0000
5376.1474	1525.0000
5376.1777	1512.0000
5376.2080	1542.0000
5376.2383	1546.0000
5376.2687	1565.0000
5376.2990	1504.0000
5376.3293	1515.0000
5376.3596	1560.0000
5376.3899	1550.0000
5376.4202	1506.0000
5376.4505	1501.0000
5376.4808	1418.0000
5376.5111	1314.0000
5376.5414	1230.0000
5376.5717	1181.0000
5376.6020	1080.0000
5376.6323	1053.0000
5376.6626	1111.0000
5376.6929	1172.0000
5376.7232	1214.0000
5376.7535	1227.0000
5376.7838	1306.0000
5376.8141	1483.0000
5376.8444	1533.0000
5376.8747	1618.0000
5376.9050	1701.0000
5376.9353	1754.0000
5376.9656	1750.0000
5376.9959	1752.0000
5377.0262	1814.0000
5377.0565	1783.0000
5377.0867	1721.0000
5377.1170	1751.0000
5377.1473	1799.0000
5377.1776	1837.0000
5377.2078	1858.0000
5377.2381	1887.0000
5377.2684	1826.0000
5377.2986	1898.0000
5377.3289	1865.0000
5377.3592	1763.0000
5377.3894	1883.0000
5377.4197	1892.0000
5377.4500	1850.0000
5377.4802	1918.0000
5377.5105	2004.0000
5377.5407	2007.0000
5377.5710	2034.0000
5377.6012	2039.0000
5377.6315	1943.0000
5377.6617	1889.0000
5377.6920	1827.0000
5377.7222	1783.0000
5377.7525	1723.0000
5377.7827	1665.0000
5377.8130	1712.0000
5377.8432	1732.0000
5377.8735	1808.0000
5377.9037	1822.0000
5377.9341	1873.0000
5377.9643	1946.0000
5377.9945	1902.0000
5378.0248	1992.0000
5378.0550	2080.0000
5378.0852	2099.0000
5378.1155	2210.0000
5378.1457	2189.0000
5378.1759	2112.0000
5378.2061	2039.0000
5378.2364	2125.0000
5378.2666	1999.0000
5378.2968	2057.0000
5378.3270	2036.0000
5378.3573	2044.0000
5378.3875	2124.0000
5378.4177	2190.0000
5378.4479	2339.0000
5378.4781	2462.0000
5378.5083	2346.0000
5378.5386	2298.0000
5378.5688	2378.0000
5378.5990	2272.0000
5378.6292	2269.0000
5378.6594	2233.0000
5378.6896	2164.0000
5378.7198	2224.0000
5378.7500	2260.0000
5378.7802	2273.0000
5378.8104	2307.0000
5378.8406	2320.0000
5378.8708	2272.0000
5378.9010	2253.0000
5378.9312	2205.0000
5378.9614	2214.0000
5378.9917	2192.0000
5379.0219	2207.0000
5379.0521	2143.0000
5379.0822	2181.0000
5379.1124	2147.0000
5379.1426	2144.0000
5379.1728	2114.0000
5379.2030	2095.0000
5379.2332	1993.0000
5379.2633	1973.0000
5379.2935	2044.0000
5379.3237	2074.0000
5379.3539	1990.0000
5379.3840	1948.0000
5379.4142	2031.0000
5379.4444	1923.0000
5379.4746	1843.0000
5379.5047	1798.0000
5379.5349	1802.0000
5379.5651	1869.0000
5379.5952	1819.0000
5379.6254	1758.0000
5379.6555	1800.0000
5379.6857	1788.0000
5379.7159	1823.0000
5379.7460	1706.0000
5379.7762	1622.0000
5379.8063	1759.0000
5379.8365	1747.0000
5379.8666	1615.0000
5379.8968	1647.0000
5379.9269	1764.0000
5379.9571	1731.0000
5379.9872	1733.0000
5380.0174	1767.0000
5380.0476	1709.0000
5380.0778	1720.0000
5380.1079	1694.0000
5380.1380	1671.0000
5380.1682	1701.0000
5380.1983	1666.0000
5380.2285	1613.0000
5380.2586	1655.0000
5380.2887	1610.0000
5380.3189	1642.0000
5380.3490	1632.0000
5380.3791	1589.0000
5380.4092	1555.0000
5380.4394	1595.0000
5380.4695	1555.0000
5380.4996	1547.0000
5380.5297	1532.0000
5380.5599	1527.0000
5380.5900	1554.0000
5380.6201	1474.0000
5380.6502	1523.0000
5380.6803	1630.0000
5380.7104	1612.0000
5380.7406	1556.0000
5380.7707	1559.0000
5380.8008	1588.0000
5380.8309	1659.0000
5380.8610	1549.0000
5380.8911	1633.0000
5380.9212	1752.0000
5380.9513	1717.0000
5380.9814	1775.0000
5381.0115	1874.0000
5381.0416	1784.0000
5381.0717	1678.0000
5381.1019	1648.0000
5381.1320	1597.0000
5381.1621	1639.0000
5381.1922	1699.0000
5381.2223	1731.0000
5381.2524	1616.0000
5381.2824	1653.0000
5381.3125	1637.0000
5381.3426	1619.0000
5381.3727	1661.0000
5381.4028	1644.0000
5381.4329	1692.0000
5381.4629	1684.0000
5381.4930	1685.0000
5381.5231	1598.0000
5381.5532	1614.0000
5381.5832	1577.0000
5381.6133	1569.0000
5381.6434	1635.0000
5381.6735	1753.0000
5381.7035	1735.0000
5381.7336	1704.0000
5381.7637	1759.0000
5381.7937	1800.0000
5381.8238	1825.0000
5381.8538	1825.0000
5381.8839	1823.0000
5381.9140	1847.0000
5381.9440	1860.0000
5381.9741	1851.0000
5382.0041	1784.0000
5382.0342	1775.0000
5382.0642	1743.0000
5382.0943	1794.0000
5382.1243	1791.0000
5382.1545	1771.0000
5382.1845	1770.0000
5382.2146	1752.0000
5382.2446	1777.0000
5382.2747	1773.0000
5382.3047	1734.0000
5382.3347	1621.0000
5382.3648	1591.0000
5382.3948	1586.0000
5382.4249	1546.0000
5382.4549	1606.0000
5382.4849	1583.0000
5382.5150	1614.0000
5382.5450	1600.0000
5382.5750	1573.0000
5382.6050	1677.0000
5382.6351	1764.0000
5382.6651	1717.0000
5382.6951	1710.0000
5382.7251	1762.0000
5382.7552	1790.0000
5382.7852	1776.0000
5382.8152	1736.0000
5382.8452	1691.0000
5382.8752	1706.0000
5382.9052	1770.0000
5382.9352	1768.0000
5382.9653	1788.0000
5382.9953	1791.0000
5383.0253	1799.0000
5383.0553	1791.0000
5383.0853	1755.0000
5383.1153	1706.0000
5383.1453	1650.0000
5383.1753	1725.0000
5383.2054	1703.0000
5383.2354	1698.0000
5383.2654	1856.0000
5383.2954	1875.0000
5383.3254	1886.0000
5383.3554	1884.0000
5383.3854	1811.0000
5383.4154	1762.0000
5383.4453	1772.0000
5383.4753	1808.0000
5383.5053	1871.0000
5383.5353	1864.0000
5383.5653	1833.0000
5383.5953	1886.0000
5383.6253	1953.0000
5383.6552	1928.0000
5383.6852	1900.0000
5383.7152	1842.0000
5383.7452	1830.0000
5383.7751	1877.0000
5383.8051	1879.0000
5383.8351	1858.0000
5383.8650	1886.0000
5383.8950	1908.0000
5383.9250	1945.0000
5383.9549	2013.0000
5383.9849	1943.0000
5384.0149	1970.0000
5384.0448	1939.0000
5384.0748	1893.0000
5384.1048	1865.0000
5384.1347	1716.0000
5384.1647	1736.0000
5384.1946	1768.0000
5384.2246	1720.0000
5384.2546	1757.0000
5384.2846	1818.0000
5384.3145	1782.0000
5384.3445	1775.0000
5384.3744	1718.0000
5384.4044	1725.0000
5384.4343	1797.0000
5384.4643	1831.0000
5384.4942	1728.0000
5384.5241	1701.0000
5384.5541	1707.0000
5384.5840	1794.0000
5384.6139	1730.0000
5384.6439	1805.0000
5384.6738	1735.0000
5384.7037	1677.0000
5384.7337	1750.0000
5384.7636	1822.0000
5384.7935	1807.0000
5384.8235	1872.0000
5384.8534	1911.0000
5384.8833	1863.0000
5384.9132	1837.0000
5384.9431	1801.0000
5384.9731	1751.0000
5385.0030	1666.0000
5385.0329	1736.0000
5385.0628	1711.0000
5385.0927	1778.0000
5385.1226	1796.0000
5385.1525	1813.0000
5385.1825	1813.0000
5385.2124	1751.0000
5385.2423	1812.0000
5385.2722	1827.0000
5385.3022	1769.0000
5385.3321	1819.0000
5385.3620	1921.0000
5385.3919	1852.0000
5385.4218	1919.0000
5385.4517	2087.0000
5385.4816	2038.0000
5385.5115	2092.0000
5385.5414	2151.0000
5385.5712	2045.0000
5385.6011	1971.0000
5385.6310	1926.0000
5385.6609	1928.0000
5385.6908	1829.0000
5385.7207	1851.0000
5385.7506	1840.0000
5385.7804	1831.0000
5385.8103	1877.0000
5385.8402	1867.0000
5385.8701	1857.0000
5385.9000	1869.0000
5385.9298	1848.0000
5385.9597	1910.0000
5385.9896	1908.0000
5386.0195	1899.0000
5386.0493	1937.0000
5386.0792	1949.0000
5386.1091	1978.0000
5386.1389	2044.0000
5386.1688	2016.0000
5386.1986	1985.0000
5386.2285	1910.0000
5386.2584	1839.0000
5386.2882	1728.0000
5386.3181	1669.0000
5386.3479	1774.0000
5386.3779	1700.0000
5386.4077	1730.0000
5386.4376	1807.0000
5386.4674	1795.0000
5386.4973	1840.0000
5386.5271	1829.0000
5386.5570	1858.0000
5386.5868	1791.0000
5386.6167	1771.0000
5386.6465	1803.0000
5386.6764	1841.0000
5386.7062	1742.0000
5386.7360	1769.0000
5386.7659	1822.0000
5386.7957	1900.0000
5386.8255	1836.0000
5386.8554	1815.0000
5386.8852	1807.0000
5386.9150	1722.0000
5386.9449	1768.0000
5386.9747	1787.0000
5387.0045	1738.0000
5387.0343	1775.0000
5387.0642	1775.0000
5387.0940	1805.0000
5387.1238	1822.0000
5387.1536	1881.0000
5387.1834	1974.0000
5387.2133	1889.0000
5387.2431	1822.0000
5387.2729	1835.0000
5387.3027	1766.0000
5387.3325	1723.0000
5387.3623	1733.0000
5387.3921	1791.0000
5387.4220	1785.0000
5387.4518	1884.0000
5387.4816	1949.0000
5387.5114	1989.0000
5387.5412	1964.0000
5387.5710	1987.0000
5387.6008	1938.0000
5387.6306	2061.0000
5387.6604	2017.0000
5387.6902	1958.0000
5387.7200	1929.0000
5387.7498	1917.0000
5387.7796	1849.0000
5387.8094	1738.0000
5387.8392	1738.0000
5387.8689	1765.0000
5387.8987	1822.0000
5387.9285	1832.0000
5387.9583	1840.0000
5387.9881	1836.0000
5388.0179	1887.0000
5388.0476	1941.0000
5388.0774	1990.0000
5388.1072	1945.0000
5388.1370	1817.0000
5388.1667	1784.0000
5388.1965	1764.0000
5388.2263	1801.0000
5388.2560	1906.0000
5388.2858	1890.0000
5388.3156	1914.0000
5388.3453	1932.0000
5388.3751	1889.0000
5388.4048	1862.0000
5388.4346	1846.0000
5388.4645	1800.0000
5388.4942	1711.0000
5388.5240	1754.0000
5388.5537	1715.0000
5388.5835	1689.0000
5388.6132	1788.0000
5388.6430	1865.0000
5388.6727	1972.0000
5388.7025	1960.0000
5388.7322	2067.0000
5388.7620	2051.0000
5388.7917	1969.0000
5388.8214	1906.0000
5388.8512	1758.0000
5388.8809	1665.0000
5388.9107	1696.0000
5388.9404	1630.0000
5388.9701	1573.0000
5388.9999	1564.0000
5389.0296	1683.0000
5389.0593	1727.0000
5389.0891	1772.0000
5389.1188	1725.0000
5389.1485	1725.0000
5389.1782	1674.0000
5389.2080	1693.0000
5389.2377	1656.0000
5389.2674	1579.0000
5389.2971	1704.0000
5389.3268	1692.0000
5389.3565	1723.0000
5389.3863	1687.0000
5389.4160	1719.0000
5389.4457	1663.0000
5389.4754	1704.0000
5389.5051	1706.0000
5389.5349	1734.0000
5389.5646	1756.0000
5389.5943	1786.0000
5389.6240	1715.0000
5389.6537	1780.0000
5389.6834	1794.0000
5389.7131	1861.0000
5389.7428	1852.0000
5389.7725	1854.0000
5389.8022	1871.0000
5389.8319	1874.0000
5389.8616	1836.0000
5389.8913	1811.0000
5389.9210	1817.0000
5389.9507	1810.0000
5389.9804	1746.0000
5390.0101	1805.0000
5390.0397	1768.0000
5390.0694	1762.0000
5390.0991	1789.0000
5390.1288	1839.0000
5390.1585	1830.0000
5390.1881	1844.0000
5390.2178	1880.0000
5390.2475	1897.0000
5390.2772	1874.0000
5390.3068	1795.0000
5390.3365	1741.0000
5390.3662	1700.0000
5390.3958	1690.0000
5390.4255	1750.0000
5390.4552	1747.0000
5390.4848	1675.0000
5390.5145	1582.0000
5390.5442	1640.0000
5390.5739	1666.0000
5390.6036	1700.0000
5390.6332	1683.0000
5390.6629	1634.0000
5390.6926	1634.0000
5390.7222	1599.0000
5390.7519	1521.0000
5390.7815	1532.0000
5390.8112	1549.0000
5390.8408	1657.0000
5390.8704	1608.0000
5390.9001	1552.0000
5390.9297	1585.0000
5390.9594	1644.0000
5390.9890	1592.0000
5391.0187	1615.0000
5391.0483	1714.0000
5391.0779	1610.0000
5391.1076	1627.0000
5391.1372	1673.0000
5391.1668	1716.0000
5391.1965	1610.0000
5391.2261	1718.0000
5391.2557	1677.0000
5391.2853	1615.0000
5391.3150	1643.0000
5391.3446	1690.0000
5391.3742	1669.0000
5391.4038	1692.0000
5391.4335	1652.0000
5391.4631	1688.0000
5391.4927	1734.0000
5391.5223	1743.0000
5391.5519	1730.0000
5391.5815	1729.0000
5391.6111	1781.0000
5391.6409	1817.0000
5391.6705	1901.0000
5391.7001	1864.0000
5391.7297	1857.0000
5391.7593	1809.0000
5391.7889	1844.0000
5391.8185	1784.0000
5391.8481	1778.0000
5391.8777	1740.0000
5391.9073	1722.0000
5391.9369	1774.0000
5391.9665	1747.0000
5391.9961	1702.0000
5392.0257	1760.0000
5392.0552	1675.0000
5392.0848	1740.0000
5392.1144	1659.0000
5392.1440	1684.0000
5392.1736	1657.0000
5392.2032	1678.0000
5392.2328	1709.0000
5392.2623	1861.0000
5392.2919	1862.0000
5392.3215	1858.0000
5392.3511	1898.0000
5392.3806	1876.0000
5392.4102	1799.0000
5392.4398	1744.0000
5392.4694	1707.0000
5392.4989	1749.0000
5392.5285	1750.0000
5392.5581	1724.0000
5392.5876	1847.0000
5392.6172	1819.0000
5392.6468	1891.0000
5392.6764	1886.0000
5392.7060	1879.0000
5392.7355	1896.0000
5392.7651	1877.0000
5392.7947	1893.0000
5392.8242	1902.0000
5392.8538	1979.0000
5392.8833	1942.0000
5392.9129	1951.0000
5392.9424	1964.0000
5392.9720	1901.0000
5393.0015	1887.0000
5393.0311	1836.0000
5393.0606	1787.0000
5393.0901	1770.0000
5393.1197	1726.0000
5393.1492	1715.0000
5393.1788	1627.0000
5393.2083	1601.0000
5393.2378	1649.0000
5393.2674	1683.0000
5393.2969	1612.0000
5393.3264	1803.0000
5393.3560	1828.0000
5393.3855	1879.0000
5393.4150	1942.0000
5393.4445	1959.0000
5393.4741	1852.0000
5393.5036	1827.0000
5393.5331	1755.0000
5393.5626	1880.0000
5393.5921	1773.0000
5393.6217	1759.0000
5393.6512	1795.0000
5393.6807	1808.0000
5393.7102	1756.0000
5393.7398	1751.0000
5393.7693	1748.0000
5393.7988	1700.0000
5393.8283	1721.0000
5393.8578	1711.0000
5393.8873	1742.0000
5393.9168	1802.0000
5393.9463	1778.0000
5393.9758	1813.0000
5394.0053	1786.0000
5394.0348	1800.0000
5394.0643	1879.0000
5394.0938	1851.0000
5394.1233	1900.0000
5394.1528	1802.0000
5394.1823	1747.0000
5394.2118	1770.0000
5394.2413	1801.0000
5394.2708	1813.0000
5394.3003	1773.0000
5394.3297	1721.0000
5394.3592	1689.0000
5394.3887	1717.0000
5394.4182	1620.0000
5394.4477	1514.0000
5394.4771	1394.0000
5394.5066	1335.0000
5394.5361	1147.0000
5394.5656	969.0000
5394.5950	890.0000
5394.6245	820.0000
5394.6540	781.0000
5394.6834	777.0000
5394.7129	795.0000
5394.7424	832.0000
5394.7718	830.0000
5394.8014	864.0000
5394.8309	958.0000
5394.8603	1074.0000
5394.8898	1147.0000
5394.9192	1216.0000
5394.9487	1392.0000
5394.9781	1526.0000
5395.0076	1707.0000
5395.0370	1753.0000
5395.0665	1868.0000
5395.0959	1864.0000
5395.1254	1814.0000
5395.1548	1835.0000
5395.1843	1812.0000
5395.2137	1767.0000
5395.2432	1784.0000
5395.2726	1765.0000
5395.3020	1744.0000
5395.3315	1752.0000
5395.3609	1789.0000
5395.3903	1802.0000
5395.4198	1668.0000
5395.4492	1634.0000
5395.4786	1679.0000
5395.5081	1669.0000
5395.5375	1575.0000
5395.5669	1553.0000
5395.5963	1558.0000
5395.6258	1702.0000
5395.6552	1731.0000
5395.6846	1671.0000
5395.7140	1698.0000
5395.7434	1725.0000
5395.7728	1685.0000
5395.8023	1681.0000
5395.8318	1743.0000
5395.8612	1737.0000
5395.8906	1720.0000
5395.9200	1763.0000
5395.9494	1788.0000
5395.9788	1790.0000
5396.0082	1910.0000
5396.0376	1911.0000
5396.0670	1847.0000
5396.0964	1725.0000
5396.1258	1803.0000
5396.1552	1842.0000
5396.1846	1748.0000
5396.2140	1642.0000
5396.2434	1590.0000
5396.2728	1629.0000
5396.3022	1640.0000
5396.3316	1573.0000
5396.3610	1467.0000
5396.3904	1444.0000
5396.4197	1450.0000
5396.4491	1287.0000
5396.4785	1192.0000
5396.5079	1076.0000
5396.5373	856.0000
5396.5666	757.0000
5396.5960	679.0000
5396.6254	702.0000
5396.6548	731.0000
5396.6841	705.0000
5396.7135	848.0000
5396.7429	959.0000
5396.7722	1132.0000
5396.8016	1255.0000
5396.8310	1350.0000
5396.8603	1391.0000
5396.8898	1385.0000
5396.9192	1344.0000
5396.9485	1241.0000
5396.9779	1203.0000
5397.0072	1114.0000
5397.0366	931.0000
5397.0660	812.0000
5397.0953	782.0000
5397.1247	751.0000
5397.1540	747.0000
5397.1834	829.0000
5397.2127	946.0000
5397.2421	962.0000
5397.2714	1058.0000
5397.3007	1154.0000
5397.3301	1140.0000
5397.3594	1308.0000
5397.3888	1395.0000
5397.4181	1474.0000
5397.4474	1502.0000
5397.4768	1534.0000
5397.5061	1516.0000
5397.5354	1503.0000
5397.5648	1499.0000
5397.5941	1514.0000
5397.6234	1550.0000
5397.6528	1483.0000
5397.6821	1512.0000
5397.7114	1570.0000
5397.7407	1674.0000
5397.7700	1743.0000
5397.7994	1870.0000
5397.8287	1871.0000
5397.8580	1873.0000
5397.8873	1917.0000
5397.9166	1914.0000
5397.9460	1877.0000
5397.9754	1763.0000
5398.0047	1715.0000
5398.0340	1606.0000
5398.0633	1536.0000
5398.0926	1562.0000
5398.1219	1509.0000
5398.1512	1472.0000
5398.1805	1512.0000
5398.2098	1523.0000
5398.2391	1547.0000
5398.2684	1521.0000
5398.2977	1513.0000
5398.3270	1644.0000
5398.3563	1704.0000
5398.3856	1667.0000
5398.4149	1729.0000
5398.4441	1673.0000
5398.4734	1696.0000
5398.5027	1867.0000
5398.5320	1864.0000
5398.5613	1863.0000
5398.5906	1888.0000
5398.6199	1831.0000
5398.6491	1787.0000
5398.6784	1750.0000
5398.7077	1688.0000
5398.7370	1699.0000
5398.7662	1691.0000
5398.7955	1643.0000
5398.8248	1688.0000
5398.8540	1592.0000
5398.8833	1501.0000
5398.9126	1601.0000
5398.9418	1567.0000
5398.9711	1538.0000
5399.0005	1496.0000
5399.0297	1519.0000
5399.0590	1514.0000
5399.0883	1408.0000
5399.1175	1463.0000
5399.1468	1516.0000
5399.1760	1530.0000
5399.2053	1543.0000
5399.2345	1541.0000
5399.2638	1599.0000
5399.2930	1616.0000
5399.3223	1654.0000
5399.3515	1625.0000
5399.3808	1571.0000
5399.4100	1523.0000
5399.4392	1540.0000
5399.4685	1544.0000
5399.4977	1362.0000
5399.5270	1298.0000
5399.5562	1302.0000
5399.5854	1377.0000
5399.6147	1324.0000
5399.6439	1304.0000
5399.6731	1300.0000
5399.7024	1269.0000
5399.7316	1255.0000
5399.7608	1271.0000
