R_Cam.38
7448.4387	13183.0000
7448.4836	19727.0000
7448.5284	20573.0000
7448.5732	20875.0000
7448.6181	20929.0000
7448.6629	20855.0000
7448.7078	20545.0000
7448.7527	20330.0000
7448.7975	20032.0000
7448.8423	19605.0000
7448.8872	26353.0000
7448.9320	26371.0000
7448.9768	26847.0000
7449.0216	26997.0000
7449.0664	27457.0000
7449.1113	27776.0000
7449.1561	27960.0000
7449.2009	27954.0000
7449.2457	28227.0000
7449.2905	28398.0000
7449.3353	28769.0000
7449.3801	29101.0000
7449.4249	29714.0000
7449.4697	30153.0000
7449.5145	30481.0000
7449.5593	30279.0000
7449.6041	30452.0000
7449.6489	30353.0000
7449.6937	30139.0000
7449.7386	30244.0000
7449.7834	30657.0000
7449.8282	30883.0000
7449.8729	30828.0000
7449.9177	30870.0000
7449.9625	30764.0000
7450.0073	30580.0000
7450.0521	30673.0000
7450.0968	31305.0000
7450.1416	31696.0000
7450.1864	32046.0000
7450.2312	32293.0000
7450.2759	32185.0000
7450.3207	31743.0000
7450.3655	31108.0000
7450.4102	30472.0000
7450.4550	29647.0000
7450.4998	29598.0000
7450.5445	29944.0000
7450.5893	30459.0000
7450.6340	31023.0000
7450.6788	31611.0000
7450.7235	32014.0000
7450.7683	32424.0000
7450.8131	32550.0000
7450.8579	32053.0000
7450.9026	31535.0000
7450.9474	30739.0000
7450.9921	29860.0000
7451.0368	29380.0000
7451.0816	29261.0000
7451.1263	29326.0000
7451.1710	29793.0000
7451.2158	30430.0000
7451.2605	30414.0000
7451.3052	30055.0000
7451.3500	29563.0000
7451.3947	29235.0000
7451.4394	28784.0000
7451.4841	28291.0000
7451.5288	28101.0000
7451.5736	28092.0000
7451.6183	28717.0000
7451.6630	29420.0000
7451.7077	29760.0000
7451.7524	30099.0000
7451.7971	29815.0000
7451.8419	29687.0000
7451.8866	29202.0000
7451.9313	29268.0000
7451.9760	29764.0000
7452.0207	30948.0000
7452.0654	31958.0000
7452.1101	33068.0000
7452.1548	33470.0000
7452.1995	33754.0000
7452.2442	33461.0000
7452.2889	33250.0000
7452.3336	33262.0000
7452.3783	33477.0000
7452.4229	33709.0000
7452.4676	34272.0000
7452.5123	34497.0000
7452.5570	34383.0000
7452.6017	34096.0000
7452.6463	33773.0000
7452.6910	33139.0000
7452.7357	32419.0000
7452.7803	31809.0000
7452.8250	31518.0000
7452.8697	31882.0000
7452.9144	32498.0000
7452.9591	33211.0000
7453.0038	34327.0000
7453.0484	35582.0000
7453.0931	36676.0000
7453.1377	37393.0000
7453.1824	37869.0000
7453.2270	37812.0000
7453.2717	37224.0000
7453.3163	36759.0000
7453.3610	36550.0000
7453.4056	36010.0000
7453.4503	35751.0000
7453.4949	35335.0000
7453.5395	35090.0000
7453.5842	34829.0000
7453.6288	34636.0000
7453.6734	34621.0000
7453.7181	34706.0000
7453.7627	34693.0000
7453.8073	35092.0000
7453.8520	35609.0000
7453.8966	35822.0000
7453.9413	36239.0000
7453.9859	36271.0000
7454.0305	36254.0000
7454.0752	36404.0000
7454.1198	36065.0000
7454.1644	36110.0000
7454.2090	35678.0000
7454.2536	35664.0000
7454.2982	35736.0000
7454.3428	35741.0000
7454.3874	35973.0000
7454.4320	35828.0000
7454.4766	35500.0000
7454.5212	35311.0000
7454.5658	34862.0000
7454.6104	33932.0000
7454.6550	33502.0000
7454.6996	33446.0000
7454.7442	33855.0000
7454.7888	34539.0000
7454.8334	35692.0000
7454.8779	37002.0000
7454.9225	38298.0000
7454.9671	39623.0000
7455.0118	40469.0000
7455.0564	40860.0000
7455.1009	40934.0000
7455.1455	39979.0000
7455.1901	39392.0000
7455.2347	38821.0000
7455.2792	39128.0000
7455.3238	39269.0000
7455.3683	39021.0000
7455.4129	38707.0000
7455.4575	38349.0000
7455.5020	37867.0000
7455.5466	37542.0000
7455.5911	37609.0000
7455.6357	38018.0000
7455.6802	38792.0000
7455.7248	39332.0000
7455.7693	40047.0000
7455.8139	40267.0000
7455.8584	40805.0000
7455.9030	40872.0000
7455.9475	40929.0000
7455.9921	40624.0000
7456.0366	40520.0000
7456.0812	40454.0000
7456.1258	39978.0000
7456.1703	39678.0000
7456.2148	39242.0000
7456.2594	38950.0000
7456.3039	38403.0000
7456.3484	37668.0000
7456.3929	36778.0000
7456.4374	35507.0000
7456.4820	33907.0000
7456.5265	31771.0000
7456.5710	29628.0000
7456.6155	27953.0000
7456.6600	26871.0000
7456.7045	26812.0000
7456.7490	28296.0000
7456.7935	31214.0000
7456.8381	34471.0000
7456.8826	37343.0000
7456.9271	39250.0000
7456.9716	40582.0000
7457.0160	40859.0000
7457.0605	40507.0000
7457.1051	39784.0000
7457.1496	39233.0000
7457.1941	38945.0000
7457.2386	38848.0000
7457.2831	38515.0000
7457.3276	38367.0000
7457.3721	38864.0000
7457.4165	39584.0000
7457.4610	39898.0000
7457.5055	39957.0000
7457.5500	40177.0000
7457.5944	40202.0000
7457.6389	40103.0000
7457.6834	39740.0000
7457.7279	39221.0000
7457.7723	38823.0000
7457.8168	38478.0000
7457.8613	38554.0000
7457.9057	38828.0000
7457.9502	39444.0000
7457.9946	40345.0000
7458.0391	41097.0000
7458.0835	41954.0000
7458.1280	43203.0000
7458.1725	44533.0000
7458.2170	45736.0000
7458.2614	46358.0000
7458.3059	45968.0000
7458.3503	44673.0000
7458.3948	42817.0000
7458.4392	41231.0000
7458.4836	39976.0000
7458.5281	39216.0000
7458.5725	38970.0000
7458.6169	39491.0000
7458.6614	40279.0000
7458.7058	41173.0000
7458.7502	41453.0000
7458.7947	41806.0000
7458.8391	42250.0000
7458.8835	42240.0000
7458.9279	42060.0000
7458.9723	42446.0000
7459.0168	42841.0000
7459.0612	43353.0000
7459.1056	44114.0000
7459.1500	44567.0000
7459.1944	44849.0000
7459.2389	44371.0000
7459.2833	43898.0000
7459.3277	42816.0000
7459.3721	41930.0000
7459.4165	41139.0000
7459.4609	40605.0000
7459.5053	40074.0000
7459.5497	40362.0000
7459.5941	41421.0000
7459.6385	42170.0000
7459.6829	42856.0000
7459.7273	43277.0000
7459.7716	43577.0000
7459.8160	43742.0000
7459.8604	43919.0000
7459.9048	44329.0000
7459.9492	43940.0000
7459.9935	43638.0000
7460.0379	43549.0000
7460.0823	43664.0000
7460.1267	44232.0000
7460.1710	44955.0000
7460.2154	45415.0000
7460.2599	45272.0000
7460.3042	44980.0000
7460.3486	44933.0000
7460.3929	45575.0000
7460.4373	46562.0000
7460.4817	47226.0000
7460.5260	47389.0000
7460.5704	47187.0000
7460.6147	46529.0000
7460.6591	46957.0000
7460.7034	47580.0000
7460.7477	48383.0000
7460.7921	49221.0000
7460.8364	49138.0000
7460.8808	47740.0000
7460.9251	46083.0000
7460.9694	44186.0000
7461.0138	42269.0000
7461.0581	40784.0000
7461.1024	39744.0000
7461.1468	39868.0000
7461.1911	40446.0000
7461.2354	41373.0000
7461.2797	42922.0000
7461.3242	44147.0000
7461.3685	44826.0000
7461.4128	45161.0000
7461.4571	44354.0000
7461.5014	43126.0000
7461.5457	41868.0000
7461.5901	41080.0000
7461.6344	40320.0000
7461.6787	40744.0000
7461.7230	41462.0000
7461.7673	42523.0000
7461.8116	44149.0000
7461.8559	45874.0000
7461.9002	47082.0000
7461.9445	48180.0000
7461.9888	48924.0000
7462.0331	49538.0000
7462.0774	50033.0000
7462.1216	49977.0000
7462.1659	49308.0000
7462.2102	47557.0000
7462.2545	44785.0000
7462.2988	41465.0000
7462.3431	38315.0000
7462.3874	35786.0000
7462.4317	34959.0000
7462.4760	36027.0000
7462.5203	38414.0000
7462.5645	41316.0000
7462.6088	44104.0000
7462.6531	45925.0000
7462.6973	46711.0000
7462.7416	47452.0000
7462.7858	48024.0000
7462.8301	48234.0000
7462.8744	47907.0000
7462.9186	46980.0000
7462.9629	45619.0000
7463.0071	44633.0000
7463.0514	44128.0000
7463.0956	43664.0000
7463.1399	43526.0000
7463.1841	42837.0000
7463.2284	42034.0000
7463.2726	41438.0000
7463.3168	41315.0000
7463.3611	41849.0000
7463.4053	42816.0000
7463.4496	44226.0000
7463.4939	45042.0000
7463.5381	46063.0000
7463.5823	47073.0000
7463.6266	47182.0000
7463.6708	47203.0000
7463.7150	46545.0000
7463.7592	45612.0000
7463.8035	44970.0000
7463.8477	44795.0000
7463.8919	44512.0000
7463.9361	44301.0000
7463.9803	44054.0000
7464.0245	44088.0000
7464.0687	43678.0000
7464.1129	43270.0000
7464.1571	43048.0000
7464.2013	43202.0000
7464.2455	42847.0000
7464.2897	42443.0000
7464.3339	40979.0000
7464.3781	38751.0000
7464.4223	36628.0000
7464.4665	35835.0000
7464.5108	36222.0000
7464.5550	38096.0000
7464.5992	40828.0000
7464.6434	43666.0000
7464.6876	45838.0000
7464.7317	47428.0000
7464.7759	47786.0000
7464.8201	46747.0000
7464.8643	45041.0000
7464.9084	43016.0000
7464.9526	40930.0000
7464.9968	38785.0000
7465.0410	37008.0000
7465.0851	34933.0000
7465.1293	32913.0000
7465.1734	31434.0000
7465.2176	30588.0000
7465.2618	29764.0000
7465.3059	29077.0000
7465.3501	28500.0000
7465.3942	28095.0000
7465.4384	28112.0000
7465.4825	28113.0000
7465.5268	28779.0000
7465.5709	29545.0000
7465.6151	30236.0000
7465.6592	30933.0000
7465.7034	31375.0000
7465.7475	31653.0000
7465.7916	31920.0000
7465.8358	32032.0000
7465.8799	32180.0000
7465.9240	32661.0000
7465.9682	33008.0000
7466.0123	33535.0000
7466.0564	34312.0000
7466.1005	35352.0000
7466.1447	36349.0000
7466.1888	37595.0000
7466.2329	38574.0000
7466.2770	38962.0000
7466.3211	39065.0000
7466.3652	38735.0000
7466.4094	38134.0000
7466.4535	37581.0000
7466.4976	37360.0000
7466.5417	37480.0000
7466.5859	37990.0000
7466.6300	38520.0000
7466.6741	38974.0000
7466.7182	39567.0000
7466.7623	39969.0000
7466.8064	40243.0000
7466.8505	40247.0000
7466.8946	40550.0000
7466.9387	40447.0000
7466.9827	40131.0000
7467.0268	39188.0000
7467.0709	38080.0000
7467.1150	37442.0000
7467.1591	36748.0000
7467.2031	36082.0000
7467.2472	35528.0000
7467.2913	35483.0000
7467.3354	35738.0000
7467.3794	36035.0000
7467.4235	36699.0000
7467.4676	36765.0000
7467.5116	36735.0000
7467.5557	36621.0000
7467.5998	36407.0000
7467.6439	36526.0000
7467.6880	37264.0000
7467.7320	38379.0000
7467.7761	40221.0000
7467.8202	41796.0000
7467.8642	43363.0000
7467.9083	44940.0000
7467.9523	45666.0000
7467.9963	45972.0000
7468.0404	46311.0000
7468.0844	45849.0000
7468.1285	45203.0000
7468.1725	44606.0000
7468.2165	43532.0000
7468.2606	42335.0000
7468.3046	41600.0000
7468.3486	40892.0000
7468.3927	40510.0000
7468.4367	41011.0000
7468.4807	41986.0000
7468.5248	43334.0000
7468.5688	45101.0000
7468.6128	46239.0000
7468.6568	47391.0000
7468.7009	48144.0000
7468.7449	48488.0000
7468.7890	48834.0000
7468.8330	48434.0000
7468.8770	47429.0000
7468.9210	46229.0000
7468.9650	45496.0000
7469.0090	44749.0000
7469.0530	44723.0000
7469.0970	45063.0000
7469.1410	45502.0000
7469.1850	45960.0000
7469.2290	46215.0000
7469.2730	46091.0000
7469.3170	45859.0000
7469.3609	45253.0000
7469.4049	45213.0000
7469.4489	45099.0000
7469.4929	45210.0000
7469.5369	45429.0000
7469.5809	45300.0000
7469.6248	45640.0000
7469.6688	46451.0000
7469.7128	47312.0000
7469.7569	48442.0000
7469.8008	49009.0000
7469.8448	47745.0000
7469.8888	44572.0000
7469.9327	40560.0000
7469.9767	36468.0000
7470.0207	33089.0000
7470.0646	31893.0000
7470.1086	32718.0000
7470.1525	34860.0000
7470.1965	37793.0000
7470.2404	40576.0000
7470.2844	42955.0000
7470.3283	44504.0000
7470.3723	45121.0000
7470.4162	45786.0000
7470.4602	46337.0000
7470.5041	46586.0000
7470.5480	47155.0000
7470.5920	47277.0000
7470.6359	47687.0000
7470.6798	47793.0000
7470.7238	48038.0000
7470.7677	48308.0000
7470.8117	48767.0000
7470.8557	49467.0000
7470.8996	50141.0000
7470.9435	51123.0000
7470.9874	50861.0000
7471.0313	49961.0000
7471.0753	49465.0000
7471.1192	47934.0000
7471.1631	45851.0000
7471.2070	43163.0000
7471.2509	39910.0000
7471.2948	37364.0000
7471.3387	36308.0000
7471.3826	37035.0000
7471.4265	39221.0000
7471.4704	42193.0000
7471.5143	45430.0000
7471.5582	48696.0000
7471.6021	50119.0000
7471.6460	51257.0000
7471.6899	52031.0000
7471.7338	52262.0000
7471.7777	52084.0000
7471.8216	52212.0000
7471.8656	52248.0000
7471.9094	51451.0000
7471.9533	50729.0000
7471.9972	50299.0000
7472.0411	49991.0000
7472.0849	50533.0000
7472.1288	51176.0000
7472.1727	51658.0000
7472.2166	51678.0000
7472.2604	51406.0000
7472.3043	51115.0000
7472.3482	50465.0000
7472.3920	49896.0000
7472.4359	49108.0000
7472.4797	48287.0000
7472.5236	47256.0000
7472.5674	46637.0000
7472.6113	46576.0000
7472.6551	46501.0000
7472.6990	46946.0000
7472.7428	47086.0000
7472.7867	46935.0000
7472.8305	46416.0000
7472.8744	46728.0000
7472.9183	47318.0000
7472.9621	48778.0000
7473.0060	50237.0000
7473.0498	51121.0000
7473.0936	51732.0000
7473.1375	51362.0000
7473.1813	50575.0000
7473.2251	49545.0000
7473.2690	49105.0000
7473.3128	48906.0000
7473.3566	49272.0000
7473.4004	49537.0000
7473.4442	49652.0000
7473.4881	49251.0000
7473.5319	49035.0000
7473.5757	49682.0000
7473.6195	50039.0000
7473.6633	51024.0000
7473.7071	52073.0000
7473.7509	52651.0000
7473.7947	52468.0000
7473.8385	52331.0000
7473.8823	52112.0000
7473.9261	52414.0000
7473.9700	52804.0000
7474.0138	53551.0000
7474.0576	54381.0000
7474.1014	54839.0000
7474.1452	55129.0000
7474.1889	54991.0000
7474.2327	55429.0000
7474.2765	56357.0000
7474.3203	57195.0000
7474.3641	57440.0000
7474.4078	56284.0000
7474.4516	54350.0000
7474.4954	51871.0000
7474.5392	50015.0000
7474.5829	49164.0000
7474.6267	49977.0000
7474.6705	51096.0000
7474.7142	52331.0000
7474.7580	52449.0000
7474.8018	51341.0000
7474.8455	49528.0000
7474.8893	47031.0000
7474.9330	45178.0000
7474.9768	43854.0000
7475.0206	43731.0000
7475.0644	44466.0000
7475.1081	45266.0000
7475.1519	46727.0000
7475.1956	47332.0000
7475.2394	47972.0000
7475.2831	48580.0000
7475.3268	49312.0000
7475.3706	49400.0000
7475.4143	49085.0000
7475.4580	48029.0000
7475.5018	46274.0000
7475.5455	45087.0000
7475.5892	44329.0000
7475.6329	45061.0000
7475.6767	46856.0000
7475.7204	49120.0000
7475.7641	50894.0000
7475.8078	52091.0000
7475.8515	52394.0000
7475.8953	52397.0000
7475.9390	52072.0000
7475.9827	51709.0000
7476.0264	51870.0000
7476.0702	52233.0000
7476.1139	53005.0000
7476.1576	53713.0000
7476.2013	54356.0000
7476.2450	54662.0000
7476.2887	54504.0000
7476.3324	54140.0000
7476.3761	54166.0000
7476.4198	54891.0000
7476.4635	56068.0000
7476.5071	57195.0000
7476.5508	57774.0000
7476.5945	57556.0000
7476.6382	57126.0000
7476.6819	55991.0000
7476.7256	55596.0000
7476.7692	55839.0000
7476.8129	56639.0000
7476.8566	56938.0000
7476.9003	57247.0000
7476.9439	57288.0000
7476.9876	56749.0000
7477.0313	55998.0000
7477.0749	55250.0000
7477.1187	54674.0000
7477.1623	55014.0000
7477.2060	55731.0000
7477.2497	56688.0000
7477.2933	58138.0000
7477.3370	59018.0000
7477.3806	59333.0000
7477.4243	59345.0000
7477.4679	58972.0000
7477.5116	58731.0000
7477.5552	58467.0000
7477.5988	58397.0000
7477.6425	57909.0000
7477.6861	56960.0000
7477.7298	55709.0000
7477.7734	54411.0000
7477.8170	53367.0000
7477.8606	52890.0000
7477.9043	53260.0000
7477.9479	54045.0000
7477.9915	54704.0000
7478.0352	55067.0000
7478.0788	54876.0000
7478.1224	54500.0000
7478.1661	53487.0000
7478.2097	53250.0000
7478.2533	53314.0000
7478.2969	54689.0000
7478.3406	56566.0000
7478.3842	57652.0000
7478.4278	58296.0000
7478.4714	58122.0000
7478.5150	57321.0000
7478.5586	56592.0000
7478.6022	56378.0000
7478.6458	56683.0000
7478.6894	57104.0000
7478.7330	57043.0000
7478.7766	56222.0000
7478.8201	55002.0000
7478.8637	54180.0000
7478.9073	53081.0000
7478.9509	52310.0000
7478.9945	51396.0000
7479.0381	50680.0000
7479.0816	50340.0000
7479.1252	50546.0000
7479.1688	50873.0000
7479.2125	52247.0000
7479.2560	54387.0000
7479.2996	56033.0000
7479.3432	57659.0000
7479.3867	58933.0000
7479.4303	59472.0000
7479.4739	59882.0000
7479.5174	59589.0000
7479.5610	59140.0000
7479.6045	58333.0000
7479.6481	57258.0000
7479.6916	56206.0000
7479.7352	55166.0000
7479.7787	54222.0000
7479.8223	53599.0000
7479.8658	53582.0000
7479.9094	53465.0000
7479.9529	53769.0000
7479.9965	53185.0000
7480.0400	52393.0000
7480.0835	51578.0000
7480.1271	50700.0000
7480.1706	50181.0000
7480.2141	50029.0000
7480.2576	50489.0000
7480.3013	51208.0000
7480.3448	52361.0000
7480.3883	53751.0000
7480.4318	54732.0000
7480.4754	55103.0000
7480.5189	55016.0000
7480.5624	54166.0000
7480.6059	53032.0000
7480.6494	52625.0000
7480.6929	52837.0000
7480.7364	53605.0000
7480.7799	54783.0000
7480.8234	55966.0000
7480.8669	57181.0000
7480.9104	57820.0000
7480.9539	58199.0000
7480.9974	58205.0000
7481.0409	58002.0000
7481.0844	57700.0000
7481.1279	56649.0000
7481.1714	54722.0000
7481.2149	52177.0000
7481.2584	48806.0000
7481.3019	45380.0000
7481.3454	42317.0000
7481.3889	40556.0000
7481.4324	40139.0000
7481.4759	41320.0000
7481.5193	43547.0000
7481.5628	45907.0000
7481.6063	48086.0000
7481.6498	49593.0000
7481.6932	50720.0000
7481.7367	51752.0000
7481.7802	52324.0000
7481.8236	52878.0000
7481.8671	52350.0000
7481.9105	51478.0000
7481.9540	50761.0000
7481.9974	49923.0000
7482.0409	49664.0000
7482.0843	49339.0000
7482.1278	49244.0000
7482.1712	49446.0000
7482.2147	50165.0000
7482.2581	50994.0000
7482.3016	51963.0000
7482.3450	53021.0000
7482.3885	53558.0000
7482.4320	53569.0000
7482.4754	53537.0000
7482.5188	53339.0000
7482.5623	52899.0000
7482.6057	53172.0000
7482.6491	53702.0000
7482.6925	53885.0000
7482.7360	54125.0000
7482.7794	54129.0000
7482.8228	53741.0000
7482.8662	53544.0000
7482.9096	53163.0000
7482.9530	52607.0000
7482.9964	52074.0000
7483.0399	51189.0000
7483.0833	50773.0000
7483.1267	50086.0000
7483.1701	49914.0000
7483.2135	49828.0000
7483.2569	49493.0000
7483.3003	48473.0000
7483.3437	46453.0000
7483.3871	44709.0000
7483.4306	43012.0000
7483.4739	41266.0000
7483.5173	39378.0000
7483.5607	37669.0000
7483.6041	36584.0000
7483.6475	35672.0000
7483.6909	35150.0000
7483.7342	34916.0000
7483.7776	35056.0000
7483.8210	35688.0000
7483.8644	36916.0000
7483.9077	38168.0000
7483.9511	39504.0000
7483.9945	40911.0000
7484.0378	42076.0000
7484.0812	42767.0000
7484.1246	43301.0000
7484.1679	43717.0000
7484.2113	44674.0000
7484.2546	45705.0000
7484.2980	46577.0000
7484.3413	47210.0000
7484.3847	47414.0000
7484.4280	47726.0000
7484.4715	47630.0000
7484.5148	47085.0000
7484.5582	46193.0000
7484.6015	45539.0000
7484.6449	45666.0000
7484.6882	46115.0000
7484.7315	46974.0000
7484.7749	48334.0000
7484.8182	49492.0000
7484.8615	49970.0000
7484.9049	49723.0000
7484.9482	49854.0000
7484.9915	50154.0000
7485.0348	50750.0000
7485.0781	51452.0000
7485.1215	51984.0000
7485.1648	52582.0000
7485.2081	53146.0000
7485.2514	52793.0000
7485.2947	52364.0000
7485.3380	52151.0000
7485.3813	52269.0000
7485.4246	52510.0000
7485.4679	52621.0000
7485.5113	52209.0000
7485.5547	51908.0000
7485.5979	52163.0000
7485.6412	52643.0000
7485.6845	53309.0000
7485.7278	53859.0000
7485.7711	54030.0000
7485.8144	54204.0000
7485.8577	54335.0000
7485.9010	54462.0000
7485.9443	54275.0000
7485.9875	53868.0000
7486.0308	53336.0000
7486.0741	52940.0000
7486.1174	52957.0000
7486.1607	53367.0000
7486.2039	54522.0000
7486.2472	56450.0000
7486.2905	57759.0000
7486.3337	58637.0000
7486.3770	58337.0000
7486.4203	56735.0000
7486.4635	54877.0000
7486.5068	53671.0000
7486.5500	53321.0000
7486.5934	54457.0000
7486.6366	56186.0000
7486.6799	57684.0000
7486.7231	58762.0000
7486.7664	58734.0000
7486.8096	58387.0000
7486.8529	57926.0000
7486.8961	57353.0000
7486.9394	56461.0000
7486.9826	55386.0000
7487.0258	55177.0000
7487.0691	54978.0000
7487.1123	55475.0000
7487.1555	56490.0000
7487.1988	57793.0000
7487.2420	58249.0000
7487.2852	58707.0000
7487.3284	58614.0000
7487.3717	57512.0000
7487.4149	56456.0000
7487.4581	55991.0000
7487.5013	55889.0000
7487.5445	55773.0000
7487.5877	56647.0000
7487.6310	57880.0000
7487.6743	59294.0000
7487.7175	59772.0000
7487.7607	59419.0000
7487.8039	58307.0000
7487.8471	55885.0000
7487.8903	53103.0000
7487.9335	50338.0000
7487.9767	47084.0000
7488.0198	43504.0000
7488.0630	40273.0000
7488.1062	38211.0000
7488.1494	37622.0000
7488.1926	38553.0000
7488.2358	41023.0000
7488.2790	44005.0000
7488.3221	47450.0000
7488.3653	50498.0000
7488.4085	53707.0000
7488.4517	56086.0000
7488.4948	58666.0000
7488.5380	60449.0000
7488.5812	60943.0000
7488.6244	60209.0000
7488.6675	59536.0000
7488.7108	58730.0000
7488.7539	58246.0000
7488.7971	58396.0000
7488.8403	58230.0000
7488.8834	58553.0000
7488.9266	59145.0000
7488.9697	59050.0000
7489.0129	58072.0000
7489.0560	56580.0000
7489.0992	55167.0000
7489.1423	53175.0000
7489.1854	51504.0000
7489.2286	50744.0000
7489.2717	50132.0000
7489.3149	49850.0000
7489.3580	49869.0000
7489.4011	50254.0000
7489.4443	50105.0000
7489.4874	49985.0000
7489.5305	49043.0000
7489.5736	47658.0000
7489.6168	46340.0000
7489.6599	45147.0000
7489.7030	44843.0000
7489.7462	45265.0000
7489.7893	45872.0000
7489.8325	46906.0000
7489.8756	47613.0000
7489.9187	47833.0000
7489.9618	48376.0000
7490.0049	49134.0000
7490.0480	50509.0000
7490.0911	52274.0000
7490.1342	53570.0000
7490.1773	54132.0000
7490.2204	55141.0000
7490.2635	55638.0000
7490.3066	55751.0000
7490.3497	55824.0000
7490.3928	56075.0000
7490.4358	55497.0000
7490.4789	54380.0000
7490.5220	53359.0000
7490.5651	53102.0000
7490.6082	53888.0000
7490.6513	54921.0000
7490.6943	55649.0000
7490.7374	56278.0000
7490.7805	57555.0000
7490.8236	58947.0000
7490.8667	60055.0000
7490.9098	61069.0000
7490.9528	62046.0000
7490.9959	62424.0000
7491.0390	62246.0000
7491.0820	60616.0000
7491.1251	58549.0000
7491.1681	55959.0000
7491.2112	53720.0000
7491.2542	51697.0000
7491.2973	49936.0000
7491.3403	47559.0000
7491.3834	44327.0000
7491.4264	41224.0000
7491.4695	39672.0000
7491.5125	40271.0000
7491.5556	41868.0000
7491.5986	44320.0000
7491.6416	46454.0000
7491.6847	47763.0000
7491.7277	48119.0000
7491.7707	48911.0000
7491.8137	50254.0000
7491.8569	52183.0000
7491.8999	53962.0000
7491.9429	55721.0000
7491.9859	56406.0000
7492.0290	56143.0000
7492.0720	55289.0000
7492.1150	54403.0000
7492.1580	53913.0000
7492.2010	54084.0000
7492.2440	54036.0000
7492.2870	53948.0000
7492.3300	53336.0000
7492.3730	52577.0000
7492.4160	52293.0000
7492.4590	51838.0000
7492.5020	51434.0000
7492.5450	51152.0000
7492.5880	51312.0000
7492.6310	51843.0000
7492.6740	53175.0000
7492.7170	54455.0000
7492.7600	55385.0000
7492.8029	56067.0000
7492.8459	56488.0000
7492.8889	55770.0000
7492.9320	55284.0000
7492.9750	54885.0000
7493.0179	54564.0000
7493.0609	53752.0000
7493.1039	53296.0000
7493.1468	53309.0000
7493.1898	53718.0000
7493.2328	54673.0000
7493.2757	56589.0000
7493.3187	58735.0000
7493.3617	60279.0000
7493.4046	60036.0000
7493.4476	58420.0000
7493.4905	56545.0000
7493.5335	54871.0000
7493.5764	53588.0000
7493.6194	53107.0000
7493.6623	53648.0000
7493.7053	55014.0000
7493.7482	56698.0000
7493.7911	57683.0000
7493.8341	57982.0000
7493.8770	57401.0000
7493.9200	56311.0000
7493.9630	54931.0000
7494.0059	53309.0000
7494.0488	51978.0000
7494.0918	51461.0000
7494.1347	51830.0000
7494.1776	52682.0000
7494.2205	53911.0000
7494.2635	54592.0000
7494.3064	54512.0000
7494.3493	54082.0000
7494.3922	53012.0000
7494.4351	52617.0000
7494.4780	52999.0000
7494.5209	53932.0000
7494.5638	55149.0000
7494.6067	55689.0000
7494.6497	54870.0000
7494.6926	53414.0000
7494.7354	51043.0000
7494.7783	47819.0000
7494.8212	45970.0000
7494.8641	44977.0000
7494.9070	44791.0000
7494.9499	45808.0000
7494.9928	46968.0000
7495.0358	48293.0000
7495.0787	49622.0000
7495.1215	50476.0000
7495.1644	50922.0000
7495.2073	51299.0000
7495.2502	51967.0000
7495.2931	52633.0000
7495.3359	53018.0000
7495.3788	53553.0000
7495.4217	52989.0000
7495.4645	52443.0000
7495.5074	52434.0000
7495.5503	53422.0000
7495.5931	55127.0000
7495.6360	56998.0000
7495.6788	58521.0000
7495.7217	58700.0000
7495.7645	57927.0000
7495.8074	56014.0000
7495.8502	53572.0000
7495.8931	51338.0000
7495.9359	49723.0000
7495.9788	48548.0000
7496.0216	47695.0000
7496.0646	46493.0000
7496.1074	44409.0000
7496.1502	42243.0000
7496.1931	40264.0000
7496.2359	39103.0000
7496.2787	38903.0000
7496.3216	39112.0000
7496.3644	39283.0000
7496.4072	39696.0000
7496.4500	40136.0000
7496.4928	40160.0000
7496.5357	40281.0000
7496.5785	40676.0000
7496.6213	40571.0000
7496.6641	40236.0000
7496.7069	39410.0000
7496.7497	38477.0000
7496.7925	38322.0000
7496.8353	38210.0000
7496.8781	38577.0000
7496.9209	39087.0000
7496.9637	39547.0000
7497.0065	40221.0000
7497.0493	40832.0000
7497.0921	41784.0000
7497.1350	42395.0000
7497.1778	43083.0000
7497.2206	43948.0000
7497.2634	44648.0000
7497.3062	44909.0000
7497.3490	44907.0000
7497.3917	44220.0000
7497.4345	43322.0000
7497.4773	42506.0000
7497.5201	42123.0000
7497.5628	42577.0000
7497.6056	43575.0000
7497.6484	44557.0000
7497.6911	45843.0000
7497.7339	46793.0000
7497.7767	47557.0000
7497.8194	48095.0000
7497.8622	48619.0000
7497.9050	48789.0000
7497.9477	48536.0000
7497.9905	48389.0000
7498.0332	47679.0000
7498.0760	47479.0000
7498.1187	47515.0000
7498.1616	48132.0000
7498.2043	49257.0000
7498.2471	50367.0000
7498.2898	51654.0000
7498.3325	52591.0000
7498.3753	53060.0000
7498.4180	53163.0000
7498.4607	53346.0000
7498.5035	52714.0000
7498.5462	51728.0000
7498.5889	50586.0000
7498.6316	49446.0000
7498.6744	48481.0000
7498.7171	47867.0000
7498.7598	48037.0000
7498.8025	48759.0000
7498.8452	49426.0000
7498.8880	50367.0000
7498.9307	51167.0000
7498.9734	51791.0000
7499.0161	52583.0000
7499.0588	53257.0000
7499.1015	52946.0000
7499.1442	52466.0000
7499.1869	51644.0000
7499.2297	50342.0000
7499.2724	48818.0000
7499.3151	48023.0000
7499.3578	47559.0000
7499.4005	47121.0000
7499.4432	46909.0000
7499.4859	46839.0000
7499.5285	46707.0000
7499.5712	46754.0000
7499.6139	47304.0000
7499.6566	48707.0000
7499.6993	50174.0000
7499.7419	52035.0000
7499.7846	53669.0000
7499.8273	54790.0000
7499.8700	55119.0000
7499.9126	54603.0000
7499.9553	53881.0000
7499.9980	53725.0000
7500.0406	53830.0000
7500.0833	54856.0000
7500.1259	55585.0000
7500.1686	55949.0000
7500.2112	56316.0000
7500.2539	55347.0000
7500.2966	54230.0000
7500.3393	53351.0000
7500.3819	53031.0000
7500.4246	53222.0000
7500.4672	52830.0000
7500.5099	52095.0000
7500.5525	51105.0000
7500.5952	49972.0000
7500.6378	49488.0000
7500.6804	49644.0000
7500.7231	50410.0000
7500.7657	50774.0000
7500.8083	50671.0000
7500.8509	50873.0000
7500.8936	51897.0000
7500.9362	53019.0000
7500.9788	54501.0000
7501.0214	55942.0000
7501.0640	55781.0000
7501.1067	54931.0000
7501.1493	54182.0000
7501.1919	52986.0000
7501.2345	52940.0000
7501.2771	53076.0000
7501.3198	52780.0000
7501.3624	52601.0000
7501.4050	53007.0000
7501.4476	53979.0000
7501.4902	55099.0000
7501.5328	56107.0000
7501.5754	57250.0000
7501.6180	57613.0000
7501.6606	57553.0000
7501.7032	56909.0000
7501.7457	56003.0000
7501.7883	55257.0000
7501.8309	54338.0000
7501.8735	53203.0000
7501.9161	52366.0000
7501.9586	51392.0000
7502.0012	51630.0000
7502.0438	52552.0000
7502.0864	53694.0000
7502.1289	55077.0000
7502.1715	55610.0000
7502.2141	55416.0000
7502.2566	54491.0000
7502.2992	53509.0000
7502.3417	52714.0000
7502.3844	52364.0000
7502.4270	52607.0000
7502.4695	53161.0000
7502.5121	53733.0000
7502.5546	53979.0000
7502.5972	53054.0000
7502.6397	51766.0000
7502.6823	50287.0000
7502.7248	48988.0000
7502.7673	48056.0000
7502.8099	48700.0000
7502.8524	48858.0000
7502.8949	49136.0000
7502.9375	49537.0000
7502.9800	49848.0000
7503.0225	50346.0000
7503.0651	51255.0000
7503.1076	52743.0000
7503.1501	54704.0000
7503.1926	56373.0000
7503.2351	57404.0000
7503.2777	57476.0000
7503.3202	56241.0000
7503.3627	54219.0000
7503.4052	52318.0000
7503.4478	51786.0000
7503.4903	52581.0000
7503.5328	54279.0000
7503.5753	56038.0000
7503.6178	58106.0000
7503.6603	59215.0000
7503.7028	59139.0000
7503.7453	58730.0000
7503.7878	57683.0000
7503.8303	56687.0000
7503.8728	56518.0000
7503.9153	56699.0000
7503.9578	56826.0000
7504.0003	56460.0000
7504.0427	55722.0000
7504.0852	54851.0000
7504.1277	53788.0000
7504.1702	52950.0000
7504.2127	52308.0000
7504.2551	52497.0000
7504.2976	52551.0000
7504.3401	52504.0000
7504.3825	52716.0000
7504.4250	52850.0000
7504.4675	53340.0000
7504.5100	54042.0000
7504.5525	54448.0000
7504.5949	54424.0000
7504.6374	54316.0000
7504.6799	53775.0000
7504.7223	53375.0000
7504.7648	52866.0000
7504.8072	52205.0000
7504.8496	51519.0000
7504.8921	51670.0000
7504.9345	52268.0000
7504.9770	53857.0000
7505.0194	55477.0000
7505.0618	56970.0000
7505.1043	57678.0000
7505.1467	56278.0000
7505.1891	53923.0000
7505.2316	52521.0000
7505.2740	50457.0000
7505.3164	50075.0000
7505.3589	49917.0000
7505.4013	50422.0000
7505.4437	51360.0000
7505.4861	52396.0000
7505.5286	53848.0000
7505.5710	54501.0000
7505.6134	54715.0000
7505.6559	53930.0000
7505.6983	52351.0000
7505.7407	51097.0000
7505.7831	50645.0000
7505.8255	50652.0000
7505.8679	51403.0000
7505.9103	52193.0000
7505.9527	52642.0000
7505.9951	52179.0000
7506.0375	51444.0000
7506.0798	50211.0000
7506.1222	48352.0000
7506.1646	46887.0000
7506.2070	45948.0000
7506.2494	45647.0000
7506.2918	45650.0000
7506.3342	45779.0000
7506.3765	45794.0000
7506.4189	45486.0000
7506.4613	45181.0000
7506.5036	44586.0000
7506.5460	44607.0000
7506.5885	44420.0000
7506.6308	44649.0000
7506.6732	44968.0000
7506.7156	45362.0000
7506.7579	46149.0000
7506.8003	47198.0000
7506.8426	48504.0000
7506.8850	49746.0000
7506.9274	51315.0000
7506.9697	52476.0000
7507.0120	52130.0000
7507.0544	51562.0000
7507.0967	50366.0000
7507.1391	49146.0000
7507.1814	48428.0000
7507.2238	48233.0000
7507.2661	47575.0000
7507.3084	47434.0000
7507.3508	47837.0000
7507.3931	48565.0000
7507.4354	49836.0000
7507.4778	51494.0000
7507.5201	53861.0000
7507.5624	55200.0000
7507.6047	55344.0000
7507.6471	54601.0000
7507.6895	53649.0000
7507.7318	52392.0000
7507.7741	51797.0000
7507.8164	51277.0000
7507.8587	50939.0000
7507.9010	50705.0000
7507.9433	50697.0000
7507.9856	50603.0000
7508.0279	50469.0000
7508.0702	50556.0000
7508.1125	50733.0000
7508.1548	50901.0000
7508.1971	51165.0000
7508.2394	52356.0000
7508.2817	53840.0000
7508.3240	55719.0000
7508.3663	57565.0000
7508.4086	58799.0000
7508.4508	59647.0000
7508.4931	59746.0000
7508.5354	59396.0000
7508.5777	59141.0000
7508.6199	58006.0000
7508.6622	57481.0000
7508.7046	57042.0000
7508.7469	56694.0000
7508.7891	56888.0000
7508.8314	56410.0000
7508.8737	55293.0000
7508.9159	54400.0000
7508.9582	53658.0000
7509.0004	52973.0000
7509.0427	52422.0000
7509.0849	52380.0000
7509.1272	52155.0000
7509.1694	52130.0000
7509.2117	52208.0000
7509.2539	52619.0000
7509.2962	53004.0000
7509.3384	53243.0000
7509.3807	53027.0000
7509.4229	52603.0000
7509.4651	51736.0000
7509.5074	50593.0000
7509.5496	49410.0000
7509.5918	48246.0000
7509.6341	47471.0000
7509.6763	46551.0000
7509.7185	45841.0000
7509.7608	45532.0000
7509.8031	45336.0000
7509.8453	45476.0000
7509.8875	45842.0000
7509.9297	46923.0000
7509.9719	48936.0000
7510.0141	51252.0000
7510.0563	53906.0000
7510.0985	55971.0000
7510.1408	57211.0000
7510.1830	57642.0000
7510.2252	57298.0000
7510.2674	56884.0000
7510.3096	56564.0000
7510.3517	56580.0000
7510.3939	56606.0000
7510.4361	56806.0000
7510.4783	56852.0000
7510.5205	57013.0000
7510.5627	56817.0000
7510.6049	55912.0000
7510.6471	54866.0000
7510.6892	53437.0000
7510.7314	51953.0000
7510.7736	50281.0000
7510.8159	48966.0000
7510.8580	48392.0000
7510.9002	48367.0000
7510.9424	48731.0000
7510.9846	48985.0000
7511.0267	48630.0000
7511.0689	47829.0000
7511.1110	46478.0000
7511.1532	45280.0000
7511.1954	44898.0000
7511.2375	45264.0000
7511.2797	46342.0000
7511.3218	47867.0000
7511.3640	49215.0000
7511.4061	50832.0000
7511.4483	51852.0000
7511.4904	53324.0000
7511.5325	54382.0000
7511.5747	54932.0000
7511.6168	54419.0000
7511.6590	53315.0000
7511.7011	51376.0000
7511.7432	49666.0000
7511.7853	48346.0000
7511.8275	48056.0000
7511.8697	49495.0000
7511.9118	51975.0000
7511.9539	54826.0000
7511.9961	57213.0000
7512.0382	58672.0000
7512.0803	59404.0000
7512.1224	59825.0000
7512.1645	59860.0000
7512.2066	59376.0000
7512.2487	58490.0000
7512.2909	57529.0000
7512.3330	56520.0000
7512.3751	54915.0000
7512.4172	54763.0000
7512.4593	54846.0000
7512.5014	55041.0000
7512.5435	54510.0000
7512.5855	53417.0000
7512.6276	52026.0000
7512.6697	50827.0000
7512.7118	49527.0000
7512.7539	49021.0000
7512.7960	49033.0000
7512.8381	50007.0000
7512.8801	51649.0000
7512.9223	53908.0000
7512.9644	56252.0000
7513.0065	57985.0000
7513.0485	59430.0000
7513.0906	60479.0000
7513.1327	60380.0000
7513.1747	60408.0000
7513.2168	59431.0000
7513.2589	58145.0000
7513.3009	56591.0000
7513.3430	54881.0000
7513.3850	54308.0000
7513.4271	54672.0000
7513.4692	55142.0000
7513.5112	55808.0000
7513.5533	55758.0000
7513.5953	55188.0000
7513.6373	53322.0000
7513.6794	50155.0000
7513.7214	46760.0000
7513.7635	43707.0000
7513.8055	41990.0000
7513.8475	41046.0000
7513.8896	41326.0000
7513.9316	42757.0000
7513.9737	45468.0000
7514.0158	48179.0000
7514.0578	50347.0000
7514.0998	51846.0000
7514.1418	52495.0000
7514.1838	52767.0000
7514.2259	53126.0000
7514.2679	53316.0000
7514.3099	53154.0000
7514.3519	52621.0000
7514.3939	52535.0000
7514.4359	52471.0000
7514.4779	52340.0000
7514.5199	52962.0000
7514.5619	53468.0000
7514.6039	53843.0000
7514.6459	53947.0000
7514.6879	53509.0000
7514.7299	53334.0000
7514.7719	53223.0000
7514.8139	53471.0000
7514.8559	53903.0000
7514.8979	54230.0000
7514.9399	54528.0000
7514.9818	54155.0000
7515.0239	53951.0000
7515.0659	53846.0000
7515.1079	53953.0000
7515.1498	54250.0000
7515.1918	54786.0000
7515.2338	55411.0000
7515.2758	56173.0000
7515.3177	57176.0000
7515.3597	58157.0000
7515.4017	59079.0000
7515.4436	59019.0000
7515.4856	58696.0000
7515.5275	57760.0000
7515.5695	56612.0000
7515.6114	55999.0000
7515.6534	54737.0000
7515.6953	53497.0000
7515.7373	53357.0000
7515.7792	53072.0000
7515.8212	53324.0000
7515.8631	53803.0000
7515.9051	53776.0000
7515.9470	53428.0000
7515.9889	52682.0000
7516.0309	51706.0000
7516.0729	50686.0000
7516.1148	49958.0000
7516.1568	50124.0000
7516.1987	50432.0000
7516.2406	52351.0000
7516.2825	55036.0000
7516.3244	57173.0000
7516.3664	58687.0000
7516.4083	59431.0000
7516.4502	59711.0000
7516.4921	59609.0000
7516.5340	58672.0000
7516.5759	57519.0000
7516.6178	55615.0000
7516.6597	53608.0000
7516.7016	51899.0000
7516.7435	50686.0000
7516.7854	50548.0000
7516.8273	51449.0000
7516.8692	52927.0000
7516.9111	54939.0000
7516.9530	56346.0000
7516.9949	56775.0000
7517.0368	57422.0000
7517.0787	57121.0000
7517.1207	56094.0000
7517.1625	55737.0000
7517.2044	55193.0000
7517.2463	55075.0000
7517.2882	55560.0000
7517.3300	55771.0000
7517.3719	56471.0000
7517.4138	56471.0000
7517.4556	56447.0000
7517.4975	56875.0000
7517.5394	57916.0000
7517.5812	58814.0000
7517.6231	59750.0000
7517.6650	60141.0000
7517.7068	59251.0000
7517.7487	57394.0000
7517.7905	55484.0000
7517.8324	53949.0000
7517.8742	52826.0000
7517.9161	52128.0000
7517.9579	51970.0000
7517.9997	51945.0000
7518.0416	52325.0000
7518.0834	53355.0000
7518.1253	53908.0000
7518.1672	54398.0000
7518.2090	54960.0000
7518.2509	54583.0000
7518.2927	53972.0000
7518.3345	53558.0000
7518.3763	53783.0000
7518.4182	54351.0000
7518.4600	54695.0000
7518.5018	54920.0000
7518.5436	54694.0000
7518.5854	53876.0000
7518.6272	52799.0000
7518.6691	51359.0000
7518.7109	50090.0000
7518.7527	48768.0000
7518.7945	47314.0000
7518.8363	45987.0000
7518.8781	44895.0000
7518.9199	43349.0000
7518.9617	44973.0000
7519.0035	46194.0000
7519.0453	47264.0000
7519.0871	48158.0000
7519.1288	48906.0000
7519.1706	49422.0000
7519.2125	49921.0000
7519.2543	50159.0000
7519.2961	50185.0000
7519.3379	49828.0000
7519.3796	50023.0000
7519.4214	50564.0000
7519.4632	51438.0000
7519.5050	52797.0000
7519.5467	54332.0000
7519.5885	55933.0000
7519.6303	56728.0000
7519.6720	56786.0000
7519.7138	56095.0000
7519.7556	54297.0000
7519.7973	52721.0000
7519.8391	51842.0000
7519.8808	51079.0000
7519.9226	50027.0000
7519.9643	50133.0000
7520.0061	50869.0000
7520.0478	52230.0000
7520.0896	53633.0000
7520.1313	54635.0000
7520.1730	55456.0000
7520.2148	55852.0000
7520.2565	55868.0000
7520.2984	55940.0000
7520.3401	55574.0000
7520.3818	54884.0000
7520.4235	54041.0000
7520.4653	53166.0000
7520.5070	52599.0000
7520.5487	52936.0000
7520.5904	53111.0000
7520.6322	53549.0000
7520.6739	53736.0000
7520.7156	53989.0000
7520.7573	54357.0000
7520.7990	54479.0000
7520.8407	54436.0000
7520.8824	53724.0000
7520.9241	52782.0000
7520.9658	51412.0000
7521.0075	50246.0000
7521.0492	49282.0000
7521.0909	49030.0000
7521.1326	49720.0000
7521.1743	50584.0000
7521.2160	51648.0000
7521.2577	52190.0000
7521.2994	52549.0000
7521.3412	52836.0000
7521.3829	52850.0000
7521.4245	53208.0000
7521.4662	54118.0000
7521.5079	54929.0000
7521.5496	54755.0000
7521.5913	54575.0000
7521.6329	54409.0000
7521.6746	53835.0000
7521.7163	53452.0000
7521.7579	53787.0000
7521.7996	54123.0000
7521.8413	54553.0000
7521.8829	55091.0000
7521.9246	55080.0000
7521.9662	55443.0000
7522.0079	55920.0000
7522.0495	56979.0000
7522.0912	57469.0000
7522.1328	57190.0000
7522.1745	56330.0000
7522.2161	55243.0000
7522.2578	54217.0000
7522.2994	54112.0000
7522.3410	54149.0000
7522.3828	54451.0000
7522.4244	54831.0000
7522.4660	54464.0000
7522.5077	54027.0000
7522.5493	53700.0000
7522.5909	53295.0000
7522.6326	52916.0000
7522.6742	52743.0000
7522.7158	52378.0000
7522.7574	51017.0000
7522.7990	49534.0000
7522.8407	47836.0000
7522.8823	46519.0000
7522.9239	44945.0000
7522.9655	44395.0000
7523.0071	44270.0000
7523.0487	44467.0000
7523.0903	44251.0000
7523.1319	44277.0000
7523.1735	44044.0000
7523.2151	43627.0000
7523.2567	42878.0000
7523.2983	41848.0000
7523.3399	40955.0000
7523.3815	40258.0000
7523.4232	40179.0000
7523.4647	40714.0000
7523.5063	41322.0000
7523.5479	42178.0000
7523.5895	42760.0000
7523.6311	43616.0000
7523.6726	44662.0000
7523.7142	45480.0000
7523.7558	46731.0000
7523.7974	47628.0000
7523.8389	48186.0000
7523.8805	48230.0000
7523.9221	47925.0000
7523.9636	47166.0000
7524.0052	46946.0000
7524.0467	46917.0000
7524.0883	46894.0000
7524.1298	47128.0000
7524.1714	47101.0000
7524.2129	47377.0000
7524.2545	47558.0000
7524.2960	48448.0000
7524.3376	49133.0000
7524.3791	49959.0000
7524.4207	49935.0000
7524.4622	49626.0000
7524.5038	49164.0000
7524.5454	48925.0000
7524.5869	48838.0000
7524.6284	48861.0000
7524.6700	48794.0000
7524.7115	48844.0000
7524.7530	48932.0000
7524.7945	48845.0000
7524.8361	48588.0000
7524.8776	48109.0000
7524.9191	47729.0000
7524.9606	47155.0000
7525.0021	47252.0000
7525.0436	47401.0000
7525.0851	47103.0000
7525.1267	46833.0000
7525.1682	46035.0000
7525.2097	45515.0000
7525.2512	45070.0000
7525.2927	45181.0000
7525.3342	46001.0000
7525.3757	46708.0000
7525.4171	47727.0000
7525.4586	48200.0000
7525.5001	48353.0000
7525.5417	48227.0000
7525.5832	47390.0000
7525.6247	46568.0000
7525.6662	46228.0000
7525.7076	46501.0000
7525.7491	46952.0000
7525.7906	48280.0000
7525.8321	49763.0000
7525.8735	50741.0000
7525.9150	51243.0000
7525.9565	51637.0000
7525.9979	51204.0000
7526.0394	50664.0000
7526.0809	49434.0000
7526.1223	48013.0000
7526.1638	47307.0000
7526.2052	47112.0000
7526.2467	47060.0000
7526.2881	47250.0000
7526.3296	47100.0000
7526.3710	46723.0000
7526.4125	46140.0000
7526.4539	45174.0000
7526.4954	43891.0000
7526.5368	42658.0000
7526.5782	41383.0000
7526.6198	40382.0000
7526.6612	40256.0000
7526.7026	40538.0000
7526.7441	41423.0000
7526.7855	42175.0000
7526.8269	42611.0000
7526.8684	42893.0000
7526.9098	42815.0000
7526.9512	42745.0000
7526.9926	42536.0000
7527.0340	42205.0000
7527.0754	42214.0000
7527.1169	42186.0000
7527.1583	41969.0000
7527.1997	41552.0000
7527.2411	41493.0000
7527.2825	41504.0000
7527.3239	41700.0000
7527.3653	41860.0000
7527.4067	41880.0000
7527.4481	41728.0000
7527.4895	41378.0000
7527.5309	41098.0000
7527.5723	40847.0000
7527.6137	40942.0000
7527.6551	41309.0000
7527.6965	42071.0000
7527.7379	42702.0000
7527.7793	43464.0000
7527.8207	43957.0000
7527.8620	44180.0000
7527.9034	44157.0000
7527.9448	43528.0000
7527.9862	42126.0000
7528.0275	40521.0000
7528.0689	38880.0000
7528.1103	37157.0000
7528.1516	35630.0000
7528.1930	34440.0000
7528.2343	33599.0000
7528.2757	33153.0000
7528.3171	32699.0000
7528.3584	32194.0000
7528.3998	31991.0000
7528.4411	32130.0000
7528.4825	32418.0000
7528.5238	32977.0000
7528.5651	33860.0000
7528.6065	34499.0000
7528.6478	35707.0000
7528.6893	36713.0000
7528.7306	37725.0000
7528.7719	38686.0000
7528.8133	39363.0000
7528.8546	39938.0000
7528.8959	40373.0000
7528.9372	40597.0000
7528.9786	40618.0000
7529.0199	40397.0000
7529.0612	39849.0000
7529.1025	38917.0000
7529.1438	38190.0000
7529.1852	37768.0000
7529.2265	37287.0000
7529.2678	36920.0000
7529.3091	36383.0000
7529.3504	36266.0000
7529.3917	36323.0000
7529.4330	36097.0000
7529.4743	36130.0000
7529.5156	36002.0000
7529.5569	36226.0000
7529.5982	36538.0000
7529.6395	36827.0000
7529.6808	37355.0000
7529.7220	38053.0000
7529.7634	39009.0000
7529.8047	39721.0000
7529.8460	40382.0000
7529.8873	40929.0000
7529.9286	41512.0000
7529.9698	42365.0000
7530.0111	43016.0000
7530.0524	43786.0000
7530.0936	44193.0000
7530.1349	44122.0000
7530.1762	43947.0000
7530.2174	42773.0000
7530.2587	41673.0000
7530.3000	40599.0000
7530.3412	39586.0000
7530.3825	38988.0000
7530.4237	38989.0000
7530.4650	39290.0000
7530.5062	39487.0000
7530.5475	39832.0000
7530.5887	40148.0000
7530.6300	40592.0000
7530.6712	40944.0000
7530.7125	41646.0000
7530.7537	41942.0000
7530.7950	42121.0000
7530.8363	42230.0000
7530.8775	41951.0000
7530.9187	41560.0000
7530.9600	41291.0000
7531.0012	41600.0000
7531.0424	41873.0000
7531.0836	41622.0000
7531.1248	41419.0000
7531.1661	40628.0000
7531.2073	39729.0000
7531.2485	38983.0000
7531.2897	39065.0000
7531.3309	39421.0000
7531.3721	40345.0000
7531.4133	41249.0000
7531.4545	41944.0000
7531.4957	42331.0000
7531.5369	42557.0000
7531.5781	42845.0000
7531.6193	43408.0000
7531.6605	44489.0000
7531.7017	45550.0000
7531.7429	46391.0000
7531.7841	46572.0000
7531.8253	45957.0000
7531.8666	45255.0000
7531.9078	44341.0000
7531.9489	43458.0000
7531.9901	43198.0000
7532.0313	43383.0000
7532.0725	43522.0000
7532.1136	43014.0000
7532.1548	42421.0000
7532.1960	41169.0000
7532.2371	40253.0000
7532.2783	39220.0000
7532.3195	38562.0000
7532.3606	38622.0000
7532.4018	39022.0000
7532.4429	39409.0000
7532.4841	39890.0000
7532.5253	40428.0000
7532.5664	41007.0000
7532.6076	41343.0000
7532.6487	42450.0000
7532.6898	43539.0000
7532.7310	43806.0000
7532.7721	44025.0000
7532.8133	43807.0000
7532.8544	43536.0000
7532.8955	43488.0000
7532.9368	43858.0000
7532.9779	44486.0000
7533.0190	45416.0000
7533.0602	46162.0000
7533.1013	46517.0000
7533.1424	46361.0000
7533.1835	45403.0000
7533.2246	43654.0000
7533.2658	42045.0000
7533.3069	40392.0000
7533.3480	39359.0000
7533.3891	39217.0000
7533.4302	39556.0000
7533.4713	40167.0000
7533.5124	40452.0000
7533.5535	40554.0000
7533.5946	40161.0000
7533.6357	39845.0000
7533.6768	39357.0000
7533.7179	38656.0000
7533.7590	37968.0000
7533.8001	37526.0000
7533.8412	36531.0000
7533.8823	35283.0000
7533.9234	34047.0000
7533.9645	33097.0000
7534.0056	32373.0000
7534.0467	32077.0000
7534.0878	31839.0000
7534.1289	32112.0000
7534.1699	32968.0000
7534.2110	33515.0000
7534.2521	34275.0000
7534.2931	35657.0000
7534.3342	36788.0000
7534.3753	38002.0000
7534.4163	38747.0000
7534.4574	39143.0000
7534.4984	39087.0000
7534.5395	38589.0000
7534.5806	37735.0000
7534.6216	37087.0000
7534.6627	36305.0000
7534.7037	36211.0000
7534.7447	36677.0000
7534.7858	36783.0000
7534.8268	37444.0000
7534.8679	37875.0000
7534.9089	38606.0000
7534.9499	39215.0000
7534.9910	39510.0000
7535.0321	39487.0000
7535.0731	39496.0000
7535.1142	39536.0000
7535.1552	39528.0000
7535.1962	39105.0000
7535.2372	39242.0000
7535.2783	39588.0000
7535.3193	39855.0000
7535.3603	40462.0000
7535.4013	40984.0000
7535.4423	41791.0000
7535.4833	42671.0000
7535.5243	43529.0000
7535.5653	44166.0000
7535.6063	44230.0000
7535.6473	43852.0000
7535.6883	42919.0000
7535.7293	41934.0000
7535.7703	40788.0000
7535.8113	39859.0000
7535.8523	39171.0000
7535.8933	39208.0000
7535.9343	39875.0000
7535.9753	34036.0000
7536.0163	34627.0000
7536.0573	35323.0000
7536.0983	35630.0000
7536.1393	35818.0000
7536.1803	35897.0000
7536.2213	35276.0000
7536.2622	34825.0000
7536.3032	34778.0000
7536.3442	34640.0000
