R_Cam.12
5277.2305	483.0000
5277.2621	785.0000
5277.2937	810.0000
5277.3254	814.0000
5277.3570	836.0000
5277.3886	784.0000
5277.4203	750.0000
5277.4519	741.0000
5277.4835	775.0000
5277.5151	818.0000
5277.5468	1023.0000
5277.5784	1041.0000
5277.6100	1078.0000
5277.6416	1207.0000
5277.6732	1290.0000
5277.7048	1288.0000
5277.7365	1274.0000
5277.7681	1222.0000
5277.7997	1186.0000
5277.8313	1143.0000
5277.8629	1130.0000
5277.8945	1152.0000
5277.9262	1110.0000
5277.9578	1099.0000
5277.9894	1059.0000
5278.0210	1075.0000
5278.0526	1089.0000
5278.0842	1005.0000
5278.1158	915.0000
5278.1474	919.0000
5278.1790	987.0000
5278.2106	1078.0000
5278.2422	1159.0000
5278.2738	1225.0000
5278.3054	1249.0000
5278.3370	1361.0000
5278.3686	1450.0000
5278.4001	1462.0000
5278.4317	1421.0000
5278.4633	1453.0000
5278.4949	1415.0000
5278.5265	1312.0000
5278.5581	1317.0000
5278.5896	1259.0000
5278.6212	1315.0000
5278.6528	1343.0000
5278.6844	1360.0000
5278.7159	1470.0000
5278.7475	1508.0000
5278.7791	1435.0000
5278.8107	1496.0000
5278.8422	1599.0000
5278.8738	1658.0000
5278.9054	1654.0000
5278.9369	1655.0000
5278.9685	1616.0000
5279.0001	1572.0000
5279.0317	1476.0000
5279.0633	1457.0000
5279.0948	1398.0000
5279.1264	1316.0000
5279.1579	1277.0000
5279.1895	1324.0000
5279.2210	1342.0000
5279.2526	1225.0000
5279.2841	1128.0000
5279.3157	1078.0000
5279.3472	1040.0000
5279.3788	981.0000
5279.4103	926.0000
5279.4419	882.0000
5279.4734	852.0000
5279.5050	900.0000
5279.5365	959.0000
5279.5680	1053.0000
5279.5996	1060.0000
5279.6311	1204.0000
5279.6626	1381.0000
5279.6942	1418.0000
5279.7257	1448.0000
5279.7572	1512.0000
5279.7888	1554.0000
5279.8203	1514.0000
5279.8518	1554.0000
5279.8834	1467.0000
5279.9149	1584.0000
5279.9464	1595.0000
5279.9779	1618.0000
5280.0094	1584.0000
5280.0411	1484.0000
5280.0726	1462.0000
5280.1041	1336.0000
5280.1356	1290.0000
5280.1671	1252.0000
5280.1986	1150.0000
5280.2301	1045.0000
5280.2617	985.0000
5280.2932	1027.0000
5280.3247	971.0000
5280.3562	884.0000
5280.3877	963.0000
5280.4192	940.0000
5280.4507	986.0000
5280.4822	1005.0000
5280.5137	949.0000
5280.5452	912.0000
5280.5767	975.0000
5280.6082	1095.0000
5280.6397	1176.0000
5280.6712	1339.0000
5280.7027	1356.0000
5280.7342	1480.0000
5280.7656	1612.0000
5280.7971	1730.0000
5280.8286	1704.0000
5280.8601	1638.0000
5280.8916	1592.0000
5280.9231	1548.0000
5280.9546	1582.0000
5280.9860	1670.0000
5281.0175	1668.0000
5281.0490	1755.0000
5281.0806	1798.0000
5281.1120	1675.0000
5281.1435	1561.0000
5281.1750	1435.0000
5281.2065	1362.0000
5281.2379	1274.0000
5281.2694	1337.0000
5281.3009	1339.0000
5281.3323	1237.0000
5281.3638	1305.0000
5281.3953	1329.0000
5281.4267	1262.0000
5281.4582	1293.0000
5281.4896	1352.0000
5281.5211	1361.0000
5281.5525	1471.0000
5281.5840	1423.0000
5281.6155	1311.0000
5281.6469	1238.0000
5281.6784	1258.0000
5281.7098	1212.0000
5281.7413	1174.0000
5281.7727	1172.0000
5281.8042	1035.0000
5281.8356	959.0000
5281.8670	960.0000
5281.8985	963.0000
5281.9299	1006.0000
5281.9614	1168.0000
5281.9928	1234.0000
5282.0242	1319.0000
5282.0557	1484.0000
5282.0871	1694.0000
5282.1185	1781.0000
5282.1501	1855.0000
5282.1815	1875.0000
5282.2129	1825.0000
5282.2444	1687.0000
5282.2758	1513.0000
5282.3072	1317.0000
5282.3386	1265.0000
5282.3701	1203.0000
5282.4015	1162.0000
5282.4329	1197.0000
5282.4643	1233.0000
5282.4957	1308.0000
5282.5272	1324.0000
5282.5586	1387.0000
5282.5900	1390.0000
5282.6214	1289.0000
5282.6528	1243.0000
5282.6842	1187.0000
5282.7156	1125.0000
5282.7470	1081.0000
5282.7784	1084.0000
5282.8098	1191.0000
5282.8413	1149.0000
5282.8727	1129.0000
5282.9041	1128.0000
5282.9355	1131.0000
5282.9669	1059.0000
5282.9982	1071.0000
5283.0296	1058.0000
5283.0610	1087.0000
5283.0924	1211.0000
5283.1238	1243.0000
5283.1552	1378.0000
5283.1867	1543.0000
5283.2181	1752.0000
5283.2495	1844.0000
5283.2809	1884.0000
5283.3122	1837.0000
5283.3436	1545.0000
5283.3750	1425.0000
5283.4064	1379.0000
5283.4378	1333.0000
5283.4691	1293.0000
5283.5005	1270.0000
5283.5319	1286.0000
5283.5633	1331.0000
5283.5946	1387.0000
5283.6260	1364.0000
5283.6574	1346.0000
5283.6887	1242.0000
5283.7201	1215.0000
5283.7515	1170.0000
5283.7828	1182.0000
5283.8142	1265.0000
5283.8456	1368.0000
5283.8769	1489.0000
5283.9083	1599.0000
5283.9396	1730.0000
5283.9710	1854.0000
5284.0024	1828.0000
5284.0337	1817.0000
5284.0651	1860.0000
5284.0964	1853.0000
5284.1278	1651.0000
5284.1591	1620.0000
5284.1905	1630.0000
5284.2218	1627.0000
5284.2532	1572.0000
5284.2846	1462.0000
5284.3159	1215.0000
5284.3473	1070.0000
5284.3786	968.0000
5284.4099	935.0000
5284.4413	1081.0000
5284.4726	1140.0000
5284.5040	1230.0000
5284.5353	1329.0000
5284.5666	1516.0000
5284.5979	1564.0000
5284.6293	1642.0000
5284.6606	1780.0000
5284.6919	1849.0000
5284.7233	1858.0000
5284.7546	1804.0000
5284.7859	1750.0000
5284.8172	1582.0000
5284.8485	1590.0000
5284.8799	1615.0000
5284.9112	1705.0000
5284.9425	1738.0000
5284.9738	1941.0000
5285.0051	2016.0000
5285.0364	1863.0000
5285.0677	1824.0000
5285.0991	1697.0000
5285.1304	1664.0000
5285.1617	1538.0000
5285.1930	1495.0000
5285.2243	1539.0000
5285.2556	1568.0000
5285.2869	1642.0000
5285.3183	1824.0000
5285.3496	1900.0000
5285.3809	1896.0000
5285.4122	1837.0000
5285.4435	1750.0000
5285.4748	1591.0000
5285.5061	1434.0000
5285.5373	1326.0000
5285.5686	1223.0000
5285.5999	1223.0000
5285.6312	1219.0000
5285.6625	1194.0000
5285.6938	1183.0000
5285.7251	1312.0000
5285.7563	1390.0000
5285.7876	1494.0000
5285.8189	1484.0000
5285.8502	1519.0000
5285.8815	1598.0000
5285.9127	1630.0000
5285.9440	1688.0000
5285.9753	1855.0000
5286.0066	2042.0000
5286.0378	2249.0000
5286.0691	2306.0000
5286.1004	2225.0000
5286.1316	2136.0000
5286.1629	2081.0000
5286.1942	1965.0000
5286.2254	1824.0000
5286.2567	1821.0000
5286.2879	1900.0000
5286.3192	2016.0000
5286.3506	2128.0000
5286.3818	2209.0000
5286.4131	2359.0000
5286.4443	2428.0000
5286.4756	2352.0000
5286.5068	2206.0000
5286.5381	2085.0000
5286.5693	2012.0000
5286.6006	1938.0000
5286.6318	1851.0000
5286.6630	1870.0000
5286.6943	1905.0000
5286.7255	1822.0000
5286.7568	1810.0000
5286.7880	1715.0000
5286.8192	1527.0000
5286.8505	1369.0000
5286.8817	1206.0000
5286.9130	1114.0000
5286.9442	1190.0000
5286.9754	1328.0000
5287.0066	1556.0000
5287.0379	1690.0000
5287.0691	1891.0000
5287.1003	2160.0000
5287.1315	2218.0000
5287.1628	2142.0000
5287.1940	1980.0000
5287.2252	1829.0000
5287.2564	1802.0000
5287.2877	1836.0000
5287.3189	1873.0000
5287.3501	1901.0000
5287.3813	1899.0000
5287.4126	2040.0000
5287.4438	2211.0000
5287.4750	2306.0000
5287.5062	2267.0000
5287.5374	2281.0000
5287.5687	2103.0000
5287.5999	1842.0000
5287.6311	1642.0000
5287.6623	1500.0000
5287.6935	1445.0000
5287.7247	1595.0000
5287.7559	1647.0000
5287.7871	1892.0000
5287.8183	2058.0000
5287.8494	2143.0000
5287.8806	2284.0000
5287.9118	2215.0000
5287.9430	2056.0000
5287.9742	1695.0000
5288.0054	1476.0000
5288.0366	1369.0000
5288.0678	1334.0000
5288.0990	1302.0000
5288.1301	1439.0000
5288.1613	1525.0000
5288.1925	1641.0000
5288.2237	1743.0000
5288.2548	1792.0000
5288.2860	1812.0000
5288.3172	1814.0000
5288.3484	1776.0000
5288.3795	1720.0000
5288.4107	1730.0000
5288.4419	1811.0000
5288.4732	2053.0000
5288.5043	2154.0000
5288.5355	2187.0000
5288.5666	2245.0000
5288.5978	2243.0000
5288.6290	2233.0000
5288.6601	2238.0000
5288.6913	2164.0000
5288.7224	2236.0000
5288.7536	2210.0000
5288.7848	2049.0000
5288.8159	1996.0000
5288.8471	1979.0000
5288.8782	2021.0000
5288.9094	2210.0000
5288.9405	2335.0000
5288.9717	2428.0000
5289.0028	2556.0000
5289.0339	2526.0000
5289.0651	2424.0000
5289.0962	2254.0000
5289.1274	2182.0000
5289.1585	2002.0000
5289.1897	1738.0000
5289.2208	1647.0000
5289.2519	1560.0000
5289.2831	1480.0000
5289.3142	1441.0000
5289.3453	1380.0000
5289.3764	1437.0000
5289.4076	1475.0000
5289.4387	1466.0000
5289.4698	1518.0000
5289.5010	1622.0000
5289.5322	1760.0000
5289.5633	1831.0000
5289.5944	1842.0000
5289.6255	1886.0000
5289.6567	2008.0000
5289.6878	2007.0000
5289.7189	2059.0000
5289.7500	2245.0000
5289.7811	2329.0000
5289.8122	2377.0000
5289.8433	2323.0000
5289.8744	2289.0000
5289.9056	2261.0000
5289.9367	2166.0000
5289.9678	2046.0000
5289.9989	1959.0000
5290.0300	1926.0000
5290.0611	1967.0000
5290.0922	2049.0000
5290.1233	2079.0000
5290.1544	2028.0000
5290.1855	1955.0000
5290.2166	1837.0000
5290.2477	1761.0000
5290.2787	1775.0000
5290.3098	1868.0000
5290.3409	1955.0000
5290.3720	2132.0000
5290.4031	2134.0000
5290.4342	2186.0000
5290.4653	2211.0000
5290.4963	2079.0000
5290.5274	1832.0000
5290.5586	1684.0000
5290.5897	1683.0000
5290.6208	1802.0000
5290.6518	1942.0000
5290.6829	2314.0000
5290.7140	2620.0000
5290.7451	2747.0000
5290.7761	2775.0000
5290.8072	2830.0000
5290.8383	2561.0000
5290.8693	2236.0000
5290.9004	2122.0000
5290.9315	2005.0000
5290.9625	1867.0000
5290.9936	1841.0000
5291.0247	1904.0000
5291.0557	1855.0000
5291.0868	1811.0000
5291.1178	1989.0000
5291.1489	2118.0000
5291.1799	2295.0000
5291.2110	2407.0000
5291.2420	2513.0000
5291.2731	2490.0000
5291.3041	2570.0000
5291.3352	2501.0000
5291.3662	2416.0000
5291.3973	2335.0000
5291.4283	2216.0000
5291.4594	2240.0000
5291.4904	2190.0000
5291.5214	2237.0000
5291.5525	2344.0000
5291.5835	2438.0000
5291.6146	2463.0000
5291.6457	2437.0000
5291.6767	2142.0000
5291.7077	1972.0000
5291.7388	1862.0000
5291.7698	1735.0000
5291.8008	1801.0000
5291.8319	1880.0000
5291.8629	1925.0000
5291.8939	1948.0000
5291.9249	1970.0000
5291.9559	1923.0000
5291.9870	1837.0000
5292.0180	1786.0000
5292.0490	1728.0000
5292.0800	1868.0000
5292.1110	1944.0000
5292.1420	1980.0000
5292.1731	2179.0000
5292.2041	2364.0000
5292.2351	2391.0000
5292.2661	2451.0000
5292.2971	2575.0000
5292.3281	2569.0000
5292.3591	2500.0000
5292.3901	2449.0000
5292.4211	2301.0000
5292.4521	2178.0000
5292.4831	2186.0000
5292.5141	2237.0000
5292.5451	2421.0000
5292.5761	2421.0000
5292.6071	2319.0000
5292.6381	2223.0000
5292.6692	2038.0000
5292.7001	1851.0000
5292.7311	1663.0000
5292.7621	1691.0000
5292.7931	1760.0000
5292.8241	1924.0000
5292.8551	2198.0000
5292.8861	2488.0000
5292.9170	2660.0000
5292.9480	2800.0000
5292.9790	2752.0000
5293.0100	2636.0000
5293.0409	2443.0000
5293.0719	2036.0000
5293.1029	1792.0000
5293.1339	1666.0000
5293.1648	1589.0000
5293.1958	1521.0000
5293.2268	1479.0000
5293.2577	1701.0000
5293.2887	1849.0000
5293.3197	2016.0000
5293.3506	2046.0000
5293.3816	2048.0000
5293.4125	2008.0000
5293.4435	1954.0000
5293.4744	1936.0000
5293.5054	1900.0000
5293.5364	1901.0000
5293.5673	1879.0000
5293.5983	1962.0000
5293.6292	2002.0000
5293.6602	2029.0000
5293.6911	2067.0000
5293.7222	2068.0000
5293.7531	1967.0000
5293.7840	1938.0000
5293.8150	1858.0000
5293.8459	1779.0000
5293.8769	1682.0000
5293.9078	1613.0000
5293.9387	1611.0000
5293.9697	1648.0000
5294.0006	1724.0000
5294.0315	1943.0000
5294.0625	2001.0000
5294.0934	2024.0000
5294.1243	2104.0000
5294.1553	2065.0000
5294.1862	2110.0000
5294.2171	2055.0000
5294.2480	2018.0000
5294.2789	2058.0000
5294.3099	1967.0000
5294.3408	1752.0000
5294.3717	1732.0000
5294.4026	1754.0000
5294.4335	1772.0000
5294.4645	1641.0000
5294.4954	1685.0000
5294.5263	1770.0000
5294.5572	1844.0000
5294.5881	1856.0000
5294.6190	1702.0000
5294.6499	1694.0000
5294.6808	1922.0000
5294.7117	1999.0000
5294.7426	2148.0000
5294.7736	2215.0000
5294.8045	2150.0000
5294.8354	2187.0000
5294.8663	2293.0000
5294.8972	2264.0000
5294.9281	2387.0000
5294.9590	2414.0000
5294.9899	2497.0000
5295.0208	2595.0000
5295.0517	2707.0000
5295.0826	2614.0000
5295.1134	2567.0000
5295.1443	2422.0000
5295.1752	2296.0000
5295.2061	2261.0000
5295.2370	2173.0000
5295.2679	2020.0000
5295.2987	1908.0000
5295.3296	1837.0000
5295.3605	1728.0000
5295.3914	1835.0000
5295.4222	2032.0000
5295.4531	2301.0000
5295.4840	2620.0000
5295.5148	2902.0000
5295.5457	3181.0000
5295.5766	3338.0000
5295.6074	3261.0000
5295.6383	3008.0000
5295.6692	2760.0000
5295.7000	2338.0000
5295.7309	1960.0000
5295.7617	1714.0000
5295.7926	1637.0000
5295.8236	1651.0000
5295.8544	1767.0000
5295.8853	1975.0000
5295.9161	2213.0000
5295.9470	2547.0000
5295.9778	2755.0000
5296.0087	2920.0000
5296.0395	2869.0000
5296.0704	2868.0000
5296.1012	2790.0000
5296.1320	2639.0000
5296.1629	2578.0000
5296.1937	2639.0000
5296.2246	2556.0000
5296.2554	2599.0000
5296.2862	2647.0000
5296.3171	2807.0000
5296.3479	2959.0000
5296.3787	2962.0000
5296.4096	2813.0000
5296.4404	2733.0000
5296.4712	2579.0000
5296.5021	2311.0000
5296.5329	2066.0000
5296.5637	1800.0000
5296.5945	1543.0000
5296.6254	1318.0000
5296.6562	1121.0000
5296.6870	1000.0000
5296.7178	972.0000
5296.7486	1029.0000
5296.7794	1151.0000
5296.8103	1298.0000
5296.8411	1389.0000
5296.8720	1566.0000
5296.9028	1793.0000
5296.9336	2000.0000
5296.9644	2098.0000
5296.9952	2266.0000
5297.0260	2256.0000
5297.0568	2155.0000
5297.0876	2090.0000
5297.1184	2095.0000
5297.1492	2014.0000
5297.1800	2013.0000
5297.2108	1813.0000
5297.2416	1783.0000
5297.2724	1831.0000
5297.3032	2002.0000
5297.3340	2201.0000
5297.3648	2363.0000
5297.3956	2513.0000
5297.4263	2568.0000
5297.4571	2704.0000
5297.4879	2688.0000
5297.5187	2745.0000
5297.5495	2766.0000
5297.5803	2700.0000
5297.6110	2721.0000
5297.6418	2796.0000
5297.6726	3010.0000
5297.7034	3112.0000
5297.7341	3043.0000
5297.7649	2990.0000
5297.7957	2880.0000
5297.8265	2736.0000
5297.8572	2623.0000
5297.8880	2542.0000
5297.9188	2324.0000
5297.9496	2067.0000
5297.9804	1925.0000
5298.0112	1983.0000
5298.0419	1985.0000
5298.0727	1987.0000
5298.1034	1923.0000
5298.1342	1875.0000
5298.1649	1725.0000
5298.1957	1538.0000
5298.2264	1191.0000
5298.2572	1165.0000
5298.2880	1101.0000
5298.3187	1089.0000
5298.3494	1091.0000
5298.3802	1100.0000
5298.4109	1189.0000
5298.4417	1277.0000
5298.4724	1411.0000
5298.5032	1630.0000
5298.5339	1797.0000
5298.5646	2030.0000
5298.5954	2168.0000
5298.6261	2367.0000
5298.6568	2406.0000
5298.6876	2483.0000
5298.7183	2550.0000
5298.7490	2622.0000
5298.7798	2619.0000
5298.8105	2540.0000
5298.8412	2460.0000
5298.8720	2438.0000
5298.9027	2294.0000
5298.9334	2240.0000
5298.9641	2282.0000
5298.9949	2331.0000
5299.0257	2484.0000
5299.0564	2640.0000
5299.0871	2626.0000
5299.1178	2519.0000
5299.1485	2522.0000
5299.1792	2455.0000
5299.2099	2493.0000
5299.2406	2648.0000
5299.2714	2773.0000
5299.3021	2900.0000
5299.3328	3025.0000
5299.3635	3022.0000
5299.3942	3034.0000
5299.4249	3003.0000
5299.4556	2977.0000
5299.4863	2851.0000
5299.5170	2727.0000
5299.5477	2650.0000
5299.5784	2592.0000
5299.6091	2621.0000
5299.6397	2723.0000
5299.6704	2747.0000
5299.7011	2795.0000
5299.7318	2671.0000
5299.7625	2513.0000
5299.7932	2276.0000
5299.8239	2003.0000
5299.8545	1924.0000
5299.8852	1885.0000
5299.9159	1892.0000
5299.9466	1902.0000
5299.9773	1987.0000
5300.0079	2077.0000
5300.0387	2076.0000
5300.0694	2196.0000
5300.1001	2248.0000
5300.1307	2380.0000
5300.1614	2543.0000
5300.1921	2732.0000
5300.2227	2947.0000
5300.2534	3004.0000
5300.2841	3025.0000
5300.3147	3037.0000
5300.3454	2925.0000
5300.3760	2800.0000
5300.4067	2652.0000
5300.4374	2565.0000
5300.4680	2447.0000
5300.4987	2319.0000
5300.5293	2276.0000
5300.5600	2142.0000
5300.5906	1919.0000
5300.6213	1785.0000
5300.6519	1714.0000
5300.6826	1731.0000
5300.7132	1583.0000
5300.7439	1520.0000
5300.7745	1502.0000
5300.8051	1458.0000
5300.8358	1627.0000
5300.8664	1860.0000
5300.8971	2016.0000
5300.9277	2185.0000
5300.9583	2385.0000
5300.9890	2458.0000
5301.0196	2513.0000
5301.0502	2473.0000
5301.0809	2392.0000
5301.1116	2280.0000
5301.1422	2330.0000
5301.1728	2563.0000
5301.2035	2606.0000
5301.2341	2638.0000
5301.2647	2677.0000
5301.2953	2633.0000
5301.3259	2482.0000
5301.3566	2422.0000
5301.3872	2522.0000
5301.4178	2530.0000
5301.4484	2556.0000
5301.4790	2540.0000
5301.5096	2405.0000
5301.5402	2224.0000
5301.5709	2087.0000
5301.6015	1940.0000
5301.6321	1929.0000
5301.6627	2128.0000
5301.6933	2276.0000
5301.7239	2405.0000
5301.7545	2455.0000
5301.7851	2510.0000
5301.8157	2531.0000
5301.8463	2391.0000
5301.8769	2253.0000
5301.9075	2060.0000
5301.9380	1918.0000
5301.9686	1830.0000
5301.9992	1963.0000
5302.0298	1987.0000
5302.0604	2111.0000
5302.0910	2417.0000
5302.1216	2579.0000
5302.1523	2605.0000
5302.1828	2608.0000
5302.2134	2570.0000
5302.2440	2620.0000
5302.2746	2565.0000
5302.3051	2494.0000
5302.3357	2433.0000
5302.3663	2437.0000
5302.3969	2503.0000
5302.4274	2471.0000
5302.4580	2509.0000
5302.4886	2463.0000
5302.5191	2383.0000
5302.5497	2291.0000
5302.5803	2333.0000
5302.6108	2391.0000
5302.6414	2549.0000
5302.6720	2664.0000
5302.7025	2815.0000
5302.7331	2812.0000
5302.7636	2682.0000
5302.7942	2623.0000
5302.8247	2468.0000
5302.8553	2379.0000
5302.8858	2299.0000
5302.9164	2440.0000
5302.9469	2633.0000
5302.9775	2872.0000
5303.0080	2946.0000
5303.0386	2963.0000
5303.0691	3113.0000
5303.0997	3123.0000
5303.1302	3071.0000
5303.1607	2845.0000
5303.1914	2585.0000
5303.2219	2332.0000
5303.2525	2073.0000
5303.2830	1902.0000
5303.3135	1930.0000
5303.3441	2047.0000
5303.3746	2214.0000
5303.4051	2448.0000
5303.4356	2513.0000
5303.4662	2580.0000
5303.4967	2668.0000
5303.5272	2705.0000
5303.5577	2801.0000
5303.5883	3005.0000
5303.6188	3081.0000
5303.6493	3230.0000
5303.6798	3271.0000
5303.7103	3228.0000
5303.7408	3046.0000
5303.7713	2929.0000
5303.8019	2691.0000
5303.8324	2577.0000
5303.8629	2666.0000
5303.8934	2778.0000
5303.9239	3053.0000
5303.9544	3250.0000
5303.9849	3338.0000
5304.0154	3402.0000
5304.0459	3310.0000
5304.0764	3277.0000
5304.1069	3122.0000
5304.1374	2891.0000
5304.1679	2836.0000
5304.1984	2756.0000
5304.2289	2716.0000
5304.2595	2722.0000
5304.2900	2909.0000
5304.3204	2930.0000
5304.3509	2865.0000
5304.3814	2884.0000
5304.4119	2837.0000
5304.4424	2740.0000
5304.4729	2483.0000
5304.5033	2336.0000
5304.5338	2233.0000
5304.5643	2088.0000
5304.5948	1983.0000
5304.6253	1903.0000
5304.6557	1858.0000
5304.6862	1754.0000
5304.7167	1723.0000
5304.7471	1718.0000
5304.7776	1777.0000
5304.8081	1846.0000
5304.8385	1843.0000
5304.8690	1841.0000
5304.8995	1891.0000
5304.9299	1751.0000
5304.9604	1826.0000
5304.9908	1909.0000
5305.0213	1818.0000
5305.0518	1796.0000
5305.0822	1778.0000
5305.1127	1779.0000
5305.1431	1673.0000
5305.1736	1669.0000
5305.2040	1593.0000
5305.2345	1553.0000
5305.2649	1576.0000
5305.2955	1542.0000
5305.3259	1544.0000
5305.3564	1510.0000
5305.3868	1639.0000
5305.4172	1742.0000
5305.4477	1829.0000
5305.4781	1941.0000
5305.5085	2020.0000
5305.5390	2051.0000
5305.5694	2228.0000
5305.5998	2309.0000
5305.6303	2334.0000
5305.6607	2345.0000
5305.6911	2366.0000
5305.7216	2243.0000
5305.7520	2160.0000
5305.7824	2086.0000
5305.8128	1981.0000
5305.8433	1897.0000
5305.8737	1794.0000
5305.9041	1558.0000
5305.9345	1464.0000
5305.9649	1388.0000
5305.9953	1309.0000
5306.0258	1307.0000
5306.0562	1225.0000
5306.0866	1273.0000
5306.1170	1385.0000
5306.1474	1453.0000
5306.1778	1445.0000
5306.2082	1516.0000
5306.2386	1529.0000
5306.2690	1434.0000
5306.2994	1476.0000
5306.3298	1575.0000
5306.3603	1551.0000
5306.3907	1520.0000
5306.4211	1506.0000
5306.4515	1507.0000
5306.4819	1428.0000
5306.5123	1405.0000
5306.5427	1442.0000
5306.5731	1433.0000
5306.6035	1407.0000
5306.6339	1371.0000
5306.6642	1440.0000
5306.6946	1529.0000
5306.7250	1470.0000
5306.7554	1492.0000
5306.7858	1535.0000
5306.8162	1439.0000
5306.8465	1382.0000
5306.8769	1428.0000
5306.9073	1592.0000
5306.9377	1529.0000
5306.9680	1521.0000
5306.9984	1503.0000
5307.0288	1411.0000
5307.0591	1393.0000
5307.0895	1433.0000
5307.1199	1361.0000
5307.1502	1309.0000
5307.1806	1261.0000
5307.2110	1280.0000
5307.2413	1346.0000
5307.2717	1291.0000
5307.3020	1304.0000
5307.3324	1284.0000
5307.3627	1297.0000
5307.3931	1349.0000
5307.4236	1387.0000
5307.4539	1415.0000
5307.4843	1373.0000
5307.5146	1401.0000
5307.5449	1397.0000
5307.5753	1358.0000
5307.6056	1345.0000
5307.6360	1343.0000
5307.6663	1257.0000
5307.6967	1198.0000
5307.7270	1161.0000
5307.7573	1298.0000
5307.7877	1237.0000
5307.8180	1253.0000
5307.8483	1309.0000
5307.8787	1446.0000
5307.9090	1449.0000
5307.9393	1405.0000
5307.9697	1357.0000
5308.0000	1420.0000
5308.0303	1331.0000
5308.0606	1374.0000
5308.0910	1483.0000
5308.1213	1454.0000
5308.1516	1377.0000
5308.1819	1404.0000
5308.2122	1519.0000
5308.2426	1481.0000
5308.2729	1544.0000
5308.3032	1606.0000
5308.3335	1546.0000
5308.3638	1549.0000
5308.3941	1512.0000
5308.4244	1493.0000
5308.4548	1469.0000
5308.4851	1475.0000
5308.5154	1536.0000
5308.5457	1525.0000
5308.5760	1528.0000
5308.6063	1502.0000
5308.6366	1493.0000
5308.6669	1390.0000
5308.6972	1346.0000
5308.7275	1228.0000
5308.7578	1287.0000
5308.7881	1362.0000
5308.8184	1544.0000
5308.8487	1491.0000
5308.8790	1438.0000
5308.9093	1428.0000
5308.9396	1409.0000
5308.9698	1404.0000
5309.0001	1393.0000
5309.0304	1443.0000
5309.0607	1474.0000
5309.0910	1446.0000
5309.1212	1397.0000
5309.1515	1448.0000
5309.1818	1389.0000
5309.2121	1320.0000
5309.2423	1353.0000
5309.2726	1284.0000
5309.3029	1360.0000
5309.3331	1321.0000
5309.3634	1326.0000
5309.3937	1452.0000
5309.4239	1518.0000
5309.4542	1591.0000
5309.4845	1537.0000
5309.5148	1513.0000
5309.5451	1401.0000
5309.5753	1416.0000
5309.6056	1416.0000
5309.6359	1467.0000
5309.6661	1467.0000
5309.6964	1484.0000
5309.7266	1455.0000
5309.7569	1468.0000
5309.7871	1489.0000
5309.8174	1562.0000
5309.8476	1586.0000
5309.8778	1547.0000
5309.9081	1526.0000
5309.9383	1497.0000
5309.9686	1437.0000
5309.9988	1531.0000
5310.0290	1570.0000
5310.0593	1530.0000
5310.0895	1522.0000
5310.1197	1554.0000
5310.1500	1613.0000
5310.1802	1558.0000
5310.2104	1548.0000
5310.2407	1489.0000
5310.2709	1511.0000
5310.3011	1517.0000
5310.3313	1423.0000
5310.3616	1445.0000
5310.3918	1490.0000
5310.4220	1524.0000
5310.4522	1518.0000
5310.4824	1421.0000
5310.5127	1533.0000
5310.5429	1489.0000
5310.5732	1446.0000
5310.6034	1416.0000
5310.6336	1438.0000
5310.6638	1449.0000
5310.6940	1316.0000
5310.7242	1348.0000
5310.7544	1428.0000
5310.7846	1388.0000
5310.8148	1357.0000
5310.8450	1330.0000
5310.8752	1277.0000
5310.9054	1386.0000
5310.9356	1396.0000
5310.9658	1287.0000
5310.9960	1272.0000
5311.0262	1302.0000
5311.0564	1330.0000
5311.0866	1404.0000
5311.1168	1476.0000
5311.1470	1450.0000
5311.1772	1476.0000
5311.2073	1525.0000
5311.2375	1556.0000
5311.2677	1491.0000
5311.2979	1445.0000
5311.3281	1403.0000
5311.3582	1361.0000
5311.3884	1379.0000
5311.4186	1351.0000
5311.4488	1319.0000
5311.4789	1356.0000
5311.5091	1340.0000
5311.5393	1336.0000
5311.5695	1395.0000
5311.5996	1482.0000
5311.6299	1534.0000
5311.6601	1513.0000
5311.6902	1548.0000
5311.7204	1570.0000
5311.7505	1487.0000
5311.7807	1583.0000
5311.8109	1501.0000
5311.8410	1463.0000
5311.8712	1381.0000
5311.9013	1476.0000
5311.9315	1510.0000
5311.9616	1382.0000
5311.9918	1393.0000
5312.0219	1418.0000
5312.0521	1450.0000
5312.0822	1428.0000
5312.1124	1448.0000
5312.1425	1488.0000
5312.1727	1493.0000
5312.2028	1517.0000
5312.2329	1518.0000
5312.2631	1472.0000
5312.2932	1512.0000
5312.3233	1560.0000
5312.3535	1579.0000
5312.3836	1484.0000
5312.4137	1503.0000
5312.4439	1493.0000
5312.4740	1483.0000
5312.5041	1512.0000
5312.5342	1506.0000
5312.5644	1670.0000
5312.5945	1554.0000
5312.6246	1586.0000
5312.6547	1630.0000
5312.6850	1630.0000
5312.7151	1562.0000
5312.7452	1482.0000
5312.7753	1601.0000
5312.8054	1647.0000
5312.8355	1528.0000
5312.8656	1472.0000
5312.8958	1491.0000
5312.9259	1514.0000
5312.9560	1596.0000
5312.9861	1689.0000
5313.0162	1759.0000
5313.0463	1791.0000
5313.0764	1776.0000
5313.1065	1781.0000
5313.1366	1789.0000
5313.1667	1726.0000
5313.1968	1643.0000
5313.2269	1731.0000
5313.2570	1661.0000
5313.2871	1564.0000
5313.3171	1526.0000
5313.3472	1561.0000
5313.3773	1466.0000
5313.4074	1456.0000
5313.4375	1501.0000
5313.4676	1495.0000
5313.4977	1524.0000
5313.5277	1528.0000
5313.5578	1522.0000
5313.5879	1587.0000
5313.6180	1558.0000
5313.6481	1507.0000
5313.6781	1523.0000
5313.7082	1455.0000
5313.7384	1471.0000
5313.7684	1487.0000
5313.7985	1457.0000
5313.8286	1478.0000
5313.8587	1507.0000
5313.8887	1621.0000
5313.9188	1667.0000
5313.9488	1662.0000
5313.9789	1642.0000
5314.0090	1656.0000
5314.0390	1616.0000
5314.0691	1584.0000
5314.0991	1544.0000
5314.1292	1509.0000
5314.1592	1575.0000
5314.1893	1619.0000
5314.2193	1569.0000
5314.2494	1578.0000
5314.2794	1651.0000
5314.3095	1652.0000
5314.3395	1583.0000
5314.3696	1481.0000
5314.3996	1629.0000
5314.4297	1596.0000
5314.4597	1590.0000
5314.4897	1588.0000
5314.5198	1654.0000
5314.5498	1676.0000
5314.5798	1631.0000
5314.6099	1777.0000
5314.6399	1750.0000
5314.6699	1785.0000
5314.7000	1727.0000
5314.7300	1664.0000
5314.7600	1708.0000
5314.7902	1827.0000
5314.8202	1719.0000
5314.8502	1670.0000
5314.8802	1702.0000
5314.9102	1670.0000
5314.9403	1627.0000
5314.9703	1573.0000
5315.0003	1708.0000
5315.0303	1641.0000
5315.0603	1594.0000
5315.0903	1620.0000
5315.1203	1665.0000
5315.1503	1665.0000
5315.1804	1666.0000
5315.2104	1724.0000
5315.2404	1815.0000
5315.2704	1832.0000
5315.3004	1846.0000
5315.3304	1910.0000
5315.3604	1920.0000
5315.3904	1923.0000
5315.4204	1918.0000
5315.4504	1891.0000
5315.4804	1750.0000
5315.5103	1697.0000
5315.5403	1621.0000
5315.5703	1672.0000
5315.6003	1657.0000
5315.6303	1653.0000
5315.6603	1741.0000
5315.6903	1804.0000
5315.7203	1774.0000
5315.7502	1743.0000
5315.7802	1762.0000
5315.8102	1771.0000
5315.8403	1783.0000
5315.8702	1769.0000
5315.9002	1803.0000
5315.9302	1740.0000
5315.9602	1653.0000
5315.9901	1633.0000
5316.0201	1644.0000
5316.0501	1717.0000
5316.0800	1788.0000
5316.1100	1783.0000
5316.1400	1837.0000
5316.1699	1945.0000
5316.1999	1946.0000
5316.2299	1911.0000
5316.2598	1817.0000
5316.2898	1789.0000
5316.3197	1681.0000
5316.3497	1713.0000
5316.3796	1659.0000
5316.4096	1598.0000
5316.4395	1552.0000
5316.4695	1596.0000
5316.4994	1699.0000
5316.5294	1797.0000
5316.5593	1788.0000
5316.5893	1745.0000
5316.6192	1676.0000
5316.6492	1710.0000
5316.6791	1759.0000
5316.7090	1779.0000
5316.7390	1769.0000
5316.7689	1848.0000
5316.7988	1879.0000
5316.8288	1991.0000
5316.8587	1975.0000
5316.8887	1928.0000
5316.9187	1953.0000
5316.9486	1995.0000
5316.9785	2000.0000
5317.0085	1887.0000
5317.0384	1754.0000
5317.0683	1693.0000
5317.0982	1643.0000
5317.1281	1602.0000
5317.1581	1540.0000
5317.1880	1408.0000
5317.2179	1519.0000
5317.2478	1456.0000
5317.2777	1512.0000
5317.3076	1688.0000
5317.3375	1683.0000
5317.3674	1749.0000
5317.3974	1773.0000
5317.4273	1715.0000
5317.4572	1855.0000
5317.4871	1937.0000
5317.5170	2027.0000
5317.5469	1920.0000
5317.5768	1853.0000
5317.6067	1808.0000
5317.6366	1712.0000
5317.6665	1571.0000
5317.6964	1495.0000
5317.7262	1405.0000
5317.7561	1422.0000
5317.7860	1428.0000
5317.8159	1463.0000
5317.8458	1482.0000
5317.8757	1499.0000
5317.9056	1526.0000
5317.9356	1710.0000
5317.9654	1819.0000
5317.9953	1806.0000
5318.0252	1866.0000
5318.0551	1881.0000
5318.0850	1877.0000
5318.1148	1807.0000
5318.1447	1760.0000
5318.1746	1627.0000
5318.2044	1669.0000
5318.2343	1685.0000
5318.2642	1651.0000
5318.2941	1792.0000
5318.3239	1827.0000
5318.3538	1748.0000
5318.3836	1778.0000
5318.4135	1842.0000
5318.4434	1819.0000
5318.4732	1798.0000
5318.5031	1772.0000
5318.5329	1803.0000
5318.5628	1783.0000
5318.5927	1719.0000
5318.6225	1698.0000
5318.6524	1760.0000
5318.6822	1821.0000
5318.7121	1812.0000
5318.7419	1913.0000
5318.7717	2017.0000
5318.8016	1900.0000
5318.8314	1835.0000
5318.8613	1834.0000
5318.8911	1820.0000
5318.9209	1738.0000
5318.9508	1632.0000
5318.9807	1645.0000
5319.0106	1659.0000
5319.0404	1682.0000
5319.0702	1677.0000
5319.1001	1732.0000
5319.1299	1788.0000
5319.1597	1730.0000
5319.1895	1813.0000
5319.2194	1746.0000
5319.2492	1671.0000
5319.2790	1758.0000
5319.3088	1741.0000
5319.3386	1779.0000
5319.3685	1707.0000
5319.3983	1693.0000
5319.4281	1645.0000
5319.4579	1641.0000
5319.4877	1575.0000
5319.5175	1611.0000
5319.5473	1558.0000
5319.5772	1632.0000
5319.6070	1634.0000
5319.6368	1696.0000
5319.6666	1801.0000
5319.6964	1805.0000
5319.7262	1765.0000
5319.7560	1718.0000
5319.7858	1789.0000
5319.8156	1676.0000
5319.8454	1680.0000
5319.8752	1758.0000
5319.9050	1688.0000
5319.9348	1556.0000
5319.9645	1556.0000
5319.9943	1568.0000
5320.0241	1656.0000
5320.0540	1700.0000
5320.0838	1659.0000
5320.1136	1744.0000
5320.1434	1751.0000
5320.1732	1806.0000
5320.2029	1774.0000
5320.2327	1858.0000
5320.2625	1878.0000
5320.2923	1927.0000
5320.3220	2112.0000
5320.3518	2154.0000
5320.3816	2231.0000
5320.4114	2228.0000
5320.4411	2179.0000
5320.4709	2060.0000
5320.5007	1888.0000
5320.5304	1719.0000
5320.5602	1663.0000
5320.5900	1627.0000
5320.6197	1524.0000
5320.6495	1466.0000
5320.6792	1479.0000
5320.7090	1438.0000
5320.7387	1514.0000
5320.7685	1538.0000
5320.7983	1616.0000
5320.8280	1784.0000
5320.8578	1709.0000
5320.8875	1756.0000
5320.9173	1865.0000
5320.9470	1891.0000
5320.9767	1751.0000
5321.0065	1680.0000
5321.0362	1675.0000
5321.0660	1611.0000
5321.0958	1537.0000
5321.1256	1541.0000
5321.1553	1600.0000
5321.1850	1605.0000
5321.2148	1603.0000
5321.2445	1550.0000
5321.2742	1517.0000
5321.3040	1572.0000
5321.3337	1666.0000
5321.3634	1654.0000
5321.3931	1724.0000
5321.4229	1678.0000
5321.4526	1753.0000
5321.4823	1807.0000
5321.5120	1811.0000
5321.5417	1766.0000
5321.5715	1729.0000
5321.6012	1636.0000
5321.6309	1671.0000
5321.6606	1750.0000
5321.6903	1820.0000
5321.7200	1763.0000
5321.7497	1747.0000
5321.7795	1721.0000
5321.8092	1654.0000
5321.8389	1601.0000
5321.8686	1594.0000
5321.8983	1624.0000
5321.9280	1648.0000
5321.9577	1673.0000
5321.9874	1701.0000
5322.0171	1749.0000
5322.0468	1815.0000
5322.0765	1832.0000
5322.1062	1753.0000
5322.1359	1638.0000
5322.1656	1652.0000
5322.1953	1682.0000
5322.2250	1710.0000
5322.2547	1740.0000
5322.2844	1799.0000
5322.3141	1880.0000
5322.3438	1800.0000
5322.3734	1722.0000
5322.4031	1665.0000
5322.4328	1674.0000
5322.4625	1679.0000
5322.4922	1665.0000
5322.5218	1659.0000
5322.5515	1646.0000
5322.5812	1693.0000
5322.6108	1639.0000
5322.6405	1722.0000
5322.6702	1710.0000
5322.6998	1785.0000
5322.7295	1772.0000
5322.7592	1741.0000
5322.7888	1764.0000
5322.8185	1751.0000
5322.8482	1750.0000
5322.8778	1660.0000
5322.9075	1645.0000
5322.9371	1719.0000
5322.9668	1763.0000
5322.9964	1709.0000
5323.0261	1697.0000
5323.0557	1727.0000
5323.0854	1750.0000
5323.1150	1724.0000
5323.1447	1736.0000
5323.1743	1742.0000
5323.2041	1791.0000
5323.2337	1879.0000
5323.2634	1939.0000
5323.2930	1977.0000
5323.3226	1963.0000
5323.3523	2021.0000
5323.3819	2100.0000
5323.4115	2084.0000
5323.4412	2085.0000
5323.4708	1967.0000
5323.5004	1888.0000
5323.5301	1856.0000
5323.5597	1771.0000
5323.5893	1726.0000
5323.6189	1751.0000
5323.6486	1746.0000
5323.6782	1743.0000
5323.7078	1711.0000
5323.7374	1689.0000
5323.7670	1776.0000
5323.7967	1875.0000
5323.8263	1954.0000
5323.8559	2058.0000
5323.8855	2060.0000
5323.9151	2133.0000
5323.9447	2050.0000
5323.9743	2000.0000
5324.0039	1922.0000
5324.0335	1752.0000
5324.0631	1790.0000
5324.0927	1728.0000
5324.1223	1644.0000
5324.1519	1678.0000
5324.1815	1721.0000
5324.2111	1622.0000
5324.2407	1655.0000
5324.2704	1683.0000
5324.3000	1791.0000
5324.3296	1766.0000
5324.3592	1785.0000
5324.3888	1876.0000
5324.4184	1962.0000
5324.4480	2055.0000
5324.4776	2088.0000
5324.5071	2021.0000
5324.5367	2057.0000
5324.5663	2153.0000
5324.5959	2091.0000
5324.6255	2110.0000
5324.6550	2054.0000
5324.6846	2039.0000
5324.7142	1934.0000
5324.7438	1808.0000
5324.7733	1730.0000
5324.8029	1815.0000
5324.8325	1794.0000
5324.8620	1813.0000
5324.8916	1896.0000
5324.9212	1942.0000
5324.9507	1954.0000
5324.9803	1965.0000
5325.0099	1923.0000
5325.0394	1859.0000
5325.0690	1859.0000
5325.0985	1894.0000
5325.1281	1941.0000
5325.1576	1875.0000
5325.1872	1878.0000
5325.2167	1913.0000
5325.2463	1966.0000
5325.2758	2050.0000
5325.3055	2053.0000
5325.3350	2022.0000
5325.3646	2042.0000
5325.3941	2063.0000
5325.4237	2009.0000
5325.4532	2039.0000
5325.4827	2068.0000
5325.5123	2001.0000
5325.5418	1958.0000
5325.5713	1952.0000
5325.6009	2059.0000
5325.6304	2018.0000
5325.6599	1906.0000
5325.6895	1960.0000
5325.7190	1966.0000
5325.7485	1969.0000
5325.7780	1903.0000
5325.8076	1941.0000
5325.8371	1950.0000
5325.8666	1996.0000
5325.8961	1982.0000
5325.9257	1959.0000
5325.9552	1916.0000
5325.9847	1842.0000
5326.0142	1875.0000
5326.0437	1762.0000
5326.0732	1721.0000
5326.1027	1768.0000
5326.1322	1817.0000
5326.1618	1780.0000
5326.1913	1800.0000
5326.2208	1906.0000
5326.2503	2009.0000
5326.2798	2104.0000
5326.3093	2152.0000
5326.3388	2231.0000
5326.3684	2248.0000
5326.3979	2244.0000
5326.4274	2124.0000
5326.4569	2154.0000
5326.4863	2019.0000
5326.5158	1851.0000
5326.5453	1719.0000
5326.5748	1580.0000
5326.6043	1591.0000
5326.6338	1644.0000
5326.6633	1647.0000
5326.6928	1656.0000
5326.7222	1705.0000
5326.7517	1686.0000
5326.7812	1712.0000
5326.8107	1733.0000
5326.8401	1777.0000
5326.8696	1859.0000
5326.8991	1982.0000
5326.9286	2107.0000
5326.9580	2175.0000
5326.9875	2346.0000
5327.0170	2321.0000
5327.0464	2209.0000
5327.0759	2189.0000
5327.1054	2029.0000
5327.1348	1911.0000
5327.1643	1843.0000
5327.1938	1826.0000
5327.2232	1855.0000
5327.2527	1934.0000
5327.2821	2037.0000
5327.3116	1956.0000
5327.3410	1955.0000
5327.3705	1903.0000
5327.3999	1810.0000
5327.4295	1685.0000
5327.4589	1567.0000
5327.4884	1498.0000
5327.5178	1496.0000
5327.5473	1522.0000
5327.5767	1559.0000
5327.6061	1542.0000
5327.6356	1648.0000
5327.6650	1601.0000
5327.6945	1478.0000
5327.7239	1498.0000
5327.7533	1349.0000
5327.7828	1272.0000
5327.8122	1153.0000
5327.8416	1072.0000
5327.8710	961.0000
5327.9005	915.0000
5327.9299	714.0000
5327.9593	676.0000
5327.9887	650.0000
5328.0182	631.0000
5328.0476	699.0000
5328.0770	718.0000
5328.1064	724.0000
5328.1358	766.0000
5328.1653	850.0000
5328.1947	969.0000
5328.2241	1039.0000
5328.2535	1214.0000
5328.2829	1336.0000
5328.3123	1380.0000
5328.3417	1532.0000
5328.3711	1526.0000
5328.4005	1525.0000
5328.4299	1365.0000
5328.4594	1391.0000
5328.4888	1257.0000
5328.5182	1165.0000
5328.5476	1127.0000
5328.5770	1096.0000
5328.6064	1158.0000
5328.6358	1196.0000
5328.6652	1251.0000
5328.6946	1273.0000
5328.7240	1302.0000
5328.7534	1468.0000
5328.7827	1540.0000
5328.8121	1534.0000
5328.8415	1654.0000
5328.8709	1787.0000
5328.9003	1928.0000
5328.9297	2147.0000
5328.9590	2168.0000
5328.9884	2242.0000
5329.0178	2272.0000
5329.0472	2106.0000
5329.0765	1984.0000
5329.1059	1885.0000
5329.1353	1745.0000
5329.1646	1666.0000
5329.1940	1673.0000
5329.2234	1705.0000
5329.2527	1685.0000
5329.2821	1736.0000
5329.3115	1750.0000
5329.3408	1893.0000
5329.3702	1886.0000
5329.3995	1886.0000
5329.4289	1858.0000
5329.4582	1876.0000
5329.4876	1850.0000
5329.5171	1846.0000
5329.5464	1860.0000
5329.5758	1807.0000
5329.6051	1842.0000
5329.6344	1901.0000
5329.6638	1924.0000
5329.6931	1819.0000
5329.7225	1807.0000
5329.7518	1783.0000
5329.7812	1784.0000
5329.8105	1774.0000
5329.8398	1911.0000
5329.8692	1870.0000
5329.8985	1881.0000
5329.9278	1907.0000
5329.9572	1976.0000
5329.9865	2005.0000
5330.0158	2031.0000
5330.0452	2110.0000
5330.0745	2085.0000
5330.1038	2094.0000
5330.1331	2010.0000
5330.1624	1996.0000
5330.1918	1956.0000
5330.2211	1868.0000
5330.2504	1844.0000
5330.2797	1903.0000
5330.3090	1872.0000
5330.3383	1793.0000
5330.3677	1789.0000
5330.3970	1829.0000
5330.4263	1844.0000
5330.4556	1818.0000
5330.4849	1761.0000
5330.5142	1778.0000
5330.5435	1790.0000
5330.5729	1859.0000
5330.6022	1923.0000
5330.6315	1936.0000
5330.6608	1910.0000
5330.6901	1888.0000
5330.7194	1905.0000
5330.7487	1807.0000
5330.7780	1823.0000
5330.8073	1756.0000
5330.8366	1779.0000
5330.8659	1751.0000
5330.8951	1807.0000
5330.9244	1760.0000
5330.9537	1783.0000
5330.9830	1770.0000
5331.0123	1767.0000
5331.0416	1693.0000
5331.0708	1719.0000
5331.1001	1741.0000
5331.1294	1902.0000
5331.1587	1943.0000
5331.1879	1957.0000
5331.2172	2027.0000
5331.2465	2147.0000
5331.2758	2130.0000
5331.3050	2095.0000
5331.3343	2015.0000
5331.3636	1962.0000
5331.3928	1886.0000
5331.4221	1882.0000
5331.4513	1818.0000
5331.4806	1807.0000
5331.5099	1805.0000
5331.5391	1802.0000
5331.5684	1778.0000
5331.5976	1799.0000
5331.6270	1742.0000
5331.6562	1712.0000
5331.6855	1721.0000
5331.7147	1700.0000
5331.7440	1832.0000
5331.7732	1901.0000
5331.8025	1924.0000
5331.8317	2027.0000
5331.8610	2090.0000
5331.8902	2032.0000
5331.9194	1977.0000
5331.9487	2050.0000
5331.9779	2091.0000
5332.0072	1994.0000
5332.0364	1926.0000
5332.0656	2004.0000
5332.0949	2035.0000
5332.1241	2004.0000
5332.1533	2004.0000
5332.1825	2044.0000
5332.2118	1972.0000
5332.2410	1946.0000
5332.2702	1931.0000
5332.2994	1883.0000
5332.3287	1842.0000
5332.3579	1658.0000
5332.3871	1546.0000
5332.4163	1479.0000
5332.4455	1416.0000
5332.4747	1331.0000
5332.5039	1280.0000
5332.5332	1300.0000
5332.5624	1287.0000
5332.5916	1331.0000
5332.6208	1355.0000
5332.6500	1341.0000
5332.6793	1360.0000
5332.7085	1434.0000
5332.7377	1502.0000
5332.7669	1415.0000
5332.7961	1435.0000
5332.8253	1478.0000
5332.8545	1528.0000
5332.8837	1422.0000
5332.9129	1308.0000
5332.9421	1384.0000
5332.9713	1418.0000
5333.0004	1356.0000
5333.0296	1392.0000
5333.0588	1370.0000
5333.0880	1409.0000
5333.1172	1431.0000
5333.1464	1477.0000
5333.1755	1516.0000
5333.2047	1593.0000
5333.2339	1614.0000
5333.2631	1559.0000
5333.2923	1628.0000
5333.3214	1706.0000
5333.3506	1686.0000
5333.3798	1610.0000
5333.4089	1628.0000
5333.4381	1617.0000
5333.4673	1691.0000
5333.4964	1654.0000
5333.5256	1659.0000
5333.5548	1716.0000
5333.5839	1693.0000
5333.6131	1638.0000
5333.6423	1573.0000
5333.6714	1538.0000
5333.7006	1510.0000
5333.7298	1408.0000
5333.7590	1356.0000
5333.7881	1335.0000
5333.8173	1355.0000
5333.8464	1385.0000
5333.8756	1338.0000
5333.9047	1311.0000
5333.9339	1286.0000
5333.9630	1333.0000
5333.9921	1294.0000
5334.0213	1311.0000
5334.0504	1360.0000
5334.0796	1400.0000
5334.1087	1364.0000
5334.1378	1323.0000
5334.1670	1396.0000
5334.1961	1382.0000
5334.2252	1284.0000
5334.2544	1268.0000
5334.2835	1245.0000
5334.3126	1222.0000
5334.3417	1241.0000
5334.3709	1249.0000
5334.4000	1262.0000
5334.4291	1248.0000
5334.4582	1326.0000
5334.4874	1273.0000
5334.5165	1230.0000
5334.5456	1253.0000
5334.5747	1279.0000
5334.6038	1292.0000
5334.6329	1339.0000
5334.6620	1284.0000
5334.6911	1237.0000
5334.7203	1215.0000
5334.7494	1169.0000
5334.7786	1226.0000
5334.8077	1280.0000
5334.8368	1271.0000
5334.8659	1280.0000
5334.8950	1300.0000
5334.9241	1255.0000
5334.9532	1301.0000
5334.9823	1372.0000
5335.0114	1373.0000
5335.0404	1473.0000
5335.0695	1472.0000
5335.0986	1502.0000
5335.1277	1402.0000
5335.1568	1471.0000
5335.1859	1512.0000
5335.2150	1484.0000
5335.2441	1446.0000
5335.2731	1459.0000
5335.3022	1393.0000
5335.3313	1317.0000
5335.3604	1295.0000
5335.3895	1332.0000
5335.4185	1309.0000
5335.4476	1253.0000
5335.4767	1226.0000
5335.5057	1283.0000
5335.5348	1291.0000
5335.5639	1263.0000
5335.5929	1378.0000
5335.6220	1370.0000
5335.6511	1363.0000
5335.6801	1337.0000
5335.7092	1388.0000
5335.7383	1390.0000
5335.7673	1358.0000
5335.7964	1374.0000
5335.8255	1355.0000
5335.8546	1310.0000
5335.8836	1422.0000
5335.9127	1436.0000
5335.9417	1385.0000
5335.9708	1297.0000
5335.9998	1268.0000
5336.0289	1187.0000
5336.0579	1166.0000
5336.0870	1177.0000
5336.1160	1209.0000
5336.1450	1158.0000
5336.1741	1152.0000
5336.2031	1168.0000
5336.2322	1165.0000
5336.2612	1267.0000
5336.2902	1262.0000
5336.3193	1242.0000
5336.3483	1220.0000
5336.3773	1223.0000
5336.4064	1287.0000
5336.4354	1250.0000
5336.4644	1285.0000
5336.4934	1266.0000
5336.5224	1232.0000
5336.5515	1188.0000
5336.5805	1201.0000
5336.6095	1103.0000
5336.6385	1028.0000
5336.6675	1063.0000
5336.6966	1078.0000
5336.7256	1090.0000
5336.7546	1095.0000
5336.7836	1071.0000
5336.8126	1072.0000
5336.8416	1096.0000
5336.8706	1174.0000
5336.8997	1108.0000
5336.9287	1136.0000
5336.9577	1140.0000
5336.9867	1118.0000
5337.0157	1139.0000
5337.0447	1098.0000
5337.0737	1188.0000
5337.1027	1186.0000
5337.1317	1082.0000
5337.1607	1038.0000
5337.1897	1028.0000
5337.2187	1056.0000
5337.2477	1050.0000
5337.2766	1081.0000
5337.3056	1115.0000
5337.3346	1105.0000
5337.3636	1081.0000
5337.3926	1104.0000
5337.4216	1148.0000
5337.4505	1122.0000
5337.4795	1119.0000
5337.5085	1115.0000
5337.5375	1188.0000
5337.5664	1171.0000
5337.5954	1164.0000
5337.6244	1174.0000
5337.6534	1200.0000
5337.6823	1278.0000
5337.7113	1198.0000
5337.7402	1141.0000
5337.7692	1130.0000
5337.7982	1159.0000
5337.8271	1162.0000
5337.8561	1144.0000
5337.8851	1152.0000
5337.9140	1173.0000
5337.9431	1186.0000
5337.9720	1184.0000
5338.0010	1126.0000
5338.0299	1121.0000
5338.0589	1101.0000
5338.0878	1091.0000
5338.1168	1104.0000
5338.1457	1134.0000
5338.1747	1066.0000
5338.2036	1057.0000
5338.2325	1058.0000
5338.2615	1012.0000
5338.2904	971.0000
5338.3194	968.0000
5338.3483	953.0000
5338.3772	955.0000
5338.4062	964.0000
5338.4351	977.0000
5338.4640	958.0000
5338.4929	1030.0000
5338.5219	1028.0000
5338.5508	960.0000
5338.5797	933.0000
5338.6086	909.0000
5338.6376	909.0000
5338.6665	930.0000
5338.6954	972.0000
5338.7243	989.0000
5338.7532	987.0000
5338.7822	962.0000
5338.8111	983.0000
5338.8400	994.0000
5338.8689	987.0000
5338.8978	1026.0000
5338.9267	1004.0000
5338.9556	919.0000
5338.9846	855.0000
5339.0135	840.0000
5339.0424	834.0000
5339.0713	786.0000
5339.1002	792.0000
5339.1291	823.0000
5339.1580	825.0000
5339.1869	808.0000
5339.2158	775.0000
