R_Cam.28
6430.7820	2499.0000
6430.8206	3781.0000
6430.8593	3958.0000
6430.8980	4147.0000
6430.9366	4365.0000
6430.9753	4620.0000
6431.0139	4577.0000
6431.0526	4559.0000
6431.0912	4588.0000
6431.1299	4376.0000
6431.1685	5891.0000
6431.2072	5980.0000
6431.2458	6045.0000
6431.2845	6153.0000
6431.3231	6094.0000
6431.3617	6091.0000
6431.4004	6087.0000
6431.4390	6115.0000
6431.4776	6240.0000
6431.5163	6468.0000
6431.5549	6504.0000
6431.5935	6353.0000
6431.6322	6128.0000
6431.6708	5970.0000
6431.7094	5661.0000
6431.7481	5577.0000
6431.7867	5444.0000
6431.8254	5329.0000
6431.8640	5369.0000
6431.9026	5245.0000
6431.9412	5339.0000
6431.9798	5412.0000
6432.0184	5453.0000
6432.0570	5631.0000
6432.0957	5796.0000
6432.1343	5935.0000
6432.1729	6074.0000
6432.2115	6172.0000
6432.2501	6263.0000
6432.2887	6348.0000
6432.3273	6406.0000
6432.3659	6463.0000
6432.4045	6447.0000
6432.4430	6659.0000
6432.4816	6706.0000
6432.5202	6714.0000
6432.5588	6633.0000
6432.5974	6457.0000
6432.6360	6247.0000
6432.6746	6004.0000
6432.7132	5933.0000
6432.7517	5860.0000
6432.7904	5700.0000
6432.8290	5679.0000
6432.8676	5761.0000
6432.9061	5931.0000
6432.9447	6176.0000
6432.9833	6594.0000
6433.0218	6804.0000
6433.0604	6828.0000
6433.0990	6804.0000
6433.1375	6776.0000
6433.1761	6674.0000
6433.2147	6757.0000
6433.2532	6740.0000
6433.2918	6646.0000
6433.3303	6415.0000
6433.3689	6339.0000
6433.4074	6241.0000
6433.4460	6384.0000
6433.4845	6220.0000
6433.5231	6298.0000
6433.5616	6304.0000
6433.6002	6231.0000
6433.6387	6012.0000
6433.6773	5760.0000
6433.7158	5630.0000
6433.7543	5760.0000
6433.7929	5935.0000
6433.8314	6175.0000
6433.8700	6647.0000
6433.9086	6877.0000
6433.9471	7159.0000
6433.9856	7241.0000
6434.0241	7362.0000
6434.0627	7562.0000
6434.1012	7695.0000
6434.1397	7769.0000
6434.1782	7895.0000
6434.2167	7763.0000
6434.2553	7608.0000
6434.2938	7432.0000
6434.3323	7049.0000
6434.3708	6721.0000
6434.4093	6571.0000
6434.4478	6570.0000
6434.4863	6635.0000
6434.5248	6550.0000
6434.5633	6543.0000
6434.6018	6487.0000
6434.6403	6227.0000
6434.6788	6048.0000
6434.7173	5928.0000
6434.7558	5535.0000
6434.7943	5434.0000
6434.8328	5206.0000
6434.8713	4921.0000
6434.9099	4665.0000
6434.9484	4436.0000
6434.9869	4200.0000
6435.0253	4382.0000
6435.0638	4595.0000
6435.1023	4676.0000
6435.1408	4748.0000
6435.1793	5030.0000
6435.2177	5212.0000
6435.2562	5358.0000
6435.2947	5650.0000
6435.3331	5867.0000
6435.3716	6130.0000
6435.4101	6271.0000
6435.4485	6508.0000
6435.4870	6607.0000
6435.5255	6801.0000
6435.5639	6801.0000
6435.6024	6699.0000
6435.6408	6522.0000
6435.6793	6415.0000
6435.7178	6375.0000
6435.7562	6508.0000
6435.7947	6643.0000
6435.8331	6884.0000
6435.8716	7076.0000
6435.9100	7309.0000
6435.9485	7423.0000
6435.9870	7436.0000
6436.0254	7392.0000
6436.0639	7209.0000
6436.1023	7117.0000
6436.1407	7191.0000
6436.1792	7181.0000
6436.2176	7279.0000
6436.2560	7556.0000
6436.2945	8039.0000
6436.3329	8395.0000
6436.3713	8862.0000
6436.4097	9152.0000
6436.4482	9340.0000
6436.4866	9069.0000
6436.5250	8496.0000
6436.5634	7916.0000
6436.6018	7391.0000
6436.6403	6868.0000
6436.6787	6558.0000
6436.7171	6444.0000
6436.7555	6453.0000
6436.7939	6508.0000
6436.8323	6631.0000
6436.8707	6799.0000
6436.9091	7047.0000
6436.9475	7428.0000
6436.9859	7609.0000
6437.0244	7526.0000
6437.0628	7480.0000
6437.1012	7288.0000
6437.1396	7157.0000
6437.1780	7324.0000
6437.2164	7561.0000
6437.2548	7879.0000
6437.2932	8268.0000
6437.3315	8645.0000
6437.3699	9020.0000
6437.4083	9048.0000
6437.4467	9042.0000
6437.4851	8933.0000
6437.5234	8547.0000
6437.5618	8010.0000
6437.6002	7584.0000
6437.6386	7155.0000
6437.6769	7037.0000
6437.7153	6797.0000
6437.7537	6829.0000
6437.7920	6934.0000
6437.8304	6944.0000
6437.8688	6945.0000
6437.9071	6890.0000
6437.9455	7045.0000
6437.9838	7316.0000
6438.0222	7622.0000
6438.0606	7942.0000
6438.0990	8310.0000
6438.1373	8434.0000
6438.1757	8556.0000
6438.2140	8493.0000
6438.2524	8481.0000
6438.2907	8190.0000
6438.3291	8093.0000
6438.3674	7980.0000
6438.4058	7968.0000
6438.4441	7987.0000
6438.4824	7882.0000
6438.5208	7797.0000
6438.5591	7753.0000
6438.5974	7842.0000
6438.6358	7892.0000
6438.6741	7651.0000
6438.7124	7476.0000
6438.7507	7325.0000
6438.7891	7233.0000
6438.8274	6923.0000
6438.8657	6679.0000
6438.9040	6534.0000
6438.9423	6331.0000
6438.9806	6145.0000
6439.0190	6021.0000
6439.0573	6040.0000
6439.0956	6202.0000
6439.1340	6558.0000
6439.1723	7117.0000
6439.2106	7729.0000
6439.2489	8144.0000
6439.2872	8426.0000
6439.3255	8686.0000
6439.3638	8828.0000
6439.4021	8913.0000
6439.4404	8969.0000
6439.4787	9238.0000
6439.5170	9337.0000
6439.5553	9387.0000
6439.5936	9487.0000
6439.6318	9375.0000
6439.6701	9126.0000
6439.7084	8692.0000
6439.7467	8007.0000
6439.7850	7476.0000
6439.8233	7195.0000
6439.8615	6980.0000
6439.8998	6915.0000
6439.9381	6991.0000
6439.9764	7055.0000
6440.0146	7138.0000
6440.0529	7343.0000
6440.0912	7604.0000
6440.1294	7735.0000
6440.1678	7873.0000
6440.2061	8037.0000
6440.2443	8037.0000
6440.2826	8115.0000
6440.3208	8341.0000
6440.3591	8425.0000
6440.3973	8461.0000
6440.4356	8308.0000
6440.4739	8436.0000
6440.5121	8562.0000
6440.5503	8615.0000
6440.5886	8668.0000
6440.6268	8690.0000
6440.6651	8778.0000
6440.7033	8791.0000
6440.7416	8735.0000
6440.7798	8776.0000
6440.8180	8679.0000
6440.8563	8511.0000
6440.8945	8387.0000
6440.9327	8237.0000
6440.9710	8177.0000
6441.0092	8363.0000
6441.0474	8633.0000
6441.0856	9007.0000
6441.1239	9256.0000
6441.1621	9246.0000
6441.2003	9071.0000
6441.2386	8964.0000
6441.2768	8776.0000
6441.3151	8564.0000
6441.3533	8433.0000
6441.3915	8437.0000
6441.4297	8380.0000
6441.4679	8557.0000
6441.5061	8786.0000
6441.5443	9071.0000
6441.5825	9257.0000
6441.6207	9559.0000
6441.6589	9862.0000
6441.6971	10064.0000
6441.7353	10386.0000
6441.7735	10674.0000
6441.8117	10608.0000
6441.8499	10656.0000
6441.8881	10316.0000
6441.9263	9645.0000
6441.9645	9012.0000
6442.0027	8238.0000
6442.0408	7770.0000
6442.0790	7560.0000
6442.1172	7882.0000
6442.1554	8223.0000
6442.1936	8669.0000
6442.2317	9219.0000
6442.2700	9564.0000
6442.3082	9735.0000
6442.3464	9836.0000
6442.3845	9932.0000
6442.4227	9955.0000
6442.4609	9847.0000
6442.4990	9566.0000
6442.5372	9182.0000
6442.5753	8910.0000
6442.6135	8598.0000
6442.6517	8593.0000
6442.6898	8541.0000
6442.7280	8661.0000
6442.7661	8903.0000
6442.8043	9178.0000
6442.8424	9167.0000
6442.8806	9307.0000
6442.9187	9656.0000
6442.9569	10044.0000
6442.9950	10147.0000
6443.0331	10143.0000
6443.0713	9986.0000
6443.1094	9649.0000
6443.1476	9215.0000
6443.1857	8940.0000
6443.2238	8774.0000
6443.2620	9072.0000
6443.3001	9521.0000
6443.3383	9807.0000
6443.3765	10058.0000
6443.4146	10277.0000
6443.4527	10212.0000
6443.4908	10280.0000
6443.5289	10438.0000
6443.5671	10658.0000
6443.6052	11051.0000
6443.6433	11303.0000
6443.6814	11045.0000
6443.7195	10662.0000
6443.7576	9921.0000
6443.7957	9345.0000
6443.8338	8603.0000
6443.8720	8172.0000
6443.9101	8269.0000
6443.9482	8296.0000
6443.9863	8524.0000
6444.0244	8825.0000
6444.0625	9260.0000
6444.1006	9438.0000
6444.1386	9658.0000
6444.1767	9645.0000
6444.2148	9433.0000
6444.2529	9123.0000
6444.2910	8835.0000
6444.3291	8619.0000
6444.3673	8670.0000
6444.4054	8602.0000
6444.4434	8722.0000
6444.4815	9177.0000
6444.5196	9767.0000
6444.5577	10386.0000
6444.5958	10921.0000
6444.6338	11435.0000
6444.6719	11759.0000
6444.7100	11873.0000
6444.7480	12048.0000
6444.7861	12166.0000
6444.8242	12110.0000
6444.8622	12264.0000
6444.9003	12203.0000
6444.9383	11629.0000
6444.9764	10986.0000
6445.0145	10072.0000
6445.0525	9333.0000
6445.0906	8669.0000
6445.1286	8227.0000
6445.1667	8061.0000
6445.2047	8079.0000
6445.2428	8182.0000
6445.2808	8325.0000
6445.3189	8417.0000
6445.3569	8756.0000
6445.3949	8899.0000
6445.4331	9206.0000
6445.4711	9472.0000
6445.5092	9542.0000
6445.5472	9759.0000
6445.5852	9813.0000
6445.6232	9789.0000
6445.6613	9704.0000
6445.6993	9825.0000
6445.7373	9938.0000
6445.7754	10017.0000
6445.8134	10213.0000
6445.8514	10421.0000
6445.8894	10829.0000
6445.9274	11213.0000
6445.9655	11364.0000
6446.0035	11535.0000
6446.0415	11763.0000
6446.0795	11700.0000
6446.1175	11648.0000
6446.1555	11275.0000
6446.1935	10845.0000
6446.2315	10150.0000
6446.2695	9363.0000
6446.3075	8621.0000
6446.3455	8166.0000
6446.3835	7656.0000
6446.4215	7431.0000
6446.4595	7258.0000
6446.4976	7106.0000
6446.5356	7106.0000
6446.5736	7210.0000
6446.6116	7402.0000
6446.6496	7503.0000
6446.6875	7717.0000
6446.7255	7759.0000
6446.7635	7838.0000
6446.8015	7893.0000
6446.8395	7966.0000
6446.8774	8135.0000
6446.9154	8427.0000
6446.9534	8762.0000
6446.9914	9117.0000
6447.0293	9299.0000
6447.0673	9547.0000
6447.1053	9758.0000
6447.1432	9849.0000
6447.1812	9995.0000
6447.2192	10084.0000
6447.2571	10154.0000
6447.2951	10258.0000
6447.3330	10301.0000
6447.3710	10072.0000
6447.4089	9908.0000
6447.4469	9706.0000
6447.4848	9319.0000
6447.5229	9051.0000
6447.5608	8799.0000
6447.5988	8399.0000
6447.6367	8053.0000
6447.6747	7772.0000
6447.7126	7350.0000
6447.7506	7160.0000
6447.7885	7131.0000
6447.8264	6903.0000
6447.8644	6724.0000
6447.9023	6768.0000
6447.9402	6683.0000
6447.9782	6582.0000
6448.0161	6561.0000
6448.0540	6517.0000
6448.0919	6576.0000
6448.1299	6623.0000
6448.1678	6827.0000
6448.2057	7068.0000
6448.2436	7283.0000
6448.2815	7583.0000
6448.3195	7946.0000
6448.3574	8294.0000
6448.3953	8569.0000
6448.4332	8831.0000
6448.4711	8935.0000
6448.5090	8894.0000
6448.5469	9002.0000
6448.5849	9314.0000
6448.6228	9514.0000
6448.6607	9822.0000
6448.6986	10001.0000
6448.7365	9896.0000
6448.7744	9899.0000
6448.8123	9722.0000
6448.8502	9429.0000
6448.8881	9095.0000
6448.9260	8725.0000
6448.9639	8279.0000
6449.0017	8160.0000
6449.0396	8144.0000
6449.0775	8292.0000
6449.1154	8443.0000
6449.1533	8606.0000
6449.1911	8738.0000
6449.2290	8686.0000
6449.2669	8587.0000
6449.3048	8560.0000
6449.3426	8345.0000
6449.3805	8278.0000
6449.4184	8042.0000
6449.4562	7969.0000
6449.4941	8067.0000
6449.5320	8140.0000
6449.5698	8312.0000
6449.6077	8777.0000
6449.6456	9218.0000
6449.6835	9353.0000
6449.7213	9538.0000
6449.7592	9450.0000
6449.7971	9453.0000
6449.8349	9400.0000
6449.8727	9416.0000
6449.9106	9639.0000
6449.9484	10236.0000
6449.9863	10715.0000
6450.0241	10986.0000
6450.0620	10940.0000
6450.0998	10917.0000
6450.1376	10493.0000
6450.1755	9876.0000
6450.2133	9260.0000
6450.2511	8832.0000
6450.2890	8515.0000
6450.3268	8425.0000
6450.3646	8487.0000
6450.4024	8924.0000
6450.4403	9387.0000
6450.4781	9878.0000
6450.5159	10279.0000
6450.5537	10289.0000
6450.5915	10100.0000
6450.6294	9860.0000
6450.6672	9419.0000
6450.7051	8978.0000
6450.7429	8493.0000
6450.7807	8345.0000
6450.8185	8342.0000
6450.8563	8521.0000
6450.8941	8757.0000
6450.9319	9240.0000
6450.9697	9756.0000
6451.0075	10189.0000
6451.0453	10776.0000
6451.0831	11191.0000
6451.1209	11218.0000
6451.1587	11203.0000
6451.1965	10981.0000
6451.2343	10649.0000
6451.2721	10272.0000
6451.3099	10142.0000
6451.3476	9855.0000
6451.3854	9751.0000
6451.4232	9601.0000
6451.4610	9419.0000
6451.4988	9161.0000
6451.5365	8897.0000
6451.5743	8782.0000
6451.6121	8825.0000
6451.6499	8781.0000
6451.6876	8886.0000
6451.7254	8960.0000
6451.7633	9129.0000
6451.8010	9156.0000
6451.8388	9270.0000
6451.8766	9316.0000
6451.9143	9281.0000
6451.9521	9413.0000
6451.9898	9323.0000
6452.0276	9203.0000
6452.0653	8924.0000
6452.1031	8717.0000
6452.1408	8387.0000
6452.1786	8269.0000
6452.2163	8240.0000
6452.2541	8429.0000
6452.2918	8658.0000
6452.3296	8945.0000
6452.3673	9163.0000
6452.4050	9568.0000
6452.4428	9942.0000
6452.4805	10101.0000
6452.5182	10385.0000
6452.5560	10464.0000
6452.5937	10646.0000
6452.6314	10675.0000
6452.6692	10592.0000
6452.7069	10652.0000
6452.7446	10808.0000
6452.7823	10673.0000
6452.8202	10565.0000
6452.8579	10253.0000
6452.8956	9972.0000
6452.9333	9804.0000
6452.9710	9740.0000
6453.0087	9796.0000
6453.0464	9938.0000
6453.0842	10021.0000
6453.1219	9981.0000
6453.1596	9778.0000
6453.1973	9424.0000
6453.2350	9399.0000
6453.2727	9270.0000
6453.3104	9326.0000
6453.3481	9406.0000
6453.3858	9441.0000
6453.4235	9200.0000
6453.4612	9001.0000
6453.4989	8568.0000
6453.5365	8437.0000
6453.5742	8183.0000
6453.6119	8324.0000
6453.6496	8606.0000
6453.6873	8961.0000
6453.7250	9523.0000
6453.7626	10205.0000
6453.8003	11025.0000
6453.8381	11487.0000
6453.8758	11995.0000
6453.9134	12247.0000
6453.9511	11977.0000
6453.9888	11404.0000
6454.0265	10968.0000
6454.0641	10355.0000
6454.1018	10086.0000
6454.1395	9920.0000
6454.1771	9868.0000
6454.2148	10054.0000
6454.2524	10202.0000
6454.2901	10328.0000
6454.3277	10420.0000
6454.3654	10496.0000
6454.4031	10405.0000
6454.4407	10326.0000
6454.4784	10122.0000
6454.5160	9987.0000
6454.5536	9703.0000
6454.5913	9427.0000
6454.6289	9164.0000
6454.6666	9151.0000
6454.7042	9048.0000
6454.7419	9070.0000
6454.7795	9182.0000
6454.8171	9295.0000
6454.8548	9344.0000
6454.8925	9407.0000
6454.9301	9389.0000
6454.9677	9543.0000
6455.0054	9875.0000
6455.0430	10420.0000
6455.0806	10802.0000
6455.1182	11340.0000
6455.1559	11766.0000
6455.1935	11653.0000
6455.2311	11575.0000
6455.2687	11501.0000
6455.3063	11169.0000
6455.3439	10933.0000
6455.3815	10579.0000
6455.4192	10234.0000
6455.4568	10012.0000
6455.4944	9695.0000
6455.5320	9576.0000
6455.5696	9653.0000
6455.6072	9699.0000
6455.6448	9869.0000
6455.6824	9958.0000
6455.7200	10086.0000
6455.7576	10616.0000
6455.7951	10865.0000
6455.8327	11115.0000
6455.8703	11425.0000
6455.9079	11165.0000
6455.9456	10970.0000
6455.9832	10534.0000
6456.0208	10123.0000
6456.0583	9621.0000
6456.0959	9361.0000
6456.1335	9033.0000
6456.1711	9012.0000
6456.2086	9048.0000
6456.2462	8977.0000
6456.2838	9037.0000
6456.3214	8999.0000
6456.3589	9136.0000
6456.3965	9267.0000
6456.4341	9443.0000
6456.4716	9706.0000
6456.5092	10022.0000
6456.5467	10366.0000
6456.5843	10819.0000
6456.6219	11023.0000
6456.6594	11379.0000
6456.6970	11497.0000
6456.7345	11632.0000
6456.7721	11865.0000
6456.8096	12153.0000
6456.8472	12436.0000
6456.8847	12656.0000
6456.9222	12748.0000
6456.9598	12876.0000
6456.9974	12766.0000
6457.0350	12112.0000
6457.0725	11399.0000
6457.1100	10780.0000
6457.1476	10386.0000
6457.1851	10515.0000
6457.2226	11189.0000
6457.2602	11724.0000
6457.2977	12110.0000
6457.3352	12555.0000
6457.3727	12559.0000
6457.4103	12383.0000
6457.4478	11855.0000
6457.4853	11329.0000
6457.5228	10673.0000
6457.5603	10088.0000
6457.5978	9632.0000
6457.6354	9312.0000
6457.6729	8860.0000
6457.7104	8775.0000
6457.7479	8726.0000
6457.7854	8799.0000
6457.8229	9085.0000
6457.8604	9435.0000
6457.8979	9845.0000
6457.9354	10392.0000
6457.9729	10857.0000
6458.0104	11215.0000
6458.0480	11634.0000
6458.0855	11653.0000
6458.1230	11680.0000
6458.1605	11634.0000
6458.1979	11381.0000
6458.2354	11260.0000
6458.2729	10792.0000
6458.3104	10506.0000
6458.3479	10346.0000
6458.3854	10188.0000
6458.4228	10165.0000
6458.4603	10301.0000
6458.4978	10511.0000
6458.5353	10576.0000
6458.5727	10765.0000
6458.6102	10925.0000
6458.6477	11159.0000
6458.6851	11544.0000
6458.7226	12128.0000
6458.7601	12793.0000
6458.7975	13329.0000
6458.8350	13837.0000
6458.8724	13936.0000
6458.9099	13586.0000
6458.9474	12835.0000
6458.9848	11974.0000
6459.0223	11054.0000
6459.0597	10453.0000
6459.0972	10024.0000
6459.1347	9889.0000
6459.1721	10037.0000
6459.2096	10111.0000
6459.2470	10298.0000
6459.2845	10477.0000
6459.3219	10634.0000
6459.3594	10819.0000
6459.3968	10876.0000
6459.4342	11241.0000
6459.4717	11364.0000
6459.5091	11679.0000
6459.5465	11965.0000
6459.5839	11910.0000
6459.6214	11614.0000
6459.6588	11019.0000
6459.6962	10752.0000
6459.7336	10337.0000
6459.7711	10195.0000
6459.8085	10275.0000
6459.8459	10576.0000
6459.8833	10691.0000
6459.9207	10877.0000
6459.9581	11052.0000
6459.9955	11087.0000
6460.0329	11178.0000
6460.0703	11375.0000
6460.1078	11559.0000
6460.1452	11918.0000
6460.1827	12202.0000
6460.2201	12617.0000
6460.2575	12885.0000
6460.2949	13139.0000
6460.3322	13338.0000
6460.3696	13340.0000
6460.4070	13187.0000
6460.4444	12540.0000
6460.4818	12019.0000
6460.5192	11594.0000
6460.5566	11231.0000
6460.5940	11156.0000
6460.6313	11025.0000
6460.6687	10958.0000
6460.7061	10823.0000
6460.7435	10613.0000
6460.7809	10298.0000
6460.8182	10084.0000
6460.8556	9942.0000
6460.8930	9921.0000
6460.9303	10334.0000
6460.9677	10884.0000
6461.0051	11492.0000
6461.0424	11992.0000
6461.0798	12552.0000
6461.1172	13011.0000
6461.1545	12855.0000
6461.1919	12624.0000
6461.2293	12350.0000
6461.2667	12260.0000
6461.3040	12427.0000
6461.3414	12960.0000
6461.3787	13656.0000
6461.4161	14422.0000
6461.4534	14887.0000
6461.4908	14938.0000
6461.5281	14489.0000
6461.5655	13391.0000
6461.6028	12590.0000
6461.6401	11902.0000
6461.6775	11318.0000
6461.7148	11020.0000
6461.7521	11026.0000
6461.7895	11207.0000
6461.8268	11530.0000
6461.8641	11985.0000
6461.9015	12386.0000
6461.9388	12665.0000
6461.9761	12797.0000
6462.0134	12727.0000
6462.0508	12515.0000
6462.0881	12029.0000
6462.1254	11544.0000
6462.1627	11301.0000
6462.2000	11206.0000
6462.2373	11133.0000
6462.2747	11304.0000
6462.3121	11367.0000
6462.3494	11184.0000
6462.3867	10689.0000
6462.4240	10222.0000
6462.4613	9582.0000
6462.4986	9108.0000
6462.5359	8699.0000
6462.5732	8584.0000
6462.6105	8655.0000
6462.6478	8903.0000
6462.6850	9313.0000
6462.7223	9698.0000
6462.7596	10177.0000
6462.7969	10544.0000
6462.8342	10850.0000
6462.8715	11148.0000
6462.9088	11637.0000
6462.9460	12162.0000
6462.9833	12666.0000
6463.0206	13406.0000
6463.0579	14135.0000
6463.0952	14539.0000
6463.1324	14534.0000
6463.1697	14252.0000
6463.2070	13681.0000
6463.2442	13031.0000
6463.2815	12553.0000
6463.3189	12186.0000
6463.3561	12039.0000
6463.3934	12092.0000
6463.4307	12323.0000
6463.4679	12732.0000
6463.5052	12974.0000
6463.5424	13354.0000
6463.5797	13344.0000
6463.6169	13074.0000
6463.6542	12604.0000
6463.6914	12085.0000
6463.7287	11510.0000
6463.7659	11216.0000
6463.8032	10997.0000
6463.8404	11094.0000
6463.8776	11167.0000
6463.9149	11282.0000
6463.9521	11202.0000
6463.9894	11019.0000
6464.0266	10653.0000
6464.0638	10620.0000
6464.1011	11074.0000
6464.1383	11540.0000
6464.1755	12093.0000
6464.2127	12733.0000
6464.2500	13562.0000
6464.2872	14105.0000
6464.3244	14478.0000
6464.3616	14947.0000
6464.3989	14849.0000
6464.4362	14945.0000
6464.4734	14984.0000
6464.5106	14853.0000
6464.5478	14559.0000
6464.5850	13858.0000
6464.6222	12790.0000
6464.6594	12015.0000
6464.6966	11256.0000
6464.7338	10814.0000
6464.7710	10797.0000
6464.8082	10942.0000
6464.8454	11431.0000
6464.8826	12057.0000
6464.9198	12613.0000
6464.9570	13235.0000
6464.9942	13697.0000
6465.0314	14131.0000
6465.0686	14507.0000
6465.1058	14545.0000
6465.1430	14774.0000
6465.1801	15074.0000
6465.2173	15554.0000
6465.2545	15814.0000
6465.2917	15857.0000
6465.3289	15606.0000
6465.3660	15001.0000
6465.4032	14133.0000
6465.4405	13221.0000
6465.4776	12351.0000
6465.5148	11876.0000
6465.5520	11482.0000
6465.5891	10985.0000
6465.6263	10766.0000
6465.6635	10701.0000
6465.7006	10789.0000
6465.7378	11249.0000
6465.7749	11791.0000
6465.8121	12472.0000
6465.8493	13042.0000
6465.8864	13509.0000
6465.9236	13982.0000
6465.9607	14250.0000
6465.9979	14684.0000
6466.0350	15012.0000
6466.0721	15097.0000
6466.1093	15061.0000
6466.1464	14732.0000
6466.1836	14446.0000
6466.2207	14153.0000
6466.2578	13836.0000
6466.2950	13470.0000
6466.3321	13142.0000
6466.3692	12982.0000
6466.4064	12450.0000
6466.4435	12003.0000
6466.4807	11644.0000
6466.5179	11639.0000
6466.5550	12050.0000
6466.5921	12596.0000
6466.6292	13150.0000
6466.6663	13816.0000
6466.7035	14090.0000
6466.7406	14450.0000
6466.7777	14437.0000
6466.8148	14457.0000
6466.8519	14391.0000
6466.8890	14236.0000
6466.9261	14094.0000
6466.9632	13997.0000
6467.0003	13748.0000
6467.0374	13640.0000
6467.0745	13697.0000
6467.1116	13699.0000
6467.1487	13861.0000
6467.1858	14087.0000
6467.2229	13950.0000
6467.2600	13650.0000
6467.2971	12997.0000
6467.3342	12262.0000
6467.3713	11513.0000
6467.4084	11046.0000
6467.4454	10930.0000
6467.4825	11227.0000
6467.5196	12060.0000
6467.5568	13287.0000
6467.5939	14374.0000
6467.6309	15574.0000
6467.6680	16272.0000
6467.7051	16668.0000
6467.7422	16854.0000
6467.7792	16738.0000
6467.8163	16847.0000
6467.8534	17266.0000
6467.8904	17690.0000
6467.9275	18159.0000
6467.9646	18212.0000
6468.0016	17699.0000
6468.0387	16760.0000
6468.0757	15567.0000
6468.1128	14492.0000
6468.1498	13756.0000
6468.1869	13499.0000
6468.2239	13682.0000
6468.2610	14202.0000
6468.2980	14284.0000
6468.3351	14102.0000
6468.3721	13672.0000
6468.4092	13048.0000
6468.4462	12296.0000
6468.4832	11757.0000
6468.5203	11623.0000
6468.5573	11823.0000
6468.5945	12221.0000
6468.6315	12776.0000
6468.6685	13317.0000
6468.7055	13658.0000
6468.7426	13930.0000
6468.7796	14098.0000
6468.8166	14032.0000
6468.8536	13843.0000
6468.8907	13414.0000
6468.9277	13459.0000
6468.9647	13182.0000
6469.0017	12897.0000
6469.0387	12628.0000
6469.0757	12412.0000
6469.1128	12387.0000
6469.1498	12592.0000
6469.1868	12934.0000
6469.2238	13479.0000
6469.2608	13805.0000
6469.2978	14045.0000
6469.3348	14440.0000
6469.3718	14552.0000
6469.4088	14335.0000
6469.4458	14317.0000
6469.4828	14118.0000
6469.5198	14070.0000
6469.5568	14050.0000
6469.5938	14293.0000
6469.6308	14650.0000
6469.6678	14906.0000
6469.7048	14982.0000
6469.7418	14993.0000
6469.7788	14877.0000
6469.8158	14652.0000
6469.8527	14305.0000
6469.8897	14028.0000
6469.9267	13750.0000
6469.9637	14103.0000
6470.0006	14278.0000
6470.0376	14579.0000
6470.0746	14901.0000
6470.1115	15339.0000
6470.1485	15778.0000
6470.1855	15908.0000
6470.2224	15970.0000
6470.2594	15839.0000
6470.2964	16005.0000
6470.3333	15874.0000
6470.3703	15560.0000
6470.4072	15185.0000
6470.4442	14561.0000
6470.4811	13745.0000
6470.5181	13196.0000
6470.5550	12547.0000
6470.5920	12132.0000
6470.6289	11846.0000
6470.6659	11835.0000
6470.7029	11845.0000
6470.7398	11989.0000
6470.7768	12087.0000
6470.8137	12171.0000
6470.8506	12489.0000
6470.8876	12925.0000
6470.9245	13444.0000
6470.9614	14455.0000
6470.9984	15417.0000
6471.0353	16009.0000
6471.0722	16458.0000
6471.1091	16808.0000
6471.1461	16837.0000
6471.1830	16590.0000
6471.2199	16270.0000
6471.2568	16160.0000
6471.2937	16105.0000
6471.3307	15798.0000
6471.3676	15667.0000
6471.4045	15502.0000
6471.4414	14843.0000
6471.4783	14108.0000
6471.5152	13562.0000
6471.5521	12651.0000
6471.5890	11996.0000
6471.6259	11697.0000
6471.6628	11624.0000
6471.6997	11705.0000
6471.7367	12295.0000
6471.7736	13200.0000
6471.8105	14171.0000
6471.8474	15113.0000
6471.8843	15851.0000
6471.9212	16451.0000
6471.9580	16508.0000
6471.9949	16829.0000
6472.0318	16884.0000
6472.0687	17424.0000
6472.1056	17925.0000
6472.1424	18425.0000
6472.1793	18651.0000
6472.2162	18532.0000
6472.2531	18029.0000
6472.2899	17357.0000
6472.3268	16531.0000
6472.3637	15651.0000
6472.4005	14866.0000
6472.4374	14579.0000
6472.4743	14148.0000
6472.5111	13783.0000
6472.5480	13589.0000
6472.5849	13324.0000
6472.6217	12871.0000
6472.6586	12652.0000
6472.6954	12627.0000
6472.7323	12609.0000
6472.7691	12740.0000
6472.8061	13097.0000
6472.8429	13148.0000
6472.8798	13295.0000
6472.9166	13587.0000
6472.9534	13809.0000
6472.9903	14026.0000
6473.0271	14120.0000
6473.0640	14419.0000
6473.1008	14452.0000
6473.1376	14501.0000
6473.1745	14619.0000
6473.2113	14754.0000
6473.2481	15008.0000
6473.2850	15735.0000
6473.3218	16307.0000
6473.3586	16939.0000
6473.3954	17087.0000
6473.4322	16855.0000
6473.4691	15683.0000
6473.5059	14061.0000
6473.5427	12029.0000
6473.5795	9918.0000
6473.6163	8137.0000
6473.6531	6671.0000
6473.6899	5530.0000
6473.7268	5008.0000
6473.7636	4741.0000
6473.8004	4640.0000
6473.8372	4596.0000
6473.8741	4464.0000
6473.9109	4432.0000
6473.9477	4411.0000
6473.9845	4497.0000
6474.0213	4543.0000
6474.0581	4566.0000
6474.0948	4675.0000
6474.1316	4701.0000
6474.1684	4630.0000
6474.2052	4779.0000
6474.2420	4696.0000
6474.2788	4720.0000
6474.3156	4969.0000
6474.3523	4985.0000
6474.3891	5109.0000
6474.4259	5208.0000
6474.4627	5243.0000
6474.4995	5271.0000
6474.5362	5364.0000
6474.5730	5390.0000
6474.6098	5438.0000
6474.6465	5507.0000
6474.6833	5481.0000
6474.7201	5354.0000
6474.7568	5462.0000
6474.7936	5523.0000
6474.8303	5568.0000
6474.8671	5605.0000
6474.9040	5550.0000
6474.9407	5673.0000
6474.9775	5618.0000
6475.0142	5657.0000
6475.0510	5689.0000
6475.0877	5798.0000
6475.1245	5888.0000
6475.1612	5900.0000
6475.1980	5982.0000
6475.2347	6033.0000
6475.2714	6120.0000
6475.3082	6193.0000
6475.3449	6291.0000
6475.3816	6331.0000
6475.4184	6252.0000
6475.4551	6431.0000
6475.4918	6393.0000
6475.5286	6500.0000
6475.5653	6312.0000
6475.6020	6198.0000
6475.6387	6217.0000
6475.6755	6156.0000
6475.7122	6248.0000
6475.7489	6277.0000
6475.7856	6200.0000
6475.8223	6397.0000
6475.8591	6695.0000
6475.8958	6967.0000
6475.9325	7218.0000
6475.9693	7172.0000
6476.0060	6954.0000
6476.0427	6835.0000
6476.0794	6759.0000
6476.1161	6601.0000
6476.1528	6607.0000
6476.1895	6512.0000
6476.2262	6471.0000
6476.2629	6459.0000
6476.2996	6460.0000
6476.3363	6420.0000
6476.3730	6261.0000
6476.4097	6310.0000
6476.4464	6587.0000
6476.4830	7147.0000
6476.5197	7679.0000
6476.5564	8138.0000
6476.5931	8395.0000
6476.6298	8467.0000
6476.6664	8382.0000
6476.7031	8338.0000
6476.7398	8206.0000
6476.7765	8246.0000
6476.8131	8277.0000
6476.8498	8229.0000
6476.8865	8029.0000
6476.9232	8099.0000
6476.9598	8313.0000
6476.9966	8610.0000
6477.0332	8819.0000
6477.0699	8968.0000
6477.1066	8998.0000
6477.1432	9072.0000
6477.1799	9056.0000
6477.2165	9130.0000
6477.2532	9332.0000
6477.2898	9519.0000
6477.3265	9467.0000
6477.3631	9481.0000
6477.3998	9089.0000
6477.4364	8634.0000
6477.4731	8352.0000
6477.5097	7911.0000
6477.5463	7562.0000
6477.5830	7435.0000
6477.6196	7399.0000
6477.6562	7503.0000
6477.6929	7742.0000
6477.7295	8265.0000
6477.7661	8738.0000
6477.8028	9071.0000
6477.8394	9253.0000
6477.8760	9211.0000
6477.9126	8874.0000
6477.9493	8569.0000
6477.9859	8373.0000
6478.0225	8280.0000
6478.0592	8167.0000
6478.0958	8308.0000
6478.1325	8371.0000
6478.1691	8390.0000
6478.2057	8491.0000
6478.2423	8652.0000
6478.2789	8671.0000
6478.3155	8917.0000
6478.3521	9237.0000
6478.3887	9519.0000
6478.4253	9643.0000
6478.4619	9610.0000
6478.4985	9367.0000
6478.5351	9307.0000
6478.5717	9025.0000
6478.6083	8862.0000
6478.6449	8710.0000
6478.6815	8772.0000
6478.7180	8842.0000
6478.7546	8548.0000
6478.7912	8365.0000
6478.8278	8102.0000
6478.8644	7734.0000
6478.9010	7451.0000
6478.9375	7338.0000
6478.9741	7307.0000
6479.0107	7232.0000
6479.0473	7308.0000
6479.0838	7437.0000
6479.1205	7541.0000
6479.1571	7564.0000
6479.1936	7687.0000
6479.2302	7752.0000
6479.2668	7934.0000
6479.3033	8059.0000
6479.3399	8141.0000
6479.3764	8459.0000
6479.4130	8529.0000
6479.4496	8549.0000
6479.4861	8521.0000
6479.5227	8476.0000
6479.5592	8435.0000
6479.5958	8403.0000
6479.6323	8327.0000
6479.6688	8430.0000
6479.7054	8419.0000
6479.7419	8279.0000
6479.7785	8254.0000
6479.8150	8324.0000
6479.8516	8272.0000
6479.8881	8207.0000
6479.9246	8265.0000
6479.9612	8317.0000
6479.9977	8424.0000
6480.0342	8545.0000
6480.0707	8735.0000
6480.1073	8963.0000
6480.1438	8986.0000
6480.1804	9006.0000
6480.2169	9184.0000
6480.2535	8953.0000
6480.2900	8677.0000
6480.3265	8399.0000
6480.3630	8206.0000
6480.3995	7804.0000
6480.4360	7526.0000
6480.4725	7230.0000
6480.5090	6873.0000
6480.5455	6386.0000
6480.5821	6129.0000
6480.6186	5587.0000
6480.6551	5297.0000
6480.6916	5393.0000
6480.7281	5479.0000
6480.7646	5655.0000
6480.8010	5828.0000
6480.8375	5903.0000
6480.8740	5879.0000
6480.9105	5731.0000
6480.9470	5835.0000
6480.9835	5814.0000
6481.0200	5793.0000
6481.0565	5909.0000
6481.0930	5962.0000
6481.1294	5991.0000
6481.1659	5837.0000
6481.2024	5895.0000
6481.2390	5825.0000
6481.2754	5824.0000
6481.3119	5841.0000
6481.3484	5824.0000
6481.3848	5796.0000
6481.4213	5722.0000
6481.4578	5870.0000
6481.4942	5870.0000
6481.5307	5766.0000
6481.5672	5800.0000
6481.6036	5748.0000
6481.6401	5750.0000
6481.6765	5825.0000
6481.7130	5770.0000
6481.7495	5792.0000
6481.7859	5728.0000
6481.8224	5788.0000
6481.8588	5846.0000
6481.8952	5847.0000
6481.9317	5974.0000
6481.9681	6005.0000
6482.0046	5910.0000
6482.0410	5916.0000
6482.0775	5859.0000
6482.1139	5804.0000
6482.1503	5954.0000
6482.1868	5908.0000
6482.2232	6022.0000
6482.2597	6010.0000
6482.2961	5985.0000
6482.3326	5989.0000
6482.3690	5988.0000
6482.4054	5985.0000
6482.4418	5918.0000
6482.4783	5924.0000
6482.5147	5947.0000
6482.5511	6002.0000
6482.5875	6006.0000
6482.6239	5965.0000
6482.6603	6141.0000
6482.6968	6096.0000
6482.7332	6109.0000
6482.7696	6027.0000
6482.8060	6014.0000
6482.8424	5959.0000
6482.8788	5852.0000
6482.9152	5797.0000
6482.9516	5903.0000
6482.9880	5835.0000
6483.0244	5953.0000
6483.0608	6081.0000
6483.0972	6123.0000
6483.1336	6165.0000
6483.1699	6158.0000
6483.2063	6102.0000
6483.2427	6279.0000
6483.2791	6312.0000
6483.3156	6274.0000
6483.3520	6199.0000
6483.3884	6115.0000
6483.4247	6153.0000
6483.4611	6313.0000
6483.4975	6174.0000
6483.5339	6198.0000
6483.5702	6152.0000
6483.6066	6005.0000
6483.6430	5963.0000
6483.6793	5828.0000
6483.7157	5765.0000
6483.7521	5616.0000
6483.7884	5498.0000
6483.8248	5472.0000
6483.8611	5394.0000
6483.8975	5542.0000
6483.9339	5841.0000
6483.9702	6086.0000
6484.0066	6154.0000
6484.0429	6094.0000
6484.0793	6029.0000
6484.1156	5991.0000
6484.1520	6074.0000
6484.1883	6102.0000
6484.2246	6023.0000
6484.2610	5842.0000
6484.2973	5696.0000
6484.3337	5725.0000
6484.3701	5667.0000
6484.4064	5686.0000
6484.4428	5774.0000
6484.4791	5809.0000
6484.5154	5870.0000
6484.5518	5822.0000
6484.5881	5777.0000
6484.6244	5758.0000
6484.6607	5654.0000
6484.6971	5852.0000
6484.7334	5954.0000
6484.7697	5941.0000
6484.8060	5873.0000
6484.8423	5852.0000
6484.8786	5944.0000
6484.9149	5836.0000
6484.9513	6026.0000
6484.9876	6053.0000
6485.0239	6029.0000
6485.0602	6065.0000
6485.0965	6042.0000
6485.1328	5960.0000
6485.1691	5830.0000
6485.2054	5921.0000
6485.2417	5979.0000
6485.2780	6212.0000
6485.3143	6355.0000
6485.3506	6410.0000
6485.3869	6368.0000
6485.4232	6201.0000
6485.4595	6182.0000
6485.4958	6163.0000
6485.5321	6221.0000
6485.5684	6200.0000
6485.6047	6192.0000
6485.6409	6086.0000
6485.6772	6055.0000
6485.7135	5926.0000
6485.7498	5819.0000
6485.7860	5900.0000
6485.8223	5895.0000
6485.8586	5963.0000
6485.8949	6126.0000
6485.9311	6105.0000
6485.9674	6050.0000
6486.0037	6120.0000
6486.0399	6046.0000
6486.0762	6046.0000
6486.1124	6081.0000
6486.1487	6099.0000
6486.1849	6358.0000
6486.2212	6604.0000
6486.2575	6634.0000
6486.2937	6624.0000
6486.3300	6532.0000
6486.3662	6428.0000
6486.4024	6300.0000
6486.4387	6395.0000
6486.4750	6581.0000
6486.5113	6766.0000
6486.5475	6949.0000
6486.5837	7227.0000
6486.6200	7282.0000
6486.6562	7205.0000
6486.6924	7101.0000
6486.7287	6779.0000
6486.7649	6628.0000
6486.8011	6558.0000
6486.8374	6482.0000
6486.8736	6444.0000
6486.9098	6452.0000
6486.9460	6322.0000
6486.9823	6159.0000
6487.0185	6167.0000
6487.0547	6169.0000
6487.0909	6179.0000
6487.1271	6290.0000
6487.1633	6518.0000
6487.1995	6714.0000
6487.2357	6811.0000
6487.2720	6785.0000
6487.3082	6623.0000
6487.3444	6430.0000
6487.3806	6236.0000
6487.4168	6257.0000
6487.4530	6444.0000
6487.4892	6646.0000
6487.5255	7071.0000
6487.5616	7286.0000
6487.5978	7556.0000
6487.6340	7637.0000
6487.6702	7384.0000
6487.7064	7080.0000
6487.7426	6792.0000
6487.7788	6608.0000
6487.8150	6378.0000
6487.8511	6205.0000
6487.8873	6271.0000
6487.9235	6274.0000
6487.9597	6293.0000
6487.9958	6486.0000
6488.0320	6636.0000
6488.0682	6557.0000
6488.1044	6583.0000
6488.1405	6615.0000
6488.1767	6510.0000
6488.2129	6568.0000
6488.2490	6636.0000
6488.2852	6819.0000
6488.3213	6774.0000
6488.3575	6591.0000
6488.3937	6345.0000
6488.4298	6206.0000
6488.4660	6101.0000
6488.5021	6009.0000
6488.5383	6091.0000
6488.5744	6309.0000
6488.6107	6646.0000
6488.6468	6937.0000
6488.6829	7370.0000
6488.7191	7696.0000
6488.7552	7806.0000
6488.7914	7799.0000
6488.8275	7469.0000
6488.8636	7209.0000
6488.8998	6933.0000
6488.9359	6680.0000
6488.9720	6696.0000
6489.0082	6744.0000
6489.0443	6917.0000
6489.0804	7217.0000
6489.1165	7262.0000
6489.1527	7408.0000
6489.1888	7159.0000
6489.2249	7172.0000
6489.2610	7016.0000
6489.2971	6840.0000
6489.3333	6645.0000
6489.3694	6640.0000
6489.4055	6523.0000
6489.4416	6627.0000
6489.4777	6816.0000
6489.5138	6858.0000
6489.5499	6884.0000
6489.5860	6898.0000
6489.6221	6745.0000
6489.6583	6513.0000
6489.6944	6406.0000
6489.7305	6338.0000
6489.7666	6442.0000
6489.8027	6482.0000
6489.8388	6662.0000
6489.8749	6755.0000
6489.9110	6704.0000
6489.9471	6672.0000
6489.9831	6579.0000
6490.0192	6485.0000
6490.0553	6370.0000
6490.0914	6321.0000
6490.1275	6411.0000
6490.1635	6772.0000
6490.1996	7161.0000
6490.2357	7465.0000
6490.2718	7916.0000
6490.3078	8017.0000
6490.3439	8144.0000
6490.3800	8000.0000
6490.4160	7685.0000
6490.4521	7300.0000
6490.4882	6958.0000
6490.5242	6629.0000
6490.5603	6697.0000
6490.5963	6779.0000
6490.6324	7075.0000
6490.6685	7353.0000
6490.7046	7680.0000
6490.7407	7971.0000
6490.7767	8201.0000
6490.8128	8095.0000
6490.8488	7972.0000
6490.8848	7703.0000
6490.9209	7415.0000
6490.9569	7000.0000
6490.9930	6737.0000
6491.0290	6475.0000
6491.0650	6534.0000
6491.1011	6756.0000
6491.1371	7061.0000
6491.1731	7291.0000
6491.2092	7388.0000
6491.2452	7266.0000
6491.2812	7140.0000
6491.3173	6775.0000
6491.3533	6427.0000
6491.3893	6168.0000
6491.4253	6093.0000
6491.4613	6157.0000
6491.4974	6344.0000
6491.5334	6465.0000
6491.5694	6464.0000
6491.6054	6416.0000
6491.6414	6316.0000
6491.6774	6297.0000
6491.7134	6274.0000
6491.7495	6139.0000
6491.7855	6156.0000
6491.8215	6162.0000
6491.8575	6214.0000
6491.8935	6345.0000
6491.9295	6569.0000
6491.9655	6776.0000
6492.0015	7083.0000
6492.0375	7329.0000
6492.0735	7512.0000
6492.1095	7527.0000
6492.1455	7447.0000
6492.1815	7239.0000
6492.2175	7025.0000
6492.2534	6706.0000
6492.2894	6538.0000
6492.3254	6359.0000
6492.3614	6364.0000
6492.3974	6516.0000
6492.4333	6561.0000
6492.4693	6652.0000
6492.5053	6857.0000
6492.5413	6997.0000
6492.5772	7128.0000
6492.6132	7194.0000
6492.6492	7063.0000
6492.6851	6989.0000
6492.7211	6940.0000
6492.7570	6799.0000
6492.7931	6807.0000
6492.8291	7024.0000
6492.8650	7312.0000
6492.9010	7677.0000
6492.9369	8217.0000
6492.9729	8507.0000
6493.0088	8654.0000
6493.0448	8782.0000
6493.0807	8813.0000
6493.1167	8580.0000
6493.1526	8110.0000
6493.1885	7594.0000
6493.2245	7228.0000
6493.2604	6873.0000
6493.2964	6529.0000
6493.3323	6440.0000
6493.3682	6544.0000
6493.4042	6693.0000
6493.4401	6868.0000
6493.4760	7134.0000
6493.5119	7390.0000
6493.5479	7704.0000
6493.5838	7967.0000
6493.6197	7929.0000
6493.6556	7666.0000
6493.6916	7199.0000
6493.7275	6745.0000
6493.7634	6481.0000
6493.7993	6358.0000
6493.8352	6300.0000
6493.8712	6318.0000
6493.9071	6443.0000
6493.9430	6529.0000
6493.9789	6470.0000
6494.0149	6601.0000
6494.0508	6743.0000
6494.0867	6744.0000
6494.1226	6573.0000
6494.1585	6532.0000
6494.1944	6431.0000
6494.2302	6433.0000
6494.2661	6487.0000
6494.3020	6676.0000
6494.3379	6945.0000
6494.3738	7228.0000
6494.4097	7506.0000
6494.4456	7691.0000
6494.4815	7677.0000
6494.5173	7549.0000
6494.5532	7353.0000
6494.5891	7077.0000
6494.6250	6956.0000
6494.6609	6742.0000
6494.6967	6636.0000
6494.7326	6450.0000
6494.7685	6308.0000
6494.8043	6342.0000
6494.8402	6503.0000
6494.8761	6439.0000
6494.9120	6573.0000
6494.9479	6616.0000
6494.9838	6610.0000
6495.0196	6469.0000
6495.0555	6412.0000
6495.0913	6126.0000
6495.1272	5912.0000
6495.1630	5390.0000
6495.1989	5146.0000
6495.2347	4697.0000
6495.2706	4455.0000
6495.3064	4291.0000
6495.3423	4230.0000
6495.3781	4056.0000
6495.4140	4095.0000
6495.4498	3990.0000
6495.4856	3928.0000
6495.5215	3930.0000
6495.5573	3917.0000
6495.5931	3828.0000
6495.6290	3838.0000
6495.6648	3920.0000
6495.7006	3877.0000
6495.7365	3940.0000
6495.7723	4109.0000
6495.8081	4177.0000
6495.8439	4198.0000
6495.8797	4320.0000
6495.9156	4366.0000
6495.9515	4364.0000
6495.9873	4373.0000
6496.0231	4474.0000
6496.0589	4506.0000
6496.0947	4475.0000
6496.1305	4440.0000
6496.1663	4452.0000
6496.2021	4485.0000
6496.2380	4485.0000
6496.2738	4427.0000
6496.3096	4324.0000
6496.3454	4292.0000
6496.3812	4152.0000
6496.4169	4031.0000
6496.4527	4047.0000
6496.4885	3953.0000
6496.5243	4091.0000
6496.5601	4149.0000
6496.5959	4114.0000
6496.6317	4172.0000
6496.6675	4098.0000
6496.7033	3991.0000
6496.7390	3818.0000
6496.7748	3851.0000
6496.8106	3845.0000
6496.8464	3846.0000
6496.8821	3865.0000
6496.9179	3834.0000
6496.9537	3748.0000
6496.9895	3636.0000
6497.0253	3435.0000
6497.0611	3183.0000
6497.0969	3043.0000
6497.1326	3063.0000
6497.1684	3342.0000
6497.2041	3692.0000
6497.2399	4118.0000
6497.2757	4599.0000
6497.3114	4779.0000
6497.3472	4955.0000
6497.3829	5094.0000
6497.4187	5091.0000
6497.4544	5118.0000
6497.4902	5134.0000
6497.5259	5263.0000
6497.5617	5381.0000
6497.5974	5369.0000
6497.6331	5299.0000
6497.6689	5269.0000
6497.7046	5196.0000
6497.7404	5245.0000
6497.7761	5274.0000
6497.8118	5227.0000
6497.8476	5372.0000
6497.8833	5541.0000
6497.9190	5430.0000
6497.9547	5418.0000
6497.9905	5271.0000
6498.0262	5245.0000
6498.0620	5248.0000
6498.0977	5226.0000
6498.1334	5230.0000
6498.1692	5167.0000
6498.2049	5223.0000
6498.2406	5183.0000
6498.2763	5199.0000
6498.3120	5111.0000
6498.3477	5132.0000
6498.3834	5106.0000
6498.4191	5207.0000
6498.4548	5254.0000
6498.4905	5373.0000
6498.5262	5410.0000
6498.5619	5348.0000
6498.5976	5257.0000
6498.6333	5125.0000
6498.6690	4982.0000
6498.7047	4862.0000
6498.7404	4898.0000
6498.7761	4786.0000
6498.8118	4729.0000
6498.8475	4701.0000
6498.8832	4632.0000
6498.9188	4578.0000
6498.9545	4584.0000
6498.9902	4597.0000
6499.0259	4557.0000
6499.0616	4468.0000
6499.0972	4487.0000
6499.1330	4564.0000
6499.1687	4645.0000
6499.2043	4671.0000
6499.2400	4756.0000
6499.2757	4782.0000
6499.3113	4712.0000
6499.3470	4697.0000
6499.3827	4624.0000
6499.4183	4544.0000
6499.4540	4525.0000
6499.4896	4514.0000
6499.5253	4504.0000
6499.5610	4481.0000
6499.5966	4530.0000
6499.6323	4427.0000
6499.6679	4462.0000
6499.7036	4482.0000
6499.7392	4507.0000
6499.7748	4533.0000
6499.8105	4596.0000
6499.8461	4483.0000
6499.8818	4471.0000
6499.9174	4501.0000
6499.9530	4600.0000
6499.9887	4605.0000
6500.0243	4719.0000
6500.0599	4634.0000
6500.0956	4727.0000
6500.1312	4719.0000
6500.1669	4777.0000
6500.2025	4609.0000
6500.2382	4549.0000
6500.2738	4589.0000
6500.3094	4494.0000
6500.3450	4486.0000
6500.3806	4473.0000
6500.4163	4562.0000
6500.4519	4574.0000
6500.4875	4621.0000
6500.5231	4742.0000
6500.5587	4798.0000
6500.5943	4848.0000
6500.6299	4894.0000
6500.6655	4849.0000
6500.7011	4779.0000
6500.7367	4714.0000
6500.7723	4729.0000
6500.8079	4721.0000
6500.8435	4660.0000
6500.8791	4620.0000
6500.9147	4633.0000
6500.9503	4602.0000
6500.9859	4562.0000
6501.0215	4564.0000
6501.0571	4430.0000
6501.0926	4537.0000
6501.1282	4649.0000
6501.1638	4654.0000
6501.1994	4544.0000
6501.2351	4426.0000
6501.2706	4473.0000
6501.3062	4433.0000
6501.3418	4410.0000
6501.3774	4486.0000
6501.4129	4611.0000
6501.4485	4610.0000
6501.4841	4585.0000
6501.5196	4559.0000
6501.5552	4563.0000
6501.5907	4491.0000
6501.6263	4458.0000
6501.6619	4548.0000
6501.6974	4675.0000
6501.7330	4798.0000
6501.7685	5052.0000
6501.8041	5321.0000
6501.8396	5439.0000
6501.8752	5372.0000
6501.9107	5229.0000
6501.9463	5065.0000
6501.9818	5014.0000
6502.0174	4916.0000
6502.0529	4827.0000
6502.0884	4711.0000
6502.1240	4610.0000
6502.1595	4597.0000
6502.1950	4548.0000
6502.2306	4485.0000
6502.2662	4425.0000
6502.3017	4440.0000
6502.3373	4372.0000
6502.3728	4411.0000
6502.4083	4504.0000
6502.4438	4616.0000
6502.4794	4758.0000
6502.5149	4850.0000
6502.5504	4848.0000
6502.5859	4805.0000
6502.6214	4707.0000
6502.6569	4693.0000
6502.6925	4580.0000
6502.7280	4670.0000
6502.7635	4788.0000
6502.7990	4945.0000
6502.8345	5132.0000
6502.8700	5225.0000
6502.9055	5200.0000
6502.9410	5259.0000
6502.9765	5146.0000
6503.0120	5056.0000
6503.0475	4839.0000
6503.0830	4704.0000
6503.1185	4602.0000
6503.1540	4650.0000
6503.1895	4662.0000
6503.2249	4638.0000
6503.2604	4660.0000
6503.2959	4804.0000
6503.3315	4835.0000
6503.3670	4822.0000
6503.4025	4766.0000
6503.4379	4663.0000
6503.4734	4602.0000
6503.5089	4501.0000
6503.5444	4557.0000
6503.5798	4779.0000
6503.6153	4757.0000
6503.6508	4791.0000
6503.6862	4808.0000
6503.7217	4734.0000
6503.7572	4718.0000
6503.7926	4489.0000
6503.8281	4482.0000
6503.8635	4427.0000
6503.8990	4413.0000
6503.9344	4522.0000
6503.9699	4532.0000
6504.0054	4628.0000
6504.0408	4780.0000
6504.0763	4937.0000
6504.1117	5054.0000
6504.1471	5081.0000
6504.1826	5153.0000
6504.2180	5296.0000
6504.2535	5322.0000
6504.2889	5160.0000
6504.3243	5033.0000
6504.3598	4836.0000
6504.3953	4708.0000
6504.4307	4721.0000
6504.4662	4725.0000
6504.5016	4752.0000
6504.5370	4776.0000
6504.5725	4658.0000
6504.6079	4495.0000
6504.6433	4467.0000
6504.6787	4494.0000
6504.7142	4593.0000
6504.7496	4549.0000
6504.7850	4404.0000
6504.8204	4372.0000
6504.8558	4344.0000
6504.8912	4560.0000
6504.9266	4713.0000
6504.9620	4934.0000
6504.9975	5194.0000
6505.0329	5338.0000
6505.0683	5511.0000
6505.1037	5614.0000
6505.1391	5488.0000
6505.1745	5388.0000
6505.2099	5152.0000
6505.2453	4929.0000
6505.2806	4741.0000
6505.3160	4558.0000
6505.3514	4624.0000
6505.3868	4571.0000
6505.4223	4674.0000
6505.4577	4786.0000
6505.4931	4814.0000
6505.5285	4827.0000
6505.5638	4785.0000
6505.5992	4981.0000
6505.6346	5061.0000
6505.6700	5107.0000
6505.7053	5036.0000
6505.7407	4938.0000
6505.7761	4868.0000
6505.8115	4765.0000
6505.8468	4586.0000
6505.8822	4587.0000
6505.9176	4685.0000
6505.9529	4666.0000
6505.9883	4690.0000
6506.0236	4727.0000
6506.0590	4655.0000
6506.0944	4575.0000
6506.1297	4493.0000
6506.1651	4575.0000
6506.2004	3895.0000
6506.2358	3745.0000
6506.2711	3687.0000
6506.3065	3717.0000
6506.3418	3675.0000
6506.3772	3723.0000
6506.4125	3706.0000
6506.4478	3756.0000
6506.4833	3820.0000
6506.5186	3846.0000
