R_Cam.31
6705.6253	2436.0000
6705.6657	3657.0000
6705.7060	3855.0000
6705.7463	4015.0000
6705.7867	4213.0000
6705.8270	4239.0000
6705.8673	4133.0000
6705.9076	4248.0000
6705.9480	4343.0000
6705.9883	4394.0000
6706.0286	5783.0000
6706.0689	5916.0000
6706.1093	5919.0000
6706.1496	5829.0000
6706.1899	5722.0000
6706.2302	5612.0000
6706.2705	5732.0000
6706.3108	5717.0000
6706.3511	5837.0000
6706.3914	5986.0000
6706.4317	6109.0000
6706.4720	6260.0000
6706.5124	6249.0000
6706.5527	6060.0000
6706.5930	5835.0000
6706.6333	5700.0000
6706.6736	5672.0000
6706.7139	5683.0000
6706.7542	5685.0000
6706.7945	5917.0000
6706.8348	6328.0000
6706.8751	6647.0000
6706.9154	6742.0000
6706.9556	6826.0000
6706.9959	7128.0000
6707.0362	7172.0000
6707.0765	7101.0000
6707.1168	7101.0000
6707.1570	7080.0000
6707.1973	7166.0000
6707.2376	7431.0000
6707.2778	7393.0000
6707.3181	7392.0000
6707.3584	7276.0000
6707.3986	6910.0000
6707.4389	6572.0000
6707.4792	6470.0000
6707.5194	6285.0000
6707.5598	6334.0000
6707.6000	6439.0000
6707.6403	6407.0000
6707.6805	6378.0000
6707.7208	6260.0000
6707.7610	6097.0000
6707.8013	6085.0000
6707.8415	6023.0000
6707.8818	5986.0000
6707.9220	5903.0000
6707.9623	6023.0000
6708.0025	6121.0000
6708.0427	6309.0000
6708.0830	6333.0000
6708.1232	6127.0000
6708.1634	6105.0000
6708.2037	6058.0000
6708.2439	6110.0000
6708.2841	6061.0000
6708.3243	6066.0000
6708.3646	6140.0000
6708.4048	6314.0000
6708.4450	6582.0000
6708.4852	6854.0000
6708.5254	7160.0000
6708.5657	7200.0000
6708.6060	7097.0000
6708.6462	7065.0000
6708.6864	7089.0000
6708.7266	7098.0000
6708.7668	7086.0000
6708.8070	7193.0000
6708.8472	7400.0000
6708.8874	7165.0000
6708.9276	7091.0000
6708.9678	6837.0000
6709.0080	6737.0000
6709.0482	6580.0000
6709.0884	6483.0000
6709.1286	6462.0000
6709.1688	6588.0000
6709.2090	6811.0000
6709.2491	6977.0000
6709.2893	7212.0000
6709.3295	7180.0000
6709.3697	7246.0000
6709.4099	7296.0000
6709.4500	7458.0000
6709.4902	7386.0000
6709.5304	7314.0000
6709.5706	7367.0000
6709.6107	7225.0000
6709.6509	7194.0000
6709.6912	7293.0000
6709.7313	7269.0000
6709.7715	7278.0000
6709.8117	7306.0000
6709.8518	7114.0000
6709.8920	6863.0000
6709.9321	6575.0000
6709.9723	6349.0000
6710.0124	6150.0000
6710.0526	6033.0000
6710.0927	5957.0000
6710.1329	5828.0000
6710.1730	5683.0000
6710.2132	5719.0000
6710.2533	5713.0000
6710.2935	5913.0000
6710.3336	6223.0000
6710.3737	6681.0000
6710.4139	7191.0000
6710.4540	7605.0000
6710.4941	7759.0000
6710.5343	8098.0000
6710.5744	8531.0000
6710.6145	8710.0000
6710.6547	8753.0000
6710.6948	8878.0000
6710.7350	8861.0000
6710.7751	8622.0000
6710.8152	8412.0000
6710.8554	8343.0000
6710.8955	8200.0000
6710.9356	7991.0000
6710.9757	7828.0000
6711.0158	7685.0000
6711.0559	7495.0000
6711.0960	7255.0000
6711.1361	7065.0000
6711.1762	6879.0000
6711.2163	6693.0000
6711.2564	6504.0000
6711.2965	6482.0000
6711.3366	6398.0000
6711.3767	6486.0000
6711.4168	6527.0000
6711.4569	6435.0000
6711.4970	6594.0000
6711.5371	6797.0000
6711.5772	7058.0000
6711.6173	7316.0000
6711.6574	7667.0000
6711.6974	7819.0000
6711.7375	7859.0000
6711.7777	7883.0000
6711.8178	7973.0000
6711.8578	7896.0000
6711.8979	7665.0000
6711.9380	7408.0000
6711.9781	7214.0000
6712.0181	7061.0000
6712.0582	7053.0000
6712.0983	7137.0000
6712.1383	7315.0000
6712.1784	7439.0000
6712.2184	7627.0000
6712.2585	7720.0000
6712.2985	7667.0000
6712.3386	7562.0000
6712.3787	7341.0000
6712.4187	7003.0000
6712.4588	6656.0000
6712.4988	6442.0000
6712.5388	6127.0000
6712.5789	5908.0000
6712.6189	5679.0000
6712.6590	5632.0000
6712.6990	5651.0000
6712.7391	5726.0000
6712.7791	5703.0000
6712.8192	5922.0000
6712.8593	6279.0000
6712.8993	6669.0000
6712.9393	6988.0000
6712.9793	7374.0000
6713.0194	7517.0000
6713.0594	7711.0000
6713.0994	7892.0000
6713.1394	7869.0000
6713.1794	7924.0000
6713.2195	7752.0000
6713.2595	7652.0000
6713.2995	7552.0000
6713.3395	7432.0000
6713.3795	7362.0000
6713.4195	7355.0000
6713.4595	7241.0000
6713.4995	7134.0000
6713.5395	7011.0000
6713.5795	6915.0000
6713.6195	6854.0000
6713.6595	6698.0000
6713.6995	6527.0000
6713.7395	6458.0000
6713.7795	6166.0000
6713.8195	5901.0000
6713.8595	5589.0000
6713.8996	5488.0000
6713.9396	5357.0000
6713.9796	5220.0000
6714.0195	5252.0000
6714.0595	5366.0000
6714.0995	5603.0000
6714.1395	5733.0000
6714.1795	5994.0000
6714.2194	5971.0000
6714.2594	5801.0000
6714.2994	5639.0000
6714.3393	5512.0000
6714.3793	5339.0000
6714.4193	5143.0000
6714.4592	4824.0000
6714.4992	4599.0000
6714.5392	4568.0000
6714.5791	4327.0000
6714.6191	4272.0000
6714.6590	4263.0000
6714.6990	4219.0000
6714.7389	4274.0000
6714.7789	4389.0000
6714.8188	4473.0000
6714.8588	4622.0000
6714.8987	4720.0000
6714.9388	4744.0000
6714.9787	4910.0000
6715.0187	4907.0000
6715.0586	4891.0000
6715.0985	4933.0000
6715.1385	4913.0000
6715.1784	4867.0000
6715.2183	4734.0000
6715.2583	4654.0000
6715.2982	4684.0000
6715.3381	4654.0000
6715.3780	4648.0000
6715.4180	4835.0000
6715.4579	4894.0000
6715.4978	5053.0000
6715.5377	5237.0000
6715.5776	5392.0000
6715.6175	5530.0000
6715.6575	5439.0000
6715.6974	5369.0000
6715.7373	5365.0000
6715.7772	5421.0000
6715.8171	5440.0000
6715.8570	5397.0000
6715.8969	5274.0000
6715.9368	5318.0000
6715.9768	5267.0000
6716.0167	5339.0000
6716.0566	5420.0000
6716.0965	5512.0000
6716.1364	5534.0000
6716.1763	5555.0000
6716.2162	5546.0000
6716.2560	5493.0000
6716.2959	5569.0000
6716.3358	5641.0000
6716.3757	5811.0000
6716.4156	6072.0000
6716.4555	6099.0000
6716.4953	5934.0000
6716.5352	5839.0000
6716.5751	5736.0000
6716.6150	5494.0000
6716.6548	5296.0000
6716.6947	5105.0000
6716.7346	5179.0000
6716.7744	5263.0000
6716.8143	5212.0000
6716.8542	5178.0000
6716.8940	5271.0000
6716.9339	5308.0000
6716.9737	5484.0000
6717.0136	5689.0000
6717.0535	5892.0000
6717.0934	6130.0000
6717.1332	6189.0000
6717.1731	6221.0000
6717.2129	6324.0000
6717.2528	6081.0000
6717.2926	5971.0000
6717.3325	5932.0000
6717.3723	5930.0000
6717.4121	5806.0000
6717.4520	5592.0000
6717.4918	5452.0000
6717.5316	5358.0000
6717.5715	5283.0000
6717.6113	5158.0000
6717.6511	5163.0000
6717.6910	5195.0000
6717.7308	5119.0000
6717.7706	5034.0000
6717.8104	5010.0000
6717.8502	5095.0000
6717.8901	5149.0000
6717.9299	5057.0000
6717.9697	5183.0000
6718.0095	5092.0000
6718.0493	4967.0000
6718.0892	5022.0000
6718.1290	5033.0000
6718.1688	5013.0000
6718.2086	4988.0000
6718.2484	5258.0000
6718.2882	5325.0000
6718.3280	5526.0000
6718.3678	5582.0000
6718.4076	5652.0000
6718.4474	5736.0000
6718.4872	5767.0000
6718.5270	5858.0000
6718.5668	5942.0000
6718.6066	5665.0000
6718.6464	5507.0000
6718.6861	5593.0000
6718.7259	5641.0000
6718.7657	5629.0000
6718.8055	5634.0000
6718.8453	5568.0000
6718.8850	5520.0000
6718.9248	5452.0000
6718.9646	5414.0000
6719.0044	5416.0000
6719.0441	5407.0000
6719.0839	5399.0000
6719.1237	5445.0000
6719.1635	5497.0000
6719.2033	5587.0000
6719.2430	5598.0000
6719.2828	5618.0000
6719.3225	5582.0000
6719.3623	5403.0000
6719.4021	5290.0000
6719.4418	5273.0000
6719.4816	5343.0000
6719.5213	5335.0000
6719.5611	5235.0000
6719.6008	5141.0000
6719.6405	5109.0000
6719.6803	5050.0000
6719.7200	4984.0000
6719.7598	5122.0000
6719.7995	5265.0000
6719.8392	5333.0000
6719.8790	5421.0000
6719.9187	5471.0000
6719.9584	5484.0000
6719.9981	5559.0000
6720.0379	5579.0000
6720.0776	5674.0000
6720.1173	5877.0000
6720.1570	5892.0000
6720.1969	5784.0000
6720.2366	5749.0000
6720.2763	5755.0000
6720.3160	5756.0000
6720.3557	5867.0000
6720.3954	5992.0000
6720.4351	5974.0000
6720.4748	5882.0000
6720.5145	5833.0000
6720.5542	5948.0000
6720.5939	6024.0000
6720.6336	6036.0000
6720.6733	6056.0000
6720.7130	5871.0000
6720.7527	5884.0000
6720.7924	5811.0000
6720.8321	5552.0000
6720.8718	5470.0000
6720.9115	5455.0000
6720.9512	5466.0000
6720.9909	5576.0000
6721.0306	5636.0000
6721.0702	5674.0000
6721.1099	5667.0000
6721.1496	5666.0000
6721.1893	5450.0000
6721.2289	5414.0000
6721.2687	5456.0000
6721.3084	5397.0000
6721.3481	5526.0000
6721.3877	5633.0000
6721.4274	5784.0000
6721.4671	5894.0000
6721.5067	5932.0000
6721.5464	5945.0000
6721.5860	5948.0000
6721.6257	5877.0000
6721.6653	5910.0000
6721.7050	5824.0000
6721.7447	5888.0000
6721.7843	5964.0000
6721.8240	5910.0000
6721.8636	5822.0000
6721.9032	5665.0000
6721.9429	5500.0000
6721.9825	5427.0000
6722.0222	5487.0000
6722.0618	5715.0000
6722.1014	5756.0000
6722.1411	5797.0000
6722.1807	6058.0000
6722.2203	6177.0000
6722.2600	6148.0000
6722.2997	6144.0000
6722.3393	6074.0000
6722.3790	6111.0000
6722.4186	5983.0000
6722.4582	5939.0000
6722.4978	5904.0000
6722.5374	5949.0000
6722.5771	5911.0000
6722.6167	5801.0000
6722.6563	5824.0000
6722.6959	5813.0000
6722.7355	5661.0000
6722.7751	5667.0000
6722.8147	5780.0000
6722.8543	5976.0000
6722.8939	5995.0000
6722.9335	5961.0000
6722.9731	5973.0000
6723.0127	6043.0000
6723.0523	6208.0000
6723.0919	6236.0000
6723.1315	6388.0000
6723.1711	6569.0000
6723.2107	6587.0000
6723.2503	6585.0000
6723.2899	6512.0000
6723.3294	6422.0000
6723.3691	6277.0000
6723.4087	6132.0000
6723.4483	6130.0000
6723.4879	6136.0000
6723.5274	6269.0000
6723.5670	6434.0000
6723.6066	6614.0000
6723.6462	6690.0000
6723.6857	6763.0000
6723.7253	6806.0000
6723.7649	6778.0000
6723.8044	6489.0000
6723.8440	6321.0000
6723.8835	6154.0000
6723.9231	5993.0000
6723.9627	5843.0000
6724.0022	5718.0000
6724.0418	5688.0000
6724.0813	5749.0000
6724.1209	5749.0000
6724.1604	5855.0000
6724.2000	5805.0000
6724.2395	5933.0000
6724.2791	6018.0000
6724.3186	6072.0000
6724.3581	6137.0000
6724.3978	6195.0000
6724.4373	6289.0000
6724.4769	6472.0000
6724.5164	6415.0000
6724.5559	6448.0000
6724.5954	6721.0000
6724.6350	6704.0000
6724.6745	6837.0000
6724.7140	6892.0000
6724.7535	6798.0000
6724.7931	6758.0000
6724.8326	6596.0000
6724.8721	6658.0000
6724.9116	6696.0000
6724.9511	6843.0000
6724.9907	6611.0000
6725.0302	6503.0000
6725.0697	6458.0000
6725.1092	6359.0000
6725.1487	6324.0000
6725.1882	6417.0000
6725.2277	6483.0000
6725.2672	6581.0000
6725.3067	6687.0000
6725.3462	6783.0000
6725.3857	6631.0000
6725.4252	6554.0000
6725.4648	6573.0000
6725.5043	6427.0000
6725.5438	6261.0000
6725.5832	6101.0000
6725.6227	5986.0000
6725.6622	6061.0000
6725.7017	6047.0000
6725.7412	5976.0000
6725.7806	6138.0000
6725.8201	6272.0000
6725.8596	6274.0000
6725.8991	6215.0000
6725.9385	6220.0000
6725.9780	6325.0000
6726.0175	6471.0000
6726.0570	6606.0000
6726.0964	6720.0000
6726.1359	6687.0000
6726.1753	6526.0000
6726.2148	6443.0000
6726.2543	6285.0000
6726.2937	6392.0000
6726.3332	6259.0000
6726.3726	6272.0000
6726.4121	6684.0000
6726.4515	6889.0000
6726.4910	7055.0000
6726.5305	7348.0000
6726.5700	7653.0000
6726.6094	7853.0000
6726.6489	7924.0000
6726.6883	7957.0000
6726.7277	7984.0000
6726.7672	7668.0000
6726.8066	7464.0000
6726.8460	7347.0000
6726.8855	6990.0000
6726.9249	6816.0000
6726.9643	6620.0000
6727.0037	6530.0000
6727.0432	6406.0000
6727.0826	6453.0000
6727.1220	6581.0000
6727.1614	6613.0000
6727.2009	6628.0000
6727.2403	6746.0000
6727.2797	6980.0000
6727.3191	7221.0000
6727.3585	7477.0000
6727.3979	7612.0000
6727.4373	7553.0000
6727.4767	7427.0000
6727.5161	7255.0000
6727.5556	7085.0000
6727.5950	6894.0000
6727.6344	6759.0000
6727.6738	6857.0000
6727.7132	7208.0000
6727.7526	7484.0000
6727.7920	7619.0000
6727.8314	7676.0000
6727.8708	7784.0000
6727.9102	7884.0000
6727.9496	7985.0000
6727.9889	7958.0000
6728.0283	7777.0000
6728.0677	7567.0000
6728.1071	7288.0000
6728.1465	7060.0000
6728.1858	6940.0000
6728.2252	6720.0000
6728.2646	6546.0000
6728.3040	6429.0000
6728.3433	6341.0000
6728.3827	6482.0000
6728.4221	6637.0000
6728.4614	6716.0000
6728.5008	6943.0000
6728.5401	7086.0000
6728.5795	7131.0000
6728.6190	7198.0000
6728.6583	7244.0000
6728.6977	7549.0000
6728.7370	7909.0000
6728.7764	7981.0000
6728.8157	7913.0000
6728.8551	7725.0000
6728.8944	7410.0000
6728.9337	7183.0000
6728.9731	7011.0000
6729.0124	6838.0000
6729.0518	6819.0000
6729.0911	6774.0000
6729.1304	6808.0000
6729.1698	6848.0000
6729.2091	6902.0000
6729.2484	6827.0000
6729.2878	6820.0000
6729.3271	7069.0000
6729.3664	7293.0000
6729.4057	7585.0000
6729.4450	7654.0000
6729.4844	7610.0000
6729.5237	7680.0000
6729.5630	7530.0000
6729.6023	7501.0000
6729.6416	7402.0000
6729.6810	7267.0000
6729.7203	7136.0000
6729.7597	7073.0000
6729.7990	7030.0000
6729.8383	6925.0000
6729.8776	6988.0000
6729.9169	7168.0000
6729.9562	7315.0000
6729.9955	7592.0000
6730.0348	7775.0000
6730.0740	7738.0000
6730.1133	7752.0000
6730.1526	7559.0000
6730.1919	7529.0000
6730.2312	7370.0000
6730.2705	7188.0000
6730.3098	7203.0000
6730.3491	7046.0000
6730.3883	7044.0000
6730.4276	7055.0000
6730.4669	6969.0000
6730.5062	6897.0000
6730.5454	6751.0000
6730.5847	6835.0000
6730.6240	7042.0000
6730.6632	7159.0000
6730.7025	7294.0000
6730.7419	7501.0000
6730.7811	7609.0000
6730.8204	7444.0000
6730.8597	7448.0000
6730.8989	7574.0000
6730.9382	7609.0000
6730.9774	7654.0000
6731.0167	7605.0000
6731.0559	7605.0000
6731.0952	7686.0000
6731.1344	7691.0000
6731.1737	7452.0000
6731.2129	7376.0000
6731.2522	7236.0000
6731.2914	7277.0000
6731.3306	7122.0000
6731.3699	7100.0000
6731.4091	7196.0000
6731.4483	7483.0000
6731.4876	7714.0000
6731.5268	8143.0000
6731.5660	8421.0000
6731.6053	8846.0000
6731.6445	9043.0000
6731.6837	9189.0000
6731.7229	9469.0000
6731.7623	9255.0000
6731.8015	9078.0000
6731.8407	8711.0000
6731.8799	8400.0000
6731.9191	8073.0000
6731.9583	7800.0000
6731.9975	7565.0000
6732.0368	7412.0000
6732.0760	7313.0000
6732.1152	7156.0000
6732.1544	7144.0000
6732.1936	7087.0000
6732.2328	7146.0000
6732.2720	7263.0000
6732.3112	7580.0000
6732.3504	7970.0000
6732.3896	8326.0000
6732.4287	8460.0000
6732.4679	8430.0000
6732.5071	8410.0000
6732.5463	8500.0000
6732.5855	8477.0000
6732.6247	8329.0000
6732.6639	8313.0000
6732.7030	8280.0000
6732.7422	8047.0000
6732.7814	7884.0000
6732.8207	7838.0000
6732.8598	7692.0000
6732.8990	7514.0000
6732.9382	7389.0000
6732.9774	7226.0000
6733.0165	6975.0000
6733.0557	6781.0000
6733.0948	6962.0000
6733.1340	7154.0000
6733.1732	7546.0000
6733.2123	7877.0000
6733.2515	8433.0000
6733.2906	8942.0000
6733.3298	9487.0000
6733.3689	9999.0000
6733.4081	10217.0000
6733.4472	10313.0000
6733.4864	10361.0000
6733.5255	10252.0000
6733.5647	9771.0000
6733.6038	9332.0000
6733.6429	9103.0000
6733.6821	8876.0000
6733.7212	8743.0000
6733.7604	8713.0000
6733.7995	8489.0000
6733.8386	8221.0000
6733.8778	7877.0000
6733.9170	7383.0000
6733.9561	7147.0000
6733.9952	7106.0000
6734.0343	7214.0000
6734.0735	7290.0000
6734.1126	7498.0000
6734.1517	7593.0000
6734.1908	7842.0000
6734.2299	8037.0000
6734.2690	8219.0000
6734.3081	8455.0000
6734.3473	8513.0000
6734.3864	8528.0000
6734.4255	8632.0000
6734.4646	8685.0000
6734.5037	8576.0000
6734.5428	8451.0000
6734.5819	8334.0000
6734.6210	8231.0000
6734.6601	8222.0000
6734.6992	8023.0000
6734.7382	7980.0000
6734.7773	7832.0000
6734.8164	7594.0000
6734.8555	7311.0000
6734.8946	7018.0000
6734.9338	7053.0000
6734.9729	7061.0000
6735.0119	7155.0000
6735.0510	7331.0000
6735.0901	7591.0000
6735.1292	7729.0000
6735.1682	7964.0000
6735.2073	8052.0000
6735.2464	8141.0000
6735.2855	8062.0000
6735.3245	8091.0000
6735.3636	8018.0000
6735.4026	8047.0000
6735.4417	8079.0000
6735.4808	8329.0000
6735.5198	8419.0000
6735.5589	8530.0000
6735.5979	8620.0000
6735.6370	8574.0000
6735.6760	8465.0000
6735.7151	8432.0000
6735.7541	8247.0000
6735.7932	8007.0000
6735.8322	7764.0000
6735.8713	7646.0000
6735.9103	7605.0000
6735.9493	7566.0000
6735.9885	7514.0000
6736.0275	7353.0000
6736.0665	7244.0000
6736.1056	7300.0000
6736.1446	7473.0000
6736.1836	7669.0000
6736.2227	7966.0000
6736.2617	8216.0000
6736.3007	8416.0000
6736.3397	8306.0000
6736.3788	8150.0000
6736.4178	8353.0000
6736.4568	8435.0000
6736.4958	8538.0000
6736.5348	8632.0000
6736.5738	8534.0000
6736.6128	8565.0000
6736.6518	8394.0000
6736.6909	8449.0000
6736.7299	8171.0000
6736.7689	8075.0000
6736.8079	7996.0000
6736.8469	7963.0000
6736.8859	8004.0000
6736.9249	7873.0000
6736.9639	7919.0000
6737.0028	7756.0000
6737.0419	7602.0000
6737.0809	7580.0000
6737.1199	7554.0000
6737.1589	7664.0000
6737.1979	7808.0000
6737.2369	8069.0000
6737.2759	8106.0000
6737.3148	8123.0000
6737.3538	8204.0000
6737.3928	8262.0000
6737.4318	8482.0000
6737.4707	8850.0000
6737.5097	9206.0000
6737.5487	9516.0000
6737.5876	9701.0000
6737.6266	9567.0000
6737.6656	9420.0000
6737.7045	9174.0000
6737.7435	8905.0000
6737.7825	8624.0000
6737.8214	8354.0000
6737.8604	8362.0000
6737.8993	8603.0000
6737.9383	8629.0000
6737.9772	8843.0000
6738.0162	9090.0000
6738.0551	9330.0000
6738.0942	9617.0000
6738.1331	9703.0000
6738.1720	9628.0000
6738.2110	9475.0000
6738.2499	9217.0000
6738.2889	8911.0000
6738.3278	8664.0000
6738.3667	8466.0000
6738.4057	8394.0000
6738.4446	8433.0000
6738.4835	8556.0000
6738.5225	8608.0000
6738.5614	8791.0000
6738.6003	8969.0000
6738.6392	8950.0000
6738.6781	8988.0000
6738.7171	8941.0000
6738.7560	8826.0000
6738.7949	8657.0000
6738.8338	8402.0000
6738.8727	8202.0000
6738.9116	8253.0000
6738.9505	8550.0000
6738.9894	8731.0000
6739.0283	8906.0000
6739.0672	9109.0000
6739.1062	9241.0000
6739.1452	9293.0000
6739.1840	9348.0000
6739.2229	9312.0000
6739.2618	9211.0000
6739.3007	9093.0000
6739.3396	8717.0000
6739.3785	8425.0000
6739.4174	8286.0000
6739.4563	8430.0000
6739.4952	8457.0000
6739.5341	8664.0000
6739.5729	8640.0000
6739.6118	8627.0000
6739.6507	8619.0000
6739.6896	8515.0000
6739.7284	8409.0000
6739.7673	8317.0000
6739.8062	8084.0000
6739.8451	8002.0000
6739.8839	8042.0000
6739.9228	8104.0000
6739.9617	8188.0000
6740.0005	8603.0000
6740.0394	8622.0000
6740.0782	8829.0000
6740.1171	9126.0000
6740.1559	9479.0000
6740.1949	9756.0000
6740.2338	9918.0000
6740.2726	10024.0000
6740.3115	10028.0000
6740.3503	9909.0000
6740.3891	9754.0000
6740.4280	9528.0000
6740.4668	9178.0000
6740.5057	8908.0000
6740.5445	8717.0000
6740.5833	8446.0000
6740.6222	8246.0000
6740.6610	8469.0000
6740.6998	8529.0000
6740.7387	8798.0000
6740.7775	8929.0000
6740.8163	9119.0000
6740.8552	9174.0000
6740.8940	9029.0000
6740.9328	8783.0000
6740.9716	8772.0000
6741.0104	8908.0000
6741.0493	9125.0000
6741.0881	9590.0000
6741.1269	9767.0000
6741.1657	10047.0000
6741.2045	10114.0000
6741.2434	10097.0000
6741.2822	10022.0000
6741.3210	10245.0000
6741.3598	10542.0000
6741.3986	10512.0000
6741.4374	10522.0000
6741.4762	10238.0000
6741.5150	9791.0000
6741.5538	9600.0000
6741.5926	9170.0000
6741.6314	8716.0000
6741.6702	8503.0000
6741.7090	8215.0000
6741.7478	8214.0000
6741.7866	8562.0000
6741.8253	8629.0000
6741.8641	8550.0000
6741.9029	8415.0000
6741.9417	8307.0000
6741.9804	8168.0000
6742.0192	8037.0000
6742.0580	7994.0000
6742.0968	8212.0000
6742.1355	8485.0000
6742.1743	8938.0000
6742.2131	9198.0000
6742.2518	9478.0000
6742.2907	9811.0000
6742.3295	9861.0000
6742.3682	9808.0000
6742.4070	9733.0000
6742.4457	9622.0000
6742.4845	9785.0000
6742.5232	9893.0000
6742.5620	10087.0000
6742.6007	10207.0000
6742.6395	10381.0000
6742.6782	10469.0000
6742.7170	10292.0000
6742.7557	10005.0000
6742.7945	9597.0000
6742.8332	9328.0000
6742.8719	9200.0000
6742.9107	9195.0000
6742.9494	9202.0000
6742.9881	9287.0000
6743.0269	9188.0000
6743.0656	9155.0000
6743.1043	9159.0000
6743.1430	8959.0000
6743.1818	8811.0000
6743.2205	8799.0000
6743.2592	8764.0000
6743.2979	9018.0000
6743.3366	9430.0000
6743.3755	9627.0000
6743.4142	9898.0000
6743.4529	10038.0000
6743.4916	10170.0000
6743.5303	10151.0000
6743.5690	9988.0000
6743.6077	9909.0000
6743.6464	9844.0000
6743.6851	9837.0000
6743.7238	9776.0000
6743.7625	9794.0000
6743.8012	9724.0000
6743.8399	9563.0000
6743.8786	9459.0000
6743.9173	9282.0000
6743.9560	9274.0000
6743.9947	9304.0000
6744.0333	9368.0000
6744.0720	9492.0000
6744.1107	9475.0000
6744.1494	9482.0000
6744.1881	9391.0000
6744.2268	9191.0000
6744.2654	9101.0000
6744.3041	8856.0000
6744.3428	8633.0000
6744.3814	8522.0000
6744.4202	8458.0000
6744.4589	8546.0000
6744.4975	8749.0000
6744.5362	9016.0000
6744.5749	9316.0000
6744.6135	9347.0000
6744.6522	9526.0000
6744.6909	9906.0000
6744.7295	10404.0000
6744.7682	10931.0000
6744.8068	11371.0000
6744.8455	11780.0000
6744.8841	12147.0000
6744.9228	12337.0000
6744.9614	12111.0000
6745.0000	11646.0000
6745.0387	11487.0000
6745.0773	10894.0000
6745.1160	10347.0000
6745.1546	10090.0000
6745.1932	10002.0000
6745.2319	9946.0000
6745.2705	10083.0000
6745.3091	10140.0000
6745.3478	10037.0000
6745.3864	9809.0000
6745.4250	9495.0000
6745.4637	9231.0000
6745.5024	8849.0000
6745.5410	8671.0000
6745.5796	8588.0000
6745.6182	8777.0000
6745.6568	9091.0000
6745.6954	9463.0000
6745.7341	9796.0000
6745.7727	9932.0000
6745.8113	9999.0000
6745.8499	9968.0000
6745.8885	9942.0000
6745.9271	9918.0000
6745.9657	10087.0000
6746.0043	10232.0000
6746.0429	10206.0000
6746.0815	10370.0000
6746.1201	10437.0000
6746.1587	10195.0000
6746.1973	10048.0000
6746.2359	9822.0000
6746.2744	9404.0000
6746.3130	9081.0000
6746.3516	9039.0000
6746.3902	8953.0000
6746.4288	8965.0000
6746.4674	9212.0000
6746.5060	9338.0000
6746.5446	9572.0000
6746.5832	9719.0000
6746.6218	9525.0000
6746.6603	9302.0000
6746.6989	9143.0000
6746.7375	8797.0000
6746.7760	8585.0000
6746.8146	8637.0000
6746.8532	8626.0000
6746.8917	8714.0000
6746.9303	8949.0000
6746.9688	9106.0000
6747.0074	9344.0000
6747.0459	9308.0000
6747.0845	9543.0000
6747.1230	9673.0000
6747.1616	9850.0000
6747.2001	9823.0000
6747.2387	9864.0000
6747.2772	9916.0000
6747.3158	9809.0000
6747.3543	9672.0000
6747.3929	9613.0000
6747.4314	9501.0000
6747.4699	9173.0000
6747.5085	8733.0000
6747.5470	8349.0000
6747.5856	8233.0000
6747.6241	7815.0000
6747.6627	7652.0000
6747.7012	7694.0000
6747.7397	7695.0000
6747.7782	7704.0000
6747.8168	7612.0000
6747.8553	7664.0000
6747.8938	7378.0000
6747.9323	7536.0000
6747.9708	7440.0000
6748.0093	7418.0000
6748.0479	7365.0000
6748.0864	7549.0000
6748.1249	7640.0000
6748.1634	7597.0000
6748.2019	7826.0000
6748.2404	7986.0000
6748.2789	8013.0000
6748.3174	8015.0000
6748.3559	8220.0000
6748.3944	8443.0000
6748.4329	8474.0000
6748.4713	8489.0000
6748.5098	8434.0000
6748.5483	8516.0000
6748.5868	8471.0000
6748.6254	8520.0000
6748.6639	8579.0000
6748.7024	8513.0000
6748.7408	8507.0000
6748.7793	8627.0000
6748.8178	8651.0000
6748.8563	8647.0000
6748.8947	8709.0000
6748.9332	8637.0000
6748.9717	8565.0000
6749.0101	8535.0000
6749.0486	8424.0000
6749.0871	8406.0000
6749.1255	8362.0000
6749.1640	8223.0000
6749.2025	8118.0000
6749.2409	7931.0000
6749.2794	7801.0000
6749.3178	7668.0000
6749.3563	7583.0000
6749.3947	7697.0000
6749.4332	7794.0000
6749.4716	7849.0000
6749.5101	8040.0000
6749.5485	8149.0000
6749.5870	8282.0000
6749.6254	8459.0000
6749.6639	8902.0000
6749.7024	9382.0000
6749.7408	9644.0000
6749.7792	9988.0000
6749.8177	10192.0000
6749.8561	10355.0000
6749.8945	10199.0000
6749.9330	9933.0000
6749.9714	9665.0000
6750.0098	9421.0000
6750.0482	9181.0000
6750.0867	9034.0000
6750.1251	8869.0000
6750.1635	8810.0000
6750.2019	8763.0000
6750.2403	8752.0000
6750.2787	8683.0000
6750.3171	8571.0000
6750.3555	8757.0000
6750.3940	8775.0000
6750.4324	8873.0000
6750.4708	8884.0000
6750.5092	8833.0000
6750.5476	8742.0000
6750.5860	8626.0000
6750.6244	8325.0000
6750.6628	8120.0000
6750.7011	8184.0000
6750.7396	8224.0000
6750.7780	8431.0000
6750.8164	8796.0000
6750.8548	9299.0000
6750.8932	9819.0000
6750.9316	10116.0000
6750.9700	10559.0000
6751.0083	10690.0000
6751.0467	10653.0000
6751.0851	10699.0000
6751.1235	10628.0000
6751.1618	10453.0000
6751.2002	10262.0000
6751.2386	10198.0000
6751.2769	9781.0000
6751.3153	9589.0000
6751.3537	9810.0000
6751.3920	9818.0000
6751.4304	9610.0000
6751.4688	9297.0000
6751.5071	9139.0000
6751.5455	9072.0000
6751.5838	8912.0000
6751.6222	8741.0000
6751.6605	8609.0000
6751.6989	8574.0000
6751.7372	8560.0000
6751.7757	8640.0000
6751.8140	8670.0000
6751.8524	8617.0000
6751.8907	8573.0000
6751.9290	8488.0000
6751.9674	8237.0000
6752.0057	8056.0000
6752.0440	7986.0000
6752.0824	7990.0000
6752.1207	7871.0000
6752.1590	8055.0000
6752.1974	8215.0000
6752.2357	8463.0000
6752.2740	8785.0000
6752.3123	9045.0000
6752.3507	9436.0000
6752.3890	9614.0000
6752.4273	9674.0000
6752.4656	9815.0000
6752.5039	10018.0000
6752.5422	9874.0000
6752.5805	9909.0000
6752.6188	9855.0000
6752.6572	9826.0000
6752.6955	9769.0000
6752.7338	9613.0000
6752.7721	9441.0000
6752.8104	9360.0000
6752.8488	9362.0000
6752.8871	9509.0000
6752.9254	9231.0000
6752.9636	9027.0000
6753.0019	9021.0000
6753.0402	9055.0000
6753.0785	9010.0000
6753.1168	8999.0000
6753.1551	8916.0000
6753.1934	8808.0000
6753.2317	8594.0000
6753.2699	8479.0000
6753.3082	8225.0000
6753.3465	8160.0000
6753.3848	8214.0000
6753.4230	8111.0000
6753.4613	8017.0000
6753.4996	7969.0000
6753.5378	7971.0000
6753.5761	7989.0000
6753.6144	8191.0000
6753.6526	8540.0000
6753.6909	8960.0000
6753.7292	9338.0000
6753.7674	9654.0000
6753.8057	9810.0000
6753.8439	9900.0000
6753.8823	9812.0000
6753.9205	9778.0000
6753.9588	9816.0000
6753.9970	9650.0000
6754.0353	9732.0000
6754.0735	9762.0000
6754.1118	9948.0000
6754.1500	10053.0000
6754.1882	10098.0000
6754.2265	9820.0000
6754.2647	9615.0000
6754.3029	9358.0000
6754.3412	9089.0000
6754.3794	9038.0000
6754.4176	8944.0000
6754.4559	8718.0000
6754.4941	8500.0000
6754.5323	8510.0000
6754.5705	8471.0000
6754.6088	8436.0000
6754.6470	8430.0000
6754.6852	8328.0000
6754.7234	8256.0000
6754.7616	8186.0000
6754.7998	8154.0000
6754.8380	8386.0000
6754.8763	8456.0000
6754.9145	8492.0000
6754.9528	8425.0000
6754.9910	8511.0000
6755.0292	8479.0000
6755.0674	8731.0000
6755.1056	8909.0000
6755.1438	9012.0000
6755.1820	9140.0000
6755.2202	9156.0000
6755.2583	9153.0000
6755.2965	9380.0000
6755.3347	9501.0000
6755.3729	9738.0000
6755.4111	10107.0000
6755.4493	10324.0000
6755.4875	10566.0000
6755.5256	10671.0000
6755.5638	10665.0000
6755.6020	10706.0000
6755.6402	10574.0000
6755.6783	10451.0000
6755.7165	10128.0000
6755.7547	9993.0000
6755.7929	9589.0000
6755.8310	9412.0000
6755.8692	9276.0000
6755.9074	9137.0000
6755.9455	8959.0000
6755.9838	8757.0000
6756.0219	8653.0000
6756.0601	8402.0000
6756.0982	8305.0000
6756.1364	8242.0000
6756.1745	8252.0000
6756.2127	8134.0000
6756.2508	8105.0000
6756.2890	8317.0000
6756.3271	8566.0000
6756.3653	8620.0000
6756.4034	8665.0000
6756.4416	8612.0000
6756.4797	8626.0000
6756.5178	8655.0000
6756.5560	8705.0000
6756.5941	8912.0000
6756.6322	9050.0000
6756.6704	9061.0000
6756.7085	9074.0000
6756.7466	9168.0000
6756.7847	9225.0000
6756.8229	9302.0000
6756.8610	9405.0000
6756.8991	9710.0000
6756.9372	10301.0000
6756.9753	10931.0000
6757.0134	11515.0000
6757.0517	12021.0000
6757.0898	12339.0000
6757.1279	12571.0000
6757.1660	12663.0000
6757.2041	12453.0000
6757.2422	12120.0000
6757.2803	11524.0000
6757.3184	11019.0000
6757.3565	10375.0000
6757.3946	9882.0000
6757.4327	9288.0000
6757.4708	8939.0000
6757.5089	8759.0000
6757.5470	8603.0000
6757.5851	8517.0000
6757.6231	8476.0000
6757.6612	8576.0000
6757.6993	8737.0000
6757.7374	9168.0000
6757.7755	9404.0000
6757.8135	9566.0000
6757.8516	9836.0000
6757.8897	9809.0000
6757.9278	9740.0000
6757.9658	9476.0000
6758.0039	9313.0000
6758.0420	9157.0000
6758.0802	9000.0000
6758.1182	9164.0000
6758.1563	9319.0000
6758.1943	9548.0000
6758.2324	9931.0000
6758.2705	9947.0000
6758.3085	10010.0000
6758.3466	10228.0000
6758.3846	10391.0000
6758.4227	10596.0000
6758.4607	10821.0000
6758.4988	11071.0000
6758.5368	11263.0000
6758.5749	11426.0000
6758.6129	11251.0000
6758.6509	10802.0000
6758.6890	10299.0000
6758.7270	9971.0000
6758.7651	10036.0000
6758.8031	10187.0000
6758.8411	10050.0000
6758.8792	9804.0000
6758.9172	9452.0000
6758.9552	9120.0000
6758.9932	8919.0000
6759.0313	8780.0000
6759.0693	8625.0000
6759.1073	8550.0000
6759.1454	8671.0000
6759.1835	8685.0000
6759.2215	8771.0000
6759.2595	8671.0000
6759.2975	8586.0000
6759.3355	8647.0000
6759.3735	8565.0000
6759.4115	8652.0000
6759.4495	8693.0000
6759.4875	8729.0000
6759.5255	8889.0000
6759.5635	8902.0000
6759.6015	9014.0000
6759.6395	9152.0000
6759.6775	9330.0000
6759.7155	9498.0000
6759.7535	9523.0000
6759.7915	9552.0000
6759.8295	9556.0000
6759.8675	9466.0000
6759.9055	9495.0000
6759.9434	9475.0000
6759.9814	9510.0000
6760.0194	9537.0000
6760.0574	9649.0000
6760.0954	9870.0000
6760.1333	10400.0000
6760.1713	10875.0000
6760.2094	11413.0000
6760.2474	11994.0000
6760.2853	12389.0000
6760.3233	12692.0000
6760.3613	12815.0000
6760.3992	12523.0000
6760.4372	12163.0000
6760.4751	11558.0000
6760.5131	10598.0000
6760.5511	9773.0000
6760.5890	9345.0000
6760.6270	8955.0000
6760.6649	8644.0000
6760.7029	8418.0000
6760.7408	8475.0000
6760.7788	8526.0000
6760.8167	8705.0000
6760.8547	8850.0000
6760.8926	8986.0000
6760.9305	9225.0000
6760.9685	9479.0000
6761.0064	9670.0000
6761.0443	9580.0000
6761.0823	9663.0000
6761.1202	9620.0000
6761.1581	9801.0000
6761.1961	9928.0000
6761.2340	9980.0000
6761.2720	10142.0000
6761.3099	10089.0000
6761.3479	10161.0000
6761.3858	10142.0000
6761.4237	10168.0000
6761.4616	9971.0000
6761.4995	9978.0000
6761.5374	9738.0000
6761.5754	9753.0000
6761.6133	9842.0000
6761.6512	10111.0000
6761.6891	10505.0000
6761.7270	10799.0000
6761.7649	11036.0000
6761.8028	11298.0000
6761.8407	11360.0000
6761.8786	11465.0000
6761.9165	11289.0000
6761.9544	11030.0000
6761.9923	10675.0000
6762.0302	10090.0000
6762.0681	9497.0000
6762.1059	9038.0000
6762.1438	8609.0000
6762.1817	8149.0000
6762.2196	8154.0000
6762.2575	8094.0000
6762.2955	8087.0000
6762.3333	8261.0000
6762.3712	8349.0000
6762.4091	8567.0000
6762.4470	8794.0000
6762.4848	8814.0000
6762.5227	8688.0000
6762.5606	8545.0000
6762.5984	8478.0000
6762.6363	8529.0000
6762.6742	8620.0000
6762.7120	8734.0000
6762.7499	9032.0000
6762.7877	9457.0000
6762.8256	9751.0000
6762.8634	9962.0000
6762.9013	10253.0000
6762.9391	10307.0000
6762.9770	10262.0000
6763.0148	10208.0000
6763.0527	10103.0000
6763.0905	10170.0000
6763.1284	10138.0000
6763.1662	10278.0000
6763.2040	10609.0000
6763.2419	10900.0000
6763.2797	11143.0000
6763.3176	11362.0000
6763.3555	11395.0000
6763.3933	11416.0000
6763.4311	11108.0000
6763.4690	10814.0000
6763.5068	10697.0000
6763.5446	10465.0000
6763.5824	10329.0000
6763.6203	10071.0000
6763.6581	9921.0000
6763.6959	9855.0000
6763.7337	9765.0000
6763.7715	9568.0000
6763.8093	9462.0000
6763.8471	9499.0000
6763.8850	9466.0000
6763.9228	9382.0000
6763.9606	9402.0000
6763.9984	9450.0000
6764.0362	9612.0000
6764.0740	9976.0000
6764.1118	10119.0000
6764.1496	10370.0000
6764.1874	10388.0000
6764.2252	10261.0000
6764.2629	9955.0000
6764.3007	9598.0000
6764.3385	9361.0000
6764.3763	9142.0000
6764.4142	9100.0000
6764.4520	9119.0000
6764.4898	9400.0000
6764.5275	9602.0000
6764.5653	9827.0000
6764.6031	9996.0000
6764.6409	9967.0000
6764.6786	10274.0000
6764.7164	10369.0000
6764.7542	10299.0000
6764.7919	10227.0000
6764.8297	10059.0000
6764.8675	10085.0000
6764.9052	10229.0000
6764.9430	10432.0000
6764.9808	10812.0000
6765.0185	11106.0000
6765.0563	11423.0000
6765.0940	11585.0000
6765.1318	11623.0000
6765.1695	11600.0000
6765.2073	11440.0000
6765.2450	11019.0000
6765.2828	10626.0000
6765.3205	10203.0000
6765.3583	9746.0000
6765.3960	9446.0000
6765.4337	9278.0000
6765.4716	9350.0000
6765.5093	9527.0000
6765.5470	9718.0000
6765.5848	9807.0000
6765.6225	10044.0000
6765.6602	10276.0000
6765.6980	10330.0000
6765.7357	10407.0000
6765.7734	10279.0000
6765.8111	10203.0000
6765.8489	10217.0000
6765.8866	10303.0000
6765.9243	10259.0000
6765.9620	10033.0000
6765.9997	9881.0000
6766.0374	9825.0000
6766.0751	10148.0000
6766.1129	10205.0000
6766.1506	10513.0000
6766.1883	10855.0000
6766.2260	11058.0000
6766.2637	11104.0000
6766.3014	11135.0000
6766.3391	11028.0000
6766.3768	10737.0000
6766.4145	10407.0000
6766.4522	10144.0000
6766.4899	9762.0000
6766.5276	9503.0000
6766.5653	9259.0000
6766.6030	9171.0000
6766.6407	9162.0000
6766.6784	9415.0000
6766.7161	9805.0000
6766.7537	10112.0000
6766.7914	10432.0000
6766.8291	11034.0000
6766.8668	11153.0000
6766.9045	11024.0000
6766.9421	10740.0000
6766.9798	10427.0000
6767.0175	9979.0000
6767.0551	9708.0000
6767.0928	9690.0000
6767.1305	9716.0000
6767.1681	9910.0000
6767.2058	10307.0000
6767.2434	10462.0000
6767.2811	10750.0000
6767.3187	10909.0000
6767.3564	11139.0000
6767.3941	11514.0000
6767.4317	11802.0000
6767.4693	11867.0000
6767.5070	11723.0000
6767.5446	11545.0000
6767.5824	11042.0000
6767.6200	10571.0000
6767.6577	9985.0000
6767.6953	9690.0000
6767.7329	9562.0000
6767.7706	9736.0000
6767.8082	10087.0000
6767.8458	10187.0000
6767.8835	10193.0000
6767.9211	10493.0000
6767.9587	10730.0000
6767.9963	10877.0000
6768.0340	10953.0000
6768.0716	11287.0000
6768.1092	11511.0000
6768.1468	11819.0000
6768.1844	11873.0000
6768.2221	11878.0000
6768.2597	11978.0000
6768.2973	12285.0000
6768.3349	12692.0000
6768.3725	12999.0000
6768.4101	13333.0000
6768.4477	13536.0000
6768.4853	13627.0000
6768.5229	13374.0000
6768.5605	12823.0000
6768.5981	12063.0000
6768.6358	11216.0000
6768.6734	10459.0000
6768.7110	9827.0000
6768.7486	9370.0000
6768.7862	9269.0000
6768.8238	9309.0000
6768.8613	9686.0000
6768.8989	10139.0000
6768.9365	10516.0000
6768.9741	10897.0000
6769.0117	11376.0000
6769.0492	11918.0000
6769.0868	12357.0000
6769.1244	12762.0000
6769.1620	12998.0000
6769.1995	12778.0000
6769.2371	12395.0000
6769.2747	11976.0000
6769.3122	11360.0000
6769.3498	10910.0000
6769.3874	10585.0000
6769.4249	10625.0000
6769.4625	10553.0000
6769.5000	10694.0000
6769.5376	10889.0000
6769.5751	10931.0000
6769.6127	10672.0000
6769.6502	10250.0000
6769.6879	10013.0000
6769.7254	9733.0000
6769.7630	9374.0000
6769.8005	9317.0000
6769.8381	9411.0000
6769.8756	9379.0000
6769.9131	9557.0000
6769.9507	9829.0000
6769.9882	10043.0000
6770.0258	10357.0000
6770.0633	10780.0000
6770.1008	11148.0000
6770.1383	11677.0000
6770.1759	12038.0000
6770.2134	12093.0000
6770.2509	12221.0000
6770.2884	11984.0000
6770.3260	11619.0000
6770.3635	11140.0000
6770.4010	10619.0000
6770.4385	10297.0000
6770.4760	10115.0000
6770.5135	10044.0000
6770.5510	10043.0000
6770.5886	10193.0000
6770.6261	10289.0000
6770.6636	10325.0000
6770.7011	10475.0000
6770.7387	10481.0000
6770.7762	10440.0000
6770.8137	10506.0000
6770.8512	10658.0000
6770.8887	10630.0000
6770.9261	10428.0000
6770.9636	10157.0000
6771.0011	9939.0000
6771.0386	9588.0000
6771.0761	9485.0000
6771.1136	9518.0000
6771.1511	9690.0000
6771.1885	10185.0000
6771.2260	10582.0000
6771.2635	11112.0000
6771.3010	11696.0000
6771.3385	12025.0000
6771.3759	12155.0000
6771.4134	12232.0000
6771.4509	12154.0000
6771.4883	11912.0000
6771.5258	11609.0000
6771.5633	11413.0000
6771.6007	11034.0000
6771.6382	10566.0000
6771.6756	10376.0000
6771.7131	10110.0000
6771.7506	9872.0000
6771.7881	9725.0000
6771.8256	9665.0000
6771.8630	9674.0000
6771.9005	9791.0000
6771.9379	9736.0000
6771.9754	9725.0000
6772.0128	9638.0000
6772.0502	9415.0000
6772.0877	9301.0000
6772.1251	9224.0000
6772.1626	9081.0000
6772.2000	8954.0000
6772.2374	9146.0000
6772.2749	9333.0000
6772.3123	9602.0000
6772.3497	9927.0000
6772.3872	10418.0000
6772.4246	11082.0000
6772.4620	11892.0000
6772.4994	12643.0000
6772.5368	13163.0000
6772.5743	13794.0000
6772.6117	14340.0000
6772.6491	14678.0000
6772.6865	14649.0000
6772.7239	14330.0000
6772.7613	13763.0000
6772.7987	12876.0000
6772.8362	11941.0000
6772.8737	10940.0000
6772.9111	10148.0000
6772.9485	9918.0000
6772.9859	9861.0000
6773.0233	10206.0000
6773.0607	10782.0000
6773.0980	11178.0000
6773.1354	11622.0000
6773.1728	11970.0000
6773.2102	11974.0000
6773.2476	12074.0000
6773.2850	11823.0000
6773.3224	11467.0000
6773.3598	11029.0000
6773.3971	10503.0000
6773.4345	10156.0000
6773.4719	9932.0000
6773.5093	10015.0000
6773.5467	10151.0000
6773.5840	10256.0000
6773.6214	10518.0000
6773.6588	10730.0000
6773.6961	10940.0000
6773.7335	11214.0000
6773.7709	11390.0000
6773.8082	11300.0000
6773.8456	10988.0000
6773.8831	10732.0000
6773.9204	10628.0000
6773.9578	10334.0000
6773.9951	10139.0000
6774.0325	9665.0000
6774.0698	9553.0000
6774.1072	9563.0000
6774.1445	9870.0000
6774.1819	10358.0000
6774.2192	10943.0000
6774.2566	11758.0000
6774.2939	12232.0000
6774.3312	12814.0000
6774.3686	13297.0000
6774.4059	13669.0000
6774.4432	13811.0000
6774.4806	13762.0000
6774.5179	13562.0000
6774.5552	13185.0000
6774.5926	12503.0000
6774.6299	11790.0000
6774.6672	11099.0000
6774.7045	10547.0000
6774.7419	10455.0000
6774.7792	10625.0000
6774.8165	11089.0000
6774.8538	11592.0000
6774.8911	12179.0000
6774.9285	12788.0000
6774.9659	13298.0000
6775.0032	13580.0000
6775.0405	13602.0000
6775.0778	13324.0000
6775.1151	13196.0000
6775.1524	12678.0000
6775.1897	12162.0000
6775.2270	11527.0000
6775.2643	11035.0000
6775.3016	10681.0000
6775.3389	10570.0000
6775.3762	10665.0000
6775.4135	10742.0000
6775.4507	10725.0000
6775.4880	10551.0000
6775.5253	10566.0000
6775.5626	10454.0000
6775.5999	10070.0000
6775.6372	9834.0000
6775.6744	9885.0000
6775.7117	9844.0000
6775.7490	9831.0000
6775.7863	9657.0000
6775.8235	9682.0000
6775.8608	9517.0000
6775.8981	9241.0000
6775.9353	9164.0000
6775.9726	9318.0000
6776.0100	9502.0000
6776.0472	9898.0000
6776.0845	10264.0000
6776.1218	10803.0000
6776.1590	11197.0000
6776.1963	11514.0000
6776.2335	11558.0000
6776.2708	11476.0000
6776.3080	11241.0000
6776.3453	11002.0000
6776.3825	10461.0000
6776.4198	9971.0000
6776.4570	9669.0000
6776.4942	9397.0000
6776.5315	9474.0000
6776.5687	9808.0000
6776.6060	10311.0000
6776.6432	10787.0000
6776.6804	11362.0000
6776.7177	12056.0000
6776.7549	12643.0000
6776.7921	12971.0000
6776.8293	13407.0000
6776.8666	13765.0000
6776.9038	13911.0000
6776.9410	14239.0000
6776.9782	14079.0000
6777.0155	13863.0000
6777.0528	13440.0000
6777.0900	12916.0000
6777.1272	12322.0000
6777.1644	11630.0000
6777.2016	10995.0000
6777.2388	10450.0000
6777.2760	9995.0000
6777.3132	9751.0000
6777.3504	9392.0000
6777.3876	9255.0000
6777.4248	9136.0000
6777.4620	9061.0000
6777.4992	9055.0000
6777.5364	9173.0000
6777.5736	9208.0000
6777.6108	9284.0000
6777.6480	9153.0000
6777.6852	9142.0000
6777.7224	9204.0000
6777.7596	9304.0000
6777.7967	9344.0000
6777.8339	9559.0000
6777.8711	9874.0000
6777.9083	10296.0000
6777.9455	10773.0000
6777.9826	11168.0000
6778.0198	11483.0000
6778.0570	11847.0000
6778.0942	12126.0000
6778.1314	11942.0000
6778.1686	11858.0000
6778.2057	11545.0000
6778.2429	11127.0000
6778.2801	10733.0000
6778.3172	10327.0000
6778.3544	10062.0000
6778.3915	9805.0000
6778.4287	9689.0000
6778.4659	9652.0000
6778.5030	9705.0000
6778.5402	9707.0000
6778.5773	9766.0000
6778.6144	9840.0000
6778.6516	9690.0000
6778.6887	9788.0000
6778.7259	9810.0000
6778.7630	9754.0000
6778.8001	9800.0000
6778.8373	9858.0000
6778.8744	9853.0000
6778.9115	9817.0000
6778.9487	9822.0000
6778.9858	9876.0000
6779.0229	10069.0000
6779.0601	10234.0000
6779.0972	10433.0000
6779.1344	10551.0000
6779.1715	10742.0000
6779.2086	10741.0000
6779.2458	10483.0000
6779.2829	10219.0000
6779.3200	10108.0000
6779.3571	9979.0000
6779.3942	10034.0000
6779.4313	10233.0000
6779.4684	10863.0000
6779.5055	11281.0000
6779.5426	11534.0000
6779.5797	11642.0000
6779.6168	11636.0000
6779.6539	11657.0000
6779.6910	11471.0000
6779.7281	11361.0000
6779.7652	11148.0000
6779.8023	10929.0000
6779.8394	10792.0000
6779.8765	10751.0000
6779.9136	10834.0000
6779.9507	10776.0000
6779.9878	10654.0000
6780.0248	10549.0000
6780.0619	10419.0000
6780.0990	9992.0000
6780.1361	9564.0000
6780.1731	9256.0000
6780.2103	8941.0000
6780.2474	8640.0000
6780.2845	8477.0000
6780.3215	8437.0000
6780.3586	8592.0000
6780.3957	8800.0000
6780.4327	8913.0000
6780.4698	9138.0000
6780.5068	9411.0000
6780.5439	9533.0000
6780.5810	9752.0000
6780.6180	10055.0000
6780.6551	10255.0000
6780.6921	10390.0000
6780.7292	10682.0000
6780.7662	10813.0000
6780.8033	10856.0000
6780.8403	10999.0000
6780.8774	10870.0000
6780.9144	10828.0000
6780.9514	10688.0000
6780.9885	10406.0000
6781.0255	10191.0000
6781.0625	9917.0000
6781.0996	9502.0000
6781.1366	9057.0000
6781.1736	8780.0000
6781.2107	8541.0000
6781.2478	8293.0000
6781.2848	8050.0000
6781.3218	8044.0000
6781.3589	8032.0000
6781.3959	8076.0000
6781.4329	8213.0000
6781.4699	8272.0000
6781.5069	8242.0000
6781.5439	8102.0000
6781.5810	7933.0000
6781.6180	7646.0000
6781.6550	7405.0000
6781.6920	7057.0000
6781.7290	6916.0000
6781.7660	6712.0000
6781.8030	6606.0000
6781.8400	6601.0000
6781.8770	6586.0000
6781.9140	6538.0000
6781.9510	6519.0000
6781.9880	6477.0000
6782.0250	6529.0000
6782.0619	6553.0000
6782.0989	6483.0000
6782.1359	6496.0000
6782.1729	6583.0000
6782.2099	6672.0000
6782.2469	6862.0000
6782.2838	6850.0000
6782.3209	6918.0000
6782.3579	7008.0000
6782.3949	7085.0000
6782.4318	7127.0000
6782.4688	7221.0000
6782.5058	7286.0000
6782.5428	7286.0000
6782.5797	7227.0000
6782.6167	7345.0000
6782.6536	7398.0000
6782.6906	7355.0000
6782.7276	7296.0000
6782.7645	7282.0000
6782.8015	7321.0000
6782.8384	7126.0000
6782.8754	7151.0000
6782.9123	7104.0000
6782.9493	7007.0000
6782.9862	6891.0000
6783.0232	6797.0000
6783.0601	6928.0000
6783.0971	6845.0000
6783.1340	6787.0000
6783.1709	6919.0000
6783.2079	7017.0000
6783.2448	7058.0000
6783.2818	7129.0000
6783.3187	7190.0000
6783.3557	7253.0000
6783.3926	7235.0000
6783.4296	7222.0000
6783.4665	7367.0000
6783.5034	7409.0000
6783.5403	7436.0000
6783.5773	7525.0000
6783.6142	7550.0000
6783.6511	7448.0000
6783.6880	7526.0000
6783.7249	7605.0000
6783.7618	7691.0000
6783.7987	7749.0000
6783.8357	7957.0000
6783.8726	8122.0000
6783.9095	8082.0000
6783.9464	8120.0000
6783.9833	8005.0000
6784.0202	7867.0000
6784.0571	7725.0000
6784.0940	7555.0000
6784.1309	7339.0000
6784.1678	7218.0000
6784.2047	7116.0000
6784.2415	7024.0000
6784.2784	7122.0000
6784.3153	5894.0000
6784.3522	5837.0000
6784.3891	5836.0000
6784.4261	5875.0000
6784.4629	5955.0000
6784.4998	6004.0000
6784.5367	5983.0000
6784.5736	5903.0000
6784.6104	5890.0000
6784.6473	5920.0000
