R_Cam.24
6097.5596	1311.0000
6097.5962	1998.0000
6097.6328	2139.0000
6097.6695	2307.0000
6097.7061	2365.0000
6097.7427	2416.0000
6097.7793	2489.0000
6097.8159	2473.0000
6097.8526	2463.0000
6097.8892	2325.0000
6097.9258	2990.0000
6097.9624	2979.0000
6097.9990	2813.0000
6098.0357	2780.0000
6098.0723	2849.0000
6098.1089	2936.0000
6098.1455	2983.0000
6098.1821	3068.0000
6098.2187	3161.0000
6098.2553	3346.0000
6098.2919	3373.0000
6098.3285	3410.0000
6098.3651	3610.0000
6098.4017	3745.0000
6098.4383	3785.0000
6098.4749	3852.0000
6098.5115	3833.0000
6098.5481	3848.0000
6098.5847	3744.0000
6098.6213	3553.0000
6098.6578	3444.0000
6098.6944	3414.0000
6098.7310	3295.0000
6098.7676	3316.0000
6098.8042	3327.0000
6098.8407	3544.0000
6098.8773	3591.0000
6098.9139	3591.0000
6098.9505	3617.0000
6098.9870	3613.0000
6099.0236	3631.0000
6099.0602	3622.0000
6099.0968	3507.0000
6099.1334	3479.0000
6099.1700	3533.0000
6099.2065	3552.0000
6099.2431	3572.0000
6099.2796	3382.0000
6099.3162	3298.0000
6099.3527	3328.0000
6099.3893	3205.0000
6099.4258	3185.0000
6099.4624	3286.0000
6099.4989	3297.0000
6099.5355	3395.0000
6099.5720	3413.0000
6099.6086	3436.0000
6099.6451	3440.0000
6099.6817	3545.0000
6099.7182	3647.0000
6099.7547	3591.0000
6099.7913	3584.0000
6099.8278	3464.0000
6099.8643	3308.0000
6099.9009	3240.0000
6099.9374	3317.0000
6099.9739	3317.0000
6100.0104	3398.0000
6100.0470	3459.0000
6100.0835	3442.0000
6100.1201	3673.0000
6100.1566	3699.0000
6100.1932	3709.0000
6100.2297	3647.0000
6100.2662	3628.0000
6100.3027	3613.0000
6100.3392	3523.0000
6100.3757	3503.0000
6100.4122	3509.0000
6100.4487	3429.0000
6100.4853	3302.0000
6100.5218	3379.0000
6100.5583	3385.0000
6100.5948	3264.0000
6100.6313	3301.0000
6100.6678	3410.0000
6100.7043	3469.0000
6100.7408	3563.0000
6100.7772	3600.0000
6100.8137	3734.0000
6100.8502	3877.0000
6100.8867	3964.0000
6100.9232	3954.0000
6100.9597	3912.0000
6100.9962	3842.0000
6101.0327	3865.0000
6101.0691	3758.0000
6101.1056	3610.0000
6101.1421	3458.0000
6101.1787	3326.0000
6101.2152	3298.0000
6101.2516	3227.0000
6101.2881	3259.0000
6101.3246	3222.0000
6101.3610	3249.0000
6101.3975	3327.0000
6101.4340	3367.0000
6101.4704	3445.0000
6101.5069	3449.0000
6101.5434	3413.0000
6101.5798	3351.0000
6101.6163	3198.0000
6101.6527	3153.0000
6101.6892	3132.0000
6101.7257	3105.0000
6101.7621	2988.0000
6101.7986	2896.0000
6101.8350	2978.0000
6101.8715	2908.0000
6101.9079	2895.0000
6101.9443	2968.0000
6101.9808	2967.0000
6102.0172	2988.0000
6102.0537	3044.0000
6102.0901	2966.0000
6102.1265	3016.0000
6102.1630	3065.0000
6102.1994	3057.0000
6102.2360	3095.0000
6102.2724	3179.0000
6102.3088	3200.0000
6102.3452	3220.0000
6102.3817	3198.0000
6102.4181	3199.0000
6102.4545	3124.0000
6102.4909	3104.0000
6102.5274	2926.0000
6102.5638	2788.0000
6102.6002	2616.0000
6102.6366	2390.0000
6102.6730	2320.0000
6102.7094	2237.0000
6102.7458	2255.0000
6102.7823	2366.0000
6102.8187	2571.0000
6102.8551	2787.0000
6102.8915	2792.0000
6102.9279	2915.0000
6102.9643	3027.0000
6103.0007	3094.0000
6103.0371	3136.0000
6103.0735	3266.0000
6103.1099	3292.0000
6103.1463	3185.0000
6103.1827	3163.0000
6103.2190	3240.0000
6103.2554	3206.0000
6103.2919	3242.0000
6103.3283	3289.0000
6103.3647	3375.0000
6103.4011	3444.0000
6103.4375	3545.0000
6103.4738	3614.0000
6103.5102	3583.0000
6103.5466	3715.0000
6103.5830	3762.0000
6103.6193	3601.0000
6103.6557	3599.0000
6103.6921	3615.0000
6103.7285	3606.0000
6103.7648	3518.0000
6103.8012	3545.0000
6103.8376	3529.0000
6103.8739	3335.0000
6103.9103	3213.0000
6103.9466	3135.0000
6103.9830	3131.0000
6104.0194	3130.0000
6104.0557	3238.0000
6104.0921	3261.0000
6104.1284	3312.0000
6104.1648	3332.0000
6104.2011	3383.0000
6104.2375	3396.0000
6104.2738	3506.0000
6104.3102	3625.0000
6104.3466	3738.0000
6104.3829	3767.0000
6104.4193	3821.0000
6104.4556	3884.0000
6104.4920	3892.0000
6104.5283	3879.0000
6104.5646	3755.0000
6104.6010	3646.0000
6104.6373	3568.0000
6104.6736	3410.0000
6104.7100	3332.0000
6104.7463	3321.0000
6104.7826	3310.0000
6104.8189	3340.0000
6104.8553	3413.0000
6104.8916	3470.0000
6104.9279	3547.0000
6104.9642	3653.0000
6105.0005	3707.0000
6105.0368	3695.0000
6105.0731	3817.0000
6105.1095	3797.0000
6105.1458	3888.0000
6105.1821	4030.0000
6105.2184	3999.0000
6105.2547	3916.0000
6105.2910	3897.0000
6105.3273	3732.0000
6105.3636	3678.0000
6105.4000	3574.0000
6105.4363	3522.0000
6105.4726	3627.0000
6105.5089	3611.0000
6105.5452	3552.0000
6105.5815	3565.0000
6105.6178	3613.0000
6105.6540	3644.0000
6105.6903	3708.0000
6105.7266	3778.0000
6105.7629	3825.0000
6105.7992	3879.0000
6105.8355	3958.0000
6105.8717	4050.0000
6105.9080	4178.0000
6105.9443	4281.0000
6105.9806	4398.0000
6106.0168	4386.0000
6106.0531	4310.0000
6106.0894	4144.0000
6106.1256	4066.0000
6106.1619	3990.0000
6106.1982	3947.0000
6106.2344	3987.0000
6106.2707	4075.0000
6106.3070	4206.0000
6106.3432	4163.0000
6106.3795	4003.0000
6106.4157	3951.0000
6106.4521	3863.0000
6106.4883	3829.0000
6106.5246	3761.0000
6106.5608	3831.0000
6106.5971	3807.0000
6106.6333	3714.0000
6106.6696	3759.0000
6106.7058	3872.0000
6106.7421	3840.0000
6106.7783	3855.0000
6106.8145	3896.0000
6106.8508	3909.0000
6106.8870	3990.0000
6106.9232	4031.0000
6106.9595	4151.0000
6106.9957	4272.0000
6107.0319	4370.0000
6107.0682	4407.0000
6107.1044	4363.0000
6107.1406	4407.0000
6107.1768	4264.0000
6107.2131	4179.0000
6107.2493	4162.0000
6107.2855	4110.0000
6107.3217	4139.0000
6107.3579	4076.0000
6107.3941	3994.0000
6107.4304	3827.0000
6107.4666	3695.0000
6107.5029	3720.0000
6107.5391	3726.0000
6107.5753	3797.0000
6107.6115	3901.0000
6107.6477	3965.0000
6107.6839	3927.0000
6107.7201	4039.0000
6107.7563	4097.0000
6107.7925	4161.0000
6107.8287	4183.0000
6107.8649	4230.0000
6107.9011	4318.0000
6107.9373	4432.0000
6107.9735	4472.0000
6108.0096	4329.0000
6108.0458	4173.0000
6108.0820	4057.0000
6108.1182	4040.0000
6108.1544	3898.0000
6108.1906	3802.0000
6108.2267	3858.0000
6108.2629	3840.0000
6108.2991	3753.0000
6108.3353	3734.0000
6108.3714	3716.0000
6108.4076	3710.0000
6108.4438	3790.0000
6108.4800	3917.0000
6108.5161	4048.0000
6108.5524	4060.0000
6108.5885	4079.0000
6108.6247	4088.0000
6108.6609	4182.0000
6108.6970	4338.0000
6108.7332	4506.0000
6108.7693	4580.0000
6108.8055	4612.0000
6108.8416	4600.0000
6108.8778	4404.0000
6108.9139	4357.0000
6108.9501	4259.0000
6108.9862	4076.0000
6109.0224	4044.0000
6109.0585	3994.0000
6109.0947	4014.0000
6109.1308	3900.0000
6109.1669	3839.0000
6109.2031	3764.0000
6109.2392	3828.0000
6109.2754	3928.0000
6109.3115	4044.0000
6109.3476	4219.0000
6109.3837	4190.0000
6109.4199	4260.0000
6109.4560	4316.0000
6109.4921	4292.0000
6109.5282	4231.0000
6109.5644	4418.0000
6109.6006	4393.0000
6109.6367	4488.0000
6109.6728	4611.0000
6109.7089	4473.0000
6109.7451	4357.0000
6109.7812	4182.0000
6109.8173	3819.0000
6109.8534	3641.0000
6109.8895	3482.0000
6109.9256	3377.0000
6109.9617	3363.0000
6109.9978	3338.0000
6110.0339	3367.0000
6110.0700	3469.0000
6110.1061	3582.0000
6110.1422	3443.0000
6110.1783	3523.0000
6110.2144	3563.0000
6110.2505	3601.0000
6110.2866	3545.0000
6110.3227	3596.0000
6110.3588	3495.0000
6110.3948	3513.0000
6110.4309	3525.0000
6110.4670	3640.0000
6110.5031	3693.0000
6110.5392	3653.0000
6110.5752	3714.0000
6110.6113	3747.0000
6110.6475	3614.0000
6110.6836	3556.0000
6110.7196	3495.0000
6110.7557	3418.0000
6110.7918	3443.0000
6110.8279	3645.0000
6110.8639	3868.0000
6110.9000	4034.0000
6110.9360	4258.0000
6110.9721	4386.0000
6111.0082	4325.0000
6111.0442	4218.0000
6111.0803	4337.0000
6111.1163	4384.0000
6111.1524	4388.0000
6111.1884	4494.0000
6111.2245	4501.0000
6111.2605	4409.0000
6111.2966	4370.0000
6111.3326	4241.0000
6111.3687	4002.0000
6111.4047	3805.0000
6111.4408	3890.0000
6111.4768	3941.0000
6111.5128	3999.0000
6111.5489	4066.0000
6111.5849	4094.0000
6111.6210	4097.0000
6111.6570	4008.0000
6111.6930	3958.0000
6111.7291	4090.0000
6111.7652	4255.0000
6111.8012	4418.0000
6111.8372	4589.0000
6111.8732	4707.0000
6111.9093	4687.0000
6111.9453	4673.0000
6111.9813	4546.0000
6112.0173	4482.0000
6112.0533	4516.0000
6112.0894	4494.0000
6112.1254	4587.0000
6112.1614	4610.0000
6112.1974	4550.0000
6112.2334	4513.0000
6112.2694	4435.0000
6112.3054	4224.0000
6112.3414	4131.0000
6112.3774	4128.0000
6112.4134	4048.0000
6112.4494	4198.0000
6112.4854	4406.0000
6112.5214	4460.0000
6112.5574	4627.0000
6112.5934	4709.0000
6112.6294	4681.0000
6112.6654	4581.0000
6112.7013	4553.0000
6112.7373	4590.0000
6112.7734	4665.0000
6112.8094	4759.0000
6112.8454	4923.0000
6112.8814	5111.0000
6112.9173	5044.0000
6112.9533	4979.0000
6112.9893	4883.0000
6113.0253	4705.0000
6113.0612	4573.0000
6113.0972	4550.0000
6113.1332	4511.0000
6113.1691	4569.0000
6113.2051	4512.0000
6113.2411	4436.0000
6113.2770	4348.0000
6113.3130	4370.0000
6113.3490	4356.0000
6113.3849	4417.0000
6113.4209	4574.0000
6113.4568	4781.0000
6113.4928	5048.0000
6113.5287	5117.0000
6113.5647	5027.0000
6113.6006	4934.0000
6113.6366	4759.0000
6113.6725	4655.0000
6113.7085	4462.0000
6113.7444	4484.0000
6113.7804	4664.0000
6113.8164	4837.0000
6113.8523	4939.0000
6113.8883	4947.0000
6113.9242	4876.0000
6113.9601	4652.0000
6113.9961	4594.0000
6114.0320	4377.0000
6114.0679	4347.0000
6114.1039	4430.0000
6114.1398	4510.0000
6114.1757	4652.0000
6114.2116	4933.0000
6114.2476	4985.0000
6114.2835	4952.0000
6114.3194	4943.0000
6114.3553	4898.0000
6114.3912	4874.0000
6114.4271	5032.0000
6114.4631	5159.0000
6114.4990	5359.0000
6114.5349	5340.0000
6114.5708	5389.0000
6114.6067	5340.0000
6114.6426	5080.0000
6114.6785	4886.0000
6114.7144	4590.0000
6114.7503	4486.0000
6114.7862	4591.0000
6114.8221	4648.0000
6114.8581	4837.0000
6114.8940	4889.0000
6114.9299	4853.0000
6114.9658	4873.0000
6115.0017	4807.0000
6115.0375	4718.0000
6115.0734	4511.0000
6115.1093	4595.0000
6115.1452	4660.0000
6115.1811	4760.0000
6115.2170	4865.0000
6115.2528	4938.0000
6115.2887	4998.0000
6115.3246	4837.0000
6115.3605	4788.0000
6115.3963	4765.0000
6115.4322	4599.0000
6115.4681	4787.0000
6115.5039	4809.0000
6115.5398	4978.0000
6115.5757	5035.0000
6115.6115	4988.0000
6115.6474	4794.0000
6115.6833	4665.0000
6115.7191	4364.0000
6115.7550	4061.0000
6115.7908	3789.0000
6115.8267	3484.0000
6115.8625	3325.0000
6115.8984	3236.0000
6115.9343	3132.0000
6115.9702	3123.0000
6116.0060	3127.0000
6116.0419	3133.0000
6116.0777	3162.0000
6116.1135	3262.0000
6116.1494	3240.0000
6116.1852	3306.0000
6116.2211	3356.0000
6116.2569	3483.0000
6116.2927	3547.0000
6116.3286	3650.0000
6116.3644	3681.0000
6116.4002	3641.0000
6116.4360	3659.0000
6116.4719	3693.0000
6116.5077	3702.0000
6116.5435	3769.0000
6116.5793	3831.0000
6116.6152	3996.0000
6116.6510	4027.0000
6116.6868	4090.0000
6116.7226	4060.0000
6116.7584	3986.0000
6116.7942	3974.0000
6116.8300	3941.0000
6116.8659	3922.0000
6116.9017	3922.0000
6116.9375	4009.0000
6116.9734	4203.0000
6117.0092	4297.0000
6117.0450	4354.0000
6117.0808	4284.0000
6117.1166	4235.0000
6117.1524	4235.0000
6117.1882	4163.0000
6117.2240	4143.0000
6117.2598	4112.0000
6117.2955	4240.0000
6117.3313	4380.0000
6117.3671	4434.0000
6117.4029	4404.0000
6117.4387	4411.0000
6117.4745	4409.0000
6117.5103	4375.0000
6117.5460	4273.0000
6117.5818	4228.0000
6117.6176	4223.0000
6117.6534	4272.0000
6117.6891	4501.0000
6117.7249	4565.0000
6117.7607	4564.0000
6117.7964	4652.0000
6117.8322	4729.0000
6117.8680	4602.0000
6117.9037	4620.0000
6117.9395	4397.0000
6117.9753	4384.0000
6118.0111	4527.0000
6118.0469	4613.0000
6118.0826	4709.0000
6118.1184	4677.0000
6118.1542	4771.0000
6118.1899	4664.0000
6118.2257	4451.0000
6118.2614	4258.0000
6118.2971	4184.0000
6118.3329	4302.0000
6118.3686	4394.0000
6118.4044	4550.0000
6118.4401	4759.0000
6118.4759	4874.0000
6118.5116	4948.0000
6118.5473	4984.0000
6118.5831	4975.0000
6118.6188	4887.0000
6118.6545	4709.0000
6118.6903	4583.0000
6118.7260	4516.0000
6118.7617	4719.0000
6118.7974	4741.0000
6118.8332	4855.0000
6118.8689	4921.0000
6118.9046	4855.0000
6118.9403	4797.0000
6118.9761	4718.0000
6119.0118	4485.0000
6119.0475	4356.0000
6119.0833	4472.0000
6119.1190	4561.0000
6119.1547	4699.0000
6119.1904	4696.0000
6119.2261	4715.0000
6119.2618	4658.0000
6119.2975	4518.0000
6119.3332	4421.0000
6119.3690	4285.0000
6119.4047	4160.0000
6119.4403	4090.0000
6119.4760	4142.0000
6119.5117	4243.0000
6119.5474	4350.0000
6119.5831	4526.0000
6119.6188	4636.0000
6119.6545	4745.0000
6119.6902	4826.0000
6119.7259	4607.0000
6119.7616	4548.0000
6119.7972	4468.0000
6119.8329	4541.0000
6119.8686	4603.0000
6119.9043	4756.0000
6119.9400	4862.0000
6119.9756	5142.0000
6120.0113	5180.0000
6120.0470	5077.0000
6120.0826	4902.0000
6120.1184	4592.0000
6120.1541	4284.0000
6120.1897	4141.0000
6120.2254	4142.0000
6120.2611	4114.0000
6120.2967	4092.0000
6120.3324	4250.0000
6120.3681	4345.0000
6120.4037	4382.0000
6120.4394	4349.0000
6120.4750	4351.0000
6120.5107	4311.0000
6120.5463	4294.0000
6120.5820	4260.0000
6120.6176	4190.0000
6120.6533	4233.0000
6120.6889	4316.0000
6120.7245	4454.0000
6120.7602	4663.0000
6120.7958	4730.0000
6120.8315	4576.0000
6120.8671	4487.0000
6120.9027	4510.0000
6120.9384	4404.0000
6120.9740	4396.0000
6121.0096	4325.0000
6121.0453	4275.0000
6121.0809	4355.0000
6121.1165	4429.0000
6121.1521	4477.0000
6121.1879	4426.0000
6121.2235	4392.0000
6121.2591	4344.0000
6121.2947	4215.0000
6121.3303	4213.0000
6121.3659	4207.0000
6121.4016	4154.0000
6121.4372	4206.0000
6121.4728	4292.0000
6121.5084	4382.0000
6121.5440	4396.0000
6121.5796	4524.0000
6121.6152	4456.0000
6121.6508	4451.0000
6121.6864	4421.0000
6121.7220	4266.0000
6121.7576	4337.0000
6121.7932	4330.0000
6121.8288	4389.0000
6121.8644	4551.0000
6121.9000	4656.0000
6121.9356	4593.0000
6121.9712	4491.0000
6122.0068	4301.0000
6122.0423	4182.0000
6122.0779	3751.0000
6122.1135	3383.0000
6122.1491	3134.0000
6122.1847	2962.0000
6122.2202	2965.0000
6122.2559	3100.0000
6122.2915	3391.0000
6122.3271	3552.0000
6122.3626	3738.0000
6122.3982	3828.0000
6122.4338	3938.0000
6122.4693	4014.0000
6122.5049	4147.0000
6122.5405	4191.0000
6122.5760	4300.0000
6122.6116	4377.0000
6122.6472	4552.0000
6122.6827	4632.0000
6122.7183	4695.0000
6122.7538	4777.0000
6122.7894	4725.0000
6122.8249	4645.0000
6122.8605	4592.0000
6122.8960	4602.0000
6122.9316	4519.0000
6122.9671	4489.0000
6123.0027	4723.0000
6123.0382	4848.0000
6123.0737	4920.0000
6123.1093	5121.0000
6123.1448	5215.0000
6123.1804	5201.0000
6123.2159	5121.0000
6123.2514	4979.0000
6123.2871	4883.0000
6123.3226	4786.0000
6123.3581	4729.0000
6123.3936	4694.0000
6123.4292	4727.0000
6123.4647	4889.0000
6123.5002	5060.0000
6123.5357	5257.0000
6123.5713	5213.0000
6123.6068	5375.0000
6123.6423	5408.0000
6123.6778	5194.0000
6123.7133	5017.0000
6123.7488	4954.0000
6123.7843	4960.0000
6123.8198	4908.0000
6123.8554	5011.0000
6123.8909	5233.0000
6123.9264	5317.0000
6123.9619	5313.0000
6123.9974	5237.0000
6124.0329	5160.0000
6124.0684	4938.0000
6124.1039	4861.0000
6124.1393	4700.0000
6124.1748	4534.0000
6124.2103	4545.0000
6124.2458	4646.0000
6124.2813	5021.0000
6124.3168	5229.0000
6124.3524	5591.0000
6124.3879	5858.0000
6124.4234	5921.0000
6124.4588	5911.0000
6124.4943	5651.0000
6124.5298	5282.0000
6124.5653	4868.0000
6124.6007	4738.0000
6124.6362	4704.0000
6124.6717	4741.0000
6124.7072	4914.0000
6124.7426	4958.0000
6124.7781	5158.0000
6124.8136	5189.0000
6124.8490	5226.0000
6124.8845	5174.0000
6124.9199	5002.0000
6124.9554	4877.0000
6124.9909	4763.0000
6125.0263	4738.0000
6125.0618	4746.0000
6125.0972	4858.0000
6125.1327	4977.0000
6125.1681	5044.0000
6125.2036	5104.0000
6125.2390	5013.0000
6125.2745	4978.0000
6125.3099	4787.0000
6125.3453	4822.0000
6125.3809	4728.0000
6125.4163	4550.0000
6125.4518	4685.0000
6125.4872	4813.0000
6125.5226	4827.0000
6125.5581	4899.0000
6125.5935	4909.0000
6125.6289	4917.0000
6125.6644	5003.0000
6125.6998	5086.0000
6125.7352	5056.0000
6125.7706	4920.0000
6125.8061	4917.0000
6125.8415	4883.0000
6125.8769	4869.0000
6125.9123	4912.0000
6125.9477	4842.0000
6125.9831	5053.0000
6126.0186	5180.0000
6126.0540	5233.0000
6126.0894	5249.0000
6126.1248	5333.0000
6126.1602	5158.0000
6126.1956	4962.0000
6126.2310	4959.0000
6126.2664	4896.0000
6126.3018	5041.0000
6126.3372	5287.0000
6126.3726	5481.0000
6126.4080	5434.0000
6126.4435	5509.0000
6126.4789	5316.0000
6126.5143	5155.0000
6126.5497	5130.0000
6126.5850	5000.0000
6126.6204	4870.0000
6126.6558	4929.0000
6126.6912	4938.0000
6126.7266	4906.0000
6126.7620	4896.0000
6126.7973	4936.0000
6126.8327	5048.0000
6126.8681	5068.0000
6126.9035	5081.0000
6126.9388	5139.0000
6126.9742	5083.0000
6127.0096	5071.0000
6127.0450	4912.0000
6127.0803	4981.0000
6127.1157	5078.0000
6127.1510	5063.0000
6127.1864	5330.0000
6127.2218	5398.0000
6127.2571	5433.0000
6127.2925	5332.0000
6127.3278	5162.0000
6127.3632	4814.0000
6127.3985	4572.0000
6127.4339	4325.0000
6127.4692	4362.0000
6127.5047	4610.0000
6127.5400	4779.0000
6127.5754	4912.0000
6127.6107	4965.0000
6127.6461	4967.0000
6127.6814	4940.0000
6127.7168	5066.0000
6127.7521	5320.0000
6127.7874	5366.0000
6127.8228	5401.0000
6127.8581	5337.0000
6127.8934	5237.0000
6127.9288	5038.0000
6127.9641	4880.0000
6127.9994	5041.0000
6128.0347	5249.0000
6128.0701	5464.0000
6128.1054	5681.0000
6128.1407	6064.0000
6128.1760	6312.0000
6128.2113	6586.0000
6128.2467	6435.0000
6128.2820	6115.0000
6128.3173	5879.0000
6128.3526	5511.0000
6128.3879	5400.0000
6128.4232	5241.0000
6128.4585	5340.0000
6128.4938	5386.0000
6128.5291	5370.0000
6128.5645	5243.0000
6128.5998	5266.0000
6128.6351	5317.0000
6128.6704	5277.0000
6128.7057	5250.0000
6128.7410	5266.0000
6128.7763	5274.0000
6128.8116	5264.0000
6128.8469	5347.0000
6128.8822	5289.0000
6128.9175	5298.0000
6128.9527	5421.0000
6128.9880	5509.0000
6129.0233	5510.0000
6129.0586	5651.0000
6129.0939	5867.0000
6129.1291	5894.0000
6129.1644	5718.0000
6129.1997	5619.0000
6129.2350	5372.0000
6129.2702	5308.0000
6129.3055	5425.0000
6129.3408	5594.0000
6129.3760	5814.0000
6129.4113	6167.0000
6129.4466	6349.0000
6129.4818	6464.0000
6129.5171	6372.0000
6129.5523	6146.0000
6129.5876	5680.0000
6129.6230	5336.0000
6129.6582	5303.0000
6129.6935	5696.0000
6129.7287	5815.0000
6129.7640	5986.0000
6129.7992	6285.0000
6129.8345	6480.0000
6129.8697	6321.0000
6129.9049	6141.0000
6129.9402	5821.0000
6129.9754	5736.0000
6130.0107	5534.0000
6130.0459	5429.0000
6130.0811	5412.0000
6130.1164	5413.0000
6130.1516	5501.0000
6130.1868	5614.0000
6130.2221	5634.0000
6130.2573	5791.0000
6130.2925	5843.0000
6130.3277	6010.0000
6130.3630	6213.0000
6130.3982	6356.0000
6130.4334	6494.0000
6130.4686	6373.0000
6130.5038	6145.0000
6130.5391	5939.0000
6130.5743	5787.0000
6130.6095	5851.0000
6130.6448	5889.0000
6130.6800	6114.0000
6130.7152	6377.0000
6130.7504	6670.0000
6130.7856	6764.0000
6130.8208	6594.0000
6130.8560	6469.0000
6130.8912	6138.0000
6130.9264	5846.0000
6130.9616	5632.0000
6130.9968	5535.0000
6131.0320	5641.0000
6131.0672	5858.0000
6131.1024	6166.0000
6131.1376	6448.0000
6131.1728	6638.0000
6131.2080	6590.0000
6131.2431	6548.0000
6131.2783	6589.0000
6131.3135	6532.0000
6131.3487	6396.0000
6131.3839	6242.0000
6131.4190	6410.0000
6131.4542	6303.0000
6131.4894	6202.0000
6131.5246	6157.0000
6131.5597	5999.0000
6131.5949	5912.0000
6131.6301	5682.0000
6131.6652	5665.0000
6131.7005	5612.0000
6131.7357	5655.0000
6131.7708	5641.0000
6131.8060	5399.0000
6131.8411	5147.0000
6131.8763	4873.0000
6131.9115	4434.0000
6131.9466	3985.0000
6131.9818	3453.0000
6132.0169	3040.0000
6132.0521	2660.0000
6132.0872	2316.0000
6132.1224	2151.0000
6132.1575	2020.0000
6132.1926	1939.0000
6132.2278	1736.0000
6132.2629	1662.0000
6132.2981	1645.0000
6132.3332	1630.0000
6132.3683	1518.0000
6132.4035	1498.0000
6132.4386	1497.0000
6132.4737	1550.0000
6132.5089	1648.0000
6132.5440	1723.0000
6132.5791	1705.0000
6132.6142	1738.0000
6132.6494	1770.0000
6132.6845	1731.0000
6132.7196	1706.0000
6132.7548	1796.0000
6132.7899	1815.0000
6132.8251	1944.0000
6132.8602	1880.0000
6132.8953	1857.0000
6132.9304	1861.0000
6132.9655	1931.0000
6133.0006	1953.0000
6133.0357	2039.0000
6133.0708	2080.0000
6133.1059	2074.0000
6133.1410	2161.0000
6133.1761	2209.0000
6133.2112	2202.0000
6133.2463	2207.0000
6133.2814	2256.0000
6133.3165	2310.0000
6133.3516	2274.0000
6133.3867	2318.0000
6133.4218	2352.0000
6133.4569	2329.0000
6133.4919	2357.0000
6133.5270	2382.0000
6133.5621	2471.0000
6133.5972	2428.0000
6133.6323	2451.0000
6133.6674	2442.0000
6133.7024	2504.0000
6133.7375	2507.0000
6133.7726	2552.0000
6133.8078	2594.0000
6133.8428	2564.0000
6133.8779	2667.0000
6133.9130	2703.0000
6133.9480	2755.0000
6133.9831	2802.0000
6134.0182	2753.0000
6134.0532	2756.0000
6134.0883	2826.0000
6134.1233	2897.0000
6134.1584	2909.0000
6134.1934	2951.0000
6134.2285	2824.0000
6134.2635	2745.0000
6134.2986	2781.0000
6134.3336	2731.0000
6134.3687	2593.0000
6134.4037	2543.0000
6134.4388	2484.0000
6134.4738	2544.0000
6134.5089	2551.0000
6134.5439	2685.0000
6134.5789	2760.0000
6134.6140	2827.0000
6134.6490	2831.0000
6134.6841	2752.0000
6134.7191	2731.0000
6134.7541	2725.0000
6134.7891	2754.0000
6134.8242	2903.0000
6134.8593	3133.0000
6134.8943	3296.0000
6134.9293	3553.0000
6134.9644	3746.0000
6134.9994	3899.0000
6135.0344	3976.0000
6135.0694	3984.0000
6135.1044	4025.0000
6135.1394	4096.0000
6135.1745	4132.0000
6135.2095	4135.0000
6135.2445	4264.0000
6135.2795	4275.0000
6135.3145	4200.0000
6135.3495	4231.0000
6135.3845	4259.0000
6135.4195	4285.0000
6135.4545	4188.0000
6135.4895	4211.0000
6135.5245	4237.0000
6135.5595	4046.0000
6135.5945	3996.0000
6135.6295	4030.0000
6135.6645	3983.0000
6135.6994	4022.0000
6135.7344	4041.0000
6135.7694	4001.0000
6135.8044	3974.0000
6135.8394	3778.0000
6135.8744	3779.0000
6135.9094	3742.0000
6135.9444	3592.0000
6135.9794	3690.0000
6136.0144	3760.0000
6136.0494	3716.0000
6136.0843	3637.0000
6136.1193	3716.0000
6136.1543	3753.0000
6136.1892	3680.0000
6136.2242	3625.0000
6136.2592	3641.0000
6136.2941	3700.0000
6136.3291	3597.0000
6136.3640	3658.0000
6136.3990	3733.0000
6136.4340	3731.0000
6136.4689	3765.0000
6136.5039	3740.0000
6136.5388	3718.0000
6136.5738	3645.0000
6136.6087	3672.0000
6136.6437	3602.0000
6136.6786	3536.0000
6136.7135	3602.0000
6136.7485	3589.0000
6136.7834	3483.0000
6136.8184	3444.0000
6136.8533	3429.0000
6136.8882	3295.0000
6136.9232	3331.0000
6136.9581	3308.0000
6136.9931	3256.0000
6137.0281	3326.0000
6137.0630	3307.0000
6137.0979	3255.0000
6137.1329	3245.0000
6137.1678	3206.0000
6137.2027	3292.0000
6137.2376	3228.0000
6137.2725	3206.0000
6137.3075	3156.0000
6137.3424	3151.0000
6137.3773	3168.0000
6137.4122	3148.0000
6137.4471	3160.0000
6137.4820	3173.0000
6137.5169	3210.0000
6137.5518	3168.0000
6137.5867	3154.0000
6137.6217	3287.0000
6137.6566	3345.0000
6137.6915	3267.0000
6137.7264	3208.0000
6137.7613	3179.0000
6137.7961	3191.0000
6137.8310	3143.0000
6137.8659	3161.0000
6137.9008	3039.0000
6137.9357	3180.0000
6137.9706	3167.0000
6138.0055	3148.0000
6138.0405	3139.0000
6138.0754	3099.0000
6138.1102	3130.0000
6138.1451	3100.0000
6138.1800	3105.0000
6138.2149	3152.0000
6138.2498	3146.0000
6138.2846	3286.0000
6138.3195	3284.0000
6138.3544	3295.0000
6138.3892	3349.0000
6138.4241	3408.0000
6138.4590	3272.0000
6138.4938	3248.0000
6138.5287	3292.0000
6138.5636	3331.0000
6138.5984	3328.0000
6138.6333	3276.0000
6138.6681	3291.0000
6138.7030	3265.0000
6138.7379	3246.0000
6138.7727	3265.0000
6138.8076	3279.0000
6138.8424	3381.0000
6138.8773	3449.0000
6138.9121	3462.0000
6138.9470	3358.0000
6138.9818	3375.0000
6139.0166	3473.0000
6139.0515	3389.0000
6139.0864	3448.0000
6139.1213	3556.0000
6139.1561	3631.0000
6139.1909	3576.0000
6139.2258	3548.0000
6139.2606	3580.0000
6139.2954	3579.0000
6139.3302	3531.0000
6139.3651	3570.0000
6139.3999	3445.0000
6139.4347	3417.0000
6139.4695	3474.0000
6139.5044	3480.0000
6139.5392	3493.0000
6139.5740	3456.0000
6139.6088	3525.0000
6139.6436	3497.0000
6139.6784	3523.0000
6139.7133	3456.0000
6139.7481	3317.0000
6139.7829	3285.0000
6139.8177	3348.0000
6139.8525	3297.0000
6139.8873	3346.0000
6139.9221	3418.0000
6139.9569	3479.0000
6139.9917	3481.0000
6140.0265	3518.0000
6140.0613	3484.0000
6140.0961	3428.0000
6140.1310	3450.0000
6140.1658	3447.0000
6140.2006	3499.0000
6140.2353	3491.0000
6140.2701	3444.0000
6140.3049	3460.0000
6140.3397	3510.0000
6140.3745	3564.0000
6140.4093	3611.0000
6140.4440	3510.0000
6140.4788	3610.0000
6140.5136	3600.0000
6140.5484	3654.0000
6140.5831	3628.0000
6140.6179	3631.0000
6140.6527	3674.0000
6140.6874	3595.0000
6140.7222	3547.0000
6140.7570	3605.0000
6140.7917	3622.0000
6140.8265	3612.0000
6140.8613	3602.0000
6140.8960	3636.0000
6140.9308	3667.0000
6140.9655	3711.0000
6141.0003	3720.0000
6141.0350	3708.0000
6141.0698	3687.0000
6141.1045	3784.0000
6141.1393	3837.0000
6141.1741	3824.0000
6141.2089	3840.0000
6141.2436	3813.0000
6141.2784	3810.0000
6141.3131	3709.0000
6141.3478	3688.0000
6141.3826	3755.0000
6141.4173	3567.0000
6141.4520	3461.0000
6141.4868	3433.0000
6141.5215	3386.0000
6141.5562	3301.0000
6141.5910	3231.0000
6141.6257	3179.0000
6141.6604	3120.0000
6141.6951	3173.0000
6141.7299	3164.0000
6141.7646	3159.0000
6141.7993	3050.0000
6141.8340	3002.0000
6141.8687	2783.0000
6141.9035	2543.0000
6141.9382	2585.0000
6141.9729	2687.0000
6142.0076	2963.0000
6142.0423	3201.0000
6142.0770	3439.0000
6142.1117	3779.0000
6142.1464	3922.0000
6142.1811	3991.0000
6142.2158	3919.0000
6142.2506	3993.0000
6142.2853	3980.0000
6142.3200	3956.0000
6142.3547	4018.0000
6142.3894	4076.0000
6142.4241	4066.0000
6142.4588	4080.0000
6142.4935	4102.0000
6142.5281	4150.0000
6142.5628	4035.0000
6142.5975	4066.0000
6142.6322	4002.0000
6142.6669	3888.0000
6142.7015	3816.0000
6142.7362	3748.0000
6142.7709	3745.0000
6142.8056	3763.0000
6142.8402	3738.0000
6142.8749	3716.0000
6142.9096	3630.0000
6142.9443	3607.0000
6142.9789	3513.0000
6143.0136	3501.0000
6143.0482	3404.0000
6143.0829	3388.0000
6143.1176	3253.0000
6143.1522	3239.0000
6143.1869	3318.0000
6143.2215	3340.0000
6143.2562	3444.0000
6143.2909	3547.0000
6143.3256	3589.0000
6143.3602	3460.0000
6143.3949	3384.0000
6143.4295	3486.0000
6143.4642	3600.0000
6143.4988	3704.0000
6143.5335	3806.0000
6143.5681	3877.0000
6143.6027	3928.0000
6143.6374	4017.0000
6143.6720	4117.0000
6143.7067	4141.0000
6143.7413	4138.0000
6143.7759	4078.0000
6143.8105	3979.0000
6143.8452	3872.0000
6143.8798	3911.0000
6143.9144	3934.0000
6143.9490	3984.0000
6143.9837	3976.0000
6144.0183	3971.0000
6144.0529	3987.0000
6144.0875	4177.0000
6144.1221	4232.0000
6144.1567	4290.0000
6144.1914	4204.0000
6144.2260	4141.0000
6144.2606	3992.0000
6144.2952	3999.0000
6144.3299	4012.0000
6144.3645	4079.0000
6144.3991	4067.0000
6144.4337	4065.0000
6144.4683	4072.0000
6144.5029	3958.0000
6144.5375	4085.0000
6144.5721	4350.0000
6144.6067	4430.0000
6144.6413	4256.0000
6144.6759	4213.0000
6144.7105	4135.0000
6144.7450	4080.0000
6144.7796	4028.0000
6144.8142	3995.0000
6144.8488	3979.0000
6144.8834	4085.0000
6144.9180	4140.0000
6144.9525	4138.0000
6144.9871	4231.0000
6145.0217	4333.0000
6145.0563	4414.0000
6145.0908	4394.0000
6145.1254	4309.0000
6145.1600	4279.0000
6145.1945	4091.0000
6145.2291	4015.0000
6145.2637	4013.0000
6145.2982	4057.0000
6145.3328	4054.0000
6145.3674	3953.0000
6145.4020	3966.0000
6145.4366	4138.0000
6145.4711	4207.0000
6145.5057	4397.0000
6145.5402	4579.0000
6145.5748	4723.0000
6145.6093	4759.0000
6145.6439	4686.0000
6145.6784	4579.0000
6145.7130	4467.0000
6145.7475	4425.0000
6145.7820	4477.0000
6145.8166	4349.0000
6145.8511	4175.0000
6145.8857	4159.0000
6145.9202	4191.0000
6145.9547	4189.0000
6145.9893	4274.0000
6146.0238	4262.0000
6146.0583	4285.0000
6146.0928	4204.0000
6146.1274	4112.0000
6146.1619	4011.0000
6146.1964	3911.0000
6146.2309	3846.0000
6146.2655	3836.0000
6146.3000	3821.0000
6146.3345	3761.0000
6146.3690	3734.0000
6146.4035	3710.0000
6146.4381	3777.0000
6146.4726	3874.0000
6146.5072	3880.0000
6146.5417	4041.0000
6146.5762	4054.0000
6146.6107	4072.0000
6146.6452	4069.0000
6146.6797	3981.0000
6146.7142	3961.0000
6146.7487	3958.0000
6146.7832	3949.0000
6146.8177	3951.0000
6146.8522	3923.0000
6146.8866	3772.0000
6146.9211	3741.0000
6146.9556	3886.0000
6146.9901	3988.0000
6147.0246	4103.0000
6147.0591	4189.0000
6147.0936	4365.0000
6147.1280	4408.0000
6147.1625	4367.0000
6147.1970	4229.0000
6147.2315	4166.0000
6147.2660	4107.0000
6147.3004	4084.0000
6147.3349	3957.0000
6147.3694	3929.0000
6147.4038	3896.0000
6147.4383	3909.0000
6147.4728	4021.0000
6147.5073	4114.0000
6147.5418	4267.0000
6147.5763	4325.0000
6147.6107	4364.0000
6147.6452	4345.0000
6147.6796	4393.0000
6147.7141	4303.0000
6147.7485	4193.0000
6147.7830	4159.0000
6147.8174	4099.0000
6147.8519	4094.0000
6147.8863	4009.0000
6147.9208	3988.0000
6147.9552	4003.0000
6147.9897	3988.0000
6148.0241	4226.0000
6148.0585	4315.0000
6148.0930	4380.0000
6148.1274	4431.0000
6148.1619	4314.0000
6148.1963	4089.0000
6148.2307	3750.0000
6148.2652	3368.0000
6148.2996	3106.0000
6148.3340	2817.0000
6148.3684	2539.0000
6148.4029	2412.0000
6148.4373	2324.0000
6148.4717	2236.0000
6148.5061	2171.0000
6148.5406	2125.0000
6148.5751	2042.0000
6148.6095	1938.0000
6148.6439	1899.0000
6148.6783	2010.0000
6148.7127	1973.0000
6148.7471	1910.0000
6148.7815	1967.0000
6148.8159	1907.0000
6148.8503	1966.0000
6148.8847	1954.0000
6148.9191	1893.0000
6148.9535	1916.0000
6148.9879	1933.0000
6149.0223	1935.0000
6149.0567	1994.0000
6149.0911	2052.0000
6149.1255	2097.0000
6149.1599	2149.0000
6149.1943	2149.0000
6149.2287	2149.0000
6149.2630	2123.0000
6149.2974	2115.0000
6149.3318	2149.0000
6149.3662	2202.0000
6149.4006	2250.0000
6149.4349	2267.0000
6149.4693	2239.0000
6149.5037	2260.0000
6149.5381	2279.0000
6149.5724	2272.0000
6149.6069	2276.0000
6149.6413	2246.0000
6149.6756	2331.0000
6149.7100	2427.0000
6149.7444	2498.0000
6149.7787	2510.0000
6149.8131	2540.0000
6149.8475	2565.0000
6149.8818	2555.0000
6149.9162	2479.0000
6149.9505	2493.0000
6149.9849	2461.0000
6150.0192	2467.0000
6150.0536	2534.0000
6150.0879	2441.0000
6150.1223	2508.0000
6150.1566	2582.0000
6150.1910	2565.0000
6150.2253	2509.0000
6150.2596	2615.0000
6150.2940	2699.0000
6150.3283	2827.0000
6150.3627	2741.0000
6150.3970	2748.0000
6150.4313	2813.0000
6150.4657	2871.0000
6150.5000	2832.0000
6150.5343	2924.0000
6150.5686	2933.0000
6150.6030	2990.0000
6150.6373	3121.0000
6150.6717	3139.0000
6150.7060	3050.0000
6150.7403	3175.0000
6150.7747	3156.0000
6150.8090	3125.0000
6150.8433	3164.0000
6150.8776	3222.0000
6150.9119	3325.0000
6150.9462	3299.0000
6150.9805	3265.0000
6151.0148	3212.0000
6151.0491	3281.0000
6151.0834	3233.0000
6151.1178	3265.0000
6151.1521	3428.0000
6151.1863	3530.0000
6151.2206	3638.0000
6151.2549	3755.0000
6151.2892	3815.0000
6151.3235	3794.0000
6151.3578	3711.0000
6151.3921	3543.0000
6151.4264	3520.0000
6151.4607	3601.0000
6151.4950	3464.0000
6151.5293	3511.0000
6151.5635	3438.0000
6151.5978	3331.0000
6151.6321	3289.0000
6151.6664	3303.0000
6151.7007	3210.0000
6151.7350	3329.0000
6151.7693	3420.0000
6151.8036	3414.0000
6151.8378	3571.0000
6151.8721	3673.0000
6151.9064	3580.0000
6151.9406	3603.0000
6151.9749	3446.0000
6152.0092	3447.0000
6152.0434	3301.0000
6152.0777	3268.0000
6152.1119	3364.0000
6152.1462	3349.0000
6152.1804	3398.0000
6152.2147	3436.0000
6152.2489	3489.0000
6152.2832	3486.0000
6152.3174	3425.0000
6152.3517	3415.0000
6152.3859	3395.0000
6152.4202	3300.0000
6152.4544	3240.0000
6152.4887	3202.0000
6152.5229	3248.0000
6152.5571	3295.0000
6152.5914	3321.0000
6152.6256	3268.0000
6152.6598	3157.0000
6152.6941	3195.0000
6152.7283	3201.0000
6152.7626	3291.0000
6152.7968	3189.0000
6152.8311	3291.0000
6152.8653	3408.0000
6152.8995	3442.0000
6152.9337	3319.0000
6152.9680	3420.0000
6153.0022	3557.0000
6153.0364	3443.0000
6153.0706	3476.0000
6153.1048	3469.0000
6153.1390	3464.0000
6153.1732	3360.0000
6153.2074	3295.0000
6153.2416	3312.0000
6153.2758	3329.0000
6153.3100	3388.0000
6153.3442	3468.0000
6153.3784	3384.0000
6153.4126	3404.0000
6153.4468	3420.0000
6153.4810	3447.0000
6153.5152	3414.0000
6153.5494	3402.0000
6153.5836	3366.0000
6153.6178	3108.0000
6153.6520	3163.0000
6153.6862	3069.0000
6153.7204	3003.0000
6153.7545	3053.0000
6153.7887	3175.0000
6153.8230	3154.0000
6153.8572	3155.0000
6153.8914	3063.0000
6153.9255	3085.0000
6153.9597	3007.0000
6153.9939	3026.0000
6154.0281	3062.0000
6154.0622	3100.0000
6154.0964	3101.0000
6154.1306	3109.0000
6154.1647	3023.0000
6154.1989	3028.0000
6154.2330	2869.0000
6154.2672	2755.0000
6154.3014	2726.0000
6154.3355	2796.0000
6154.3697	2700.0000
6154.4038	2717.0000
6154.4380	2663.0000
6154.4721	2665.0000
6154.5063	2624.0000
6154.5404	2729.0000
6154.5746	2731.0000
6154.6087	2742.0000
6154.6429	2736.0000
6154.6770	2730.0000
6154.7111	2698.0000
6154.7453	2633.0000
6154.7794	2580.0000
6154.8135	2644.0000
6154.8477	2599.0000
6154.8819	2604.0000
6154.9160	2623.0000
6154.9502	2663.0000
6154.9843	2642.0000
6155.0184	2717.0000
6155.0525	2663.0000
6155.0867	2802.0000
6155.1208	2828.0000
6155.1549	2699.0000
6155.1890	2681.0000
6155.2231	2692.0000
6155.2573	2712.0000
6155.2914	2661.0000
6155.3255	2585.0000
6155.3596	2559.0000
6155.3937	2543.0000
6155.4278	2527.0000
6155.4619	2644.0000
6155.4960	2592.0000
6155.5301	2573.0000
6155.5642	2649.0000
6155.5983	2684.0000
6155.6324	2678.0000
6155.6665	2712.0000
6155.7006	2732.0000
6155.7347	2854.0000
6155.7688	2801.0000
6155.8029	2783.0000
6155.8370	2662.0000
6155.8711	2574.0000
6155.9051	2653.0000
6155.9393	2595.0000
6155.9734	2591.0000
6156.0075	2692.0000
6156.0416	2761.0000
6156.0757	2687.0000
6156.1097	2771.0000
6156.1438	2825.0000
6156.1779	2892.0000
6156.2119	2817.0000
6156.2460	2770.0000
6156.2801	2793.0000
6156.3142	2710.0000
6156.3482	2634.0000
6156.3823	2604.0000
6156.4163	2690.0000
6156.4504	2814.0000
6156.4845	2736.0000
6156.5185	2612.0000
6156.5526	2626.0000
6156.5866	2642.0000
6156.6207	2749.0000
6156.6547	2874.0000
6156.6888	2855.0000
6156.7228	2869.0000
6156.7569	2931.0000
6156.7909	2936.0000
6156.8250	2891.0000
6156.8590	2904.0000
6156.8931	2841.0000
6156.9271	2799.0000
6156.9611	2751.0000
6156.9953	2656.0000
6157.0293	2680.0000
6157.0633	2652.0000
6157.0974	2739.0000
6157.1314	2718.0000
6157.1654	2803.0000
6157.1994	2772.0000
6157.2335	2782.0000
6157.2675	2769.0000
6157.3015	2799.0000
6157.3355	2808.0000
6157.3696	2762.0000
6157.4036	2694.0000
6157.4376	2785.0000
6157.4716	2706.0000
6157.5056	2656.0000
6157.5396	2707.0000
6157.5736	2684.0000
6157.6076	2657.0000
6157.6417	2689.0000
6157.6757	2690.0000
6157.7097	2713.0000
6157.7437	2743.0000
6157.7777	2710.0000
6157.8117	2630.0000
6157.8457	2653.0000
6157.8797	2718.0000
6157.9137	2668.0000
6157.9476	2764.0000
6157.9816	2809.0000
6158.0157	2768.0000
6158.0497	2731.0000
6158.0837	2714.0000
6158.1177	2648.0000
6158.1517	2693.0000
6158.1857	2597.0000
6158.2196	2560.0000
6158.2536	2582.0000
6158.2876	2437.0000
6158.3216	2356.0000
6158.3555	2292.0000
6158.3895	2244.0000
6158.4235	2246.0000
6158.4575	2203.0000
6158.4914	2184.0000
6158.5254	2109.0000
6158.5594	2021.0000
6158.5933	2023.0000
6158.6273	2048.0000
6158.6612	2031.0000
6158.6952	2001.0000
6158.7292	2045.0000
6158.7631	2025.0000
6158.7971	1952.0000
6158.8310	2051.0000
6158.8650	2015.0000
6158.8989	2012.0000
6158.9329	1970.0000
6158.9668	2030.0000
6159.0008	1930.0000
6159.0347	1992.0000
6159.0687	1990.0000
6159.1027	1973.0000
6159.1366	1885.0000
6159.1706	1961.0000
6159.2045	1929.0000
6159.2384	1909.0000
6159.2724	1992.0000
6159.3063	2027.0000
6159.3402	1950.0000
6159.3741	2014.0000
6159.4081	2012.0000
6159.4420	2010.0000
6159.4759	1986.0000
6159.5098	2002.0000
6159.5438	2002.0000
6159.5777	1998.0000
6159.6116	2054.0000
6159.6455	2092.0000
6159.6794	2047.0000
6159.7133	2077.0000
6159.7473	2102.0000
6159.7812	2064.0000
6159.8151	2166.0000
6159.8490	2151.0000
6159.8829	2126.0000
6159.9168	2142.0000
6159.9507	2152.0000
6159.9846	2187.0000
6160.0185	2157.0000
6160.0524	2220.0000
6160.0863	2204.0000
6160.1203	2176.0000
6160.1542	2162.0000
6160.1881	2152.0000
6160.2219	2164.0000
6160.2558	2139.0000
6160.2897	2151.0000
6160.3236	2140.0000
6160.3575	2158.0000
6160.3914	2246.0000
6160.4252	2210.0000
6160.4591	2253.0000
6160.4930	2257.0000
6160.5269	2253.0000
6160.5607	2236.0000
6160.5946	2250.0000
6160.6285	2223.0000
6160.6624	2213.0000
6160.6962	2263.0000
6160.7301	2193.0000
6160.7640	2215.0000
6160.7978	2136.0000
6160.8317	2052.0000
6160.8655	2113.0000
6160.8994	2160.0000
6160.9333	2069.0000
6160.9671	2083.0000
6161.0010	2125.0000
6161.0348	2133.0000
6161.0687	2112.0000
6161.1025	2125.0000
6161.1364	2055.0000
6161.1702	1978.0000
6161.2042	2065.0000
6161.2380	2037.0000
6161.2718	2087.0000
6161.3057	2063.0000
6161.3395	1998.0000
6161.3734	1991.0000
6161.4072	2018.0000
6161.4410	2002.0000
6161.4749	1982.0000
6161.5087	1975.0000
6161.5425	1999.0000
6161.5763	2008.0000
6161.6102	1914.0000
6161.6440	1951.0000
6161.6778	1946.0000
6161.7116	2004.0000
6161.7455	1958.0000
6161.7793	1912.0000
6161.8131	1886.0000
6161.8469	1988.0000
6161.8807	1976.0000
6161.9145	1905.0000
6161.9483	1902.0000
6161.9821	1837.0000
6162.0160	1875.0000
6162.0498	1915.0000
6162.0836	1920.0000
6162.1174	1848.0000
6162.1512	1826.0000
6162.1850	1853.0000
6162.2188	1772.0000
6162.2527	1754.0000
6162.2865	1859.0000
6162.3203	1905.0000
6162.3540	1925.0000
6162.3878	1910.0000
6162.4216	1862.0000
6162.4554	1855.0000
6162.4892	1888.0000
6162.5230	1935.0000
6162.5568	1858.0000
6162.5905	1914.0000
6162.6243	1914.0000
6162.6581	1925.0000
6162.6919	1891.0000
6162.7257	1852.0000
6162.7594	1841.0000
6162.7932	1797.0000
6162.8270	1807.0000
6162.8607	1838.0000
6162.8945	1812.0000
6162.9283	1844.0000
6162.9620	1841.0000
6162.9958	1864.0000
6163.0296	1902.0000
6163.0633	1867.0000
6163.0971	1845.0000
6163.1308	1923.0000
6163.1646	1962.0000
6163.1983	1929.0000
6163.2321	1924.0000
6163.2658	1818.0000
6163.2997	1783.0000
6163.3334	1886.0000
6163.3672	1886.0000
6163.4009	1865.0000
6163.4347	1866.0000
6163.4684	1828.0000
6163.5021	1813.0000
6163.5359	1751.0000
6163.5696	1807.0000
6163.6034	1776.0000
6163.6371	1752.0000
6163.6708	1806.0000
6163.7045	1777.0000
6163.7383	1837.0000
6163.7720	1768.0000
6163.8057	1796.0000
6163.8395	1811.0000
6163.8732	1952.0000
6163.9069	1916.0000
6163.9406	1781.0000
6163.9743	1855.0000
6164.0080	1864.0000
6164.0418	1823.0000
6164.0755	1878.0000
6164.1092	1831.0000
6164.1429	1807.0000
6164.1766	1828.0000
6164.2103	1764.0000
6164.2440	1810.0000
6164.2777	1841.0000
6164.3114	1856.0000
6164.3452	1898.0000
6164.3789	1823.0000
6164.4126	1832.0000
6164.4463	1789.0000
6164.4800	1811.0000
6164.5137	1856.0000
6164.5474	1874.0000
6164.5811	1886.0000
6164.6148	1865.0000
6164.6485	1865.0000
6164.6821	1802.0000
6164.7158	1834.0000
6164.7495	1895.0000
6164.7832	1881.0000
6164.8169	1851.0000
6164.8505	1844.0000
6164.8842	1822.0000
6164.9179	1814.0000
6164.9516	1778.0000
6164.9852	1749.0000
6165.0189	1686.0000
6165.0526	1721.0000
6165.0862	1726.0000
6165.1199	1695.0000
6165.1536	1784.0000
6165.1872	1806.0000
6165.2209	1829.0000
6165.2546	1725.0000
6165.2882	1704.0000
6165.3219	1726.0000
6165.3555	1739.0000
6165.3893	1677.0000
6165.4229	1713.0000
6165.4566	1760.0000
6165.4902	1758.0000
6165.5239	1764.0000
6165.5575	1807.0000
6165.5912	1848.0000
6165.6248	1769.0000
6165.6584	1805.0000
6165.6921	1871.0000
6165.7257	2005.0000
6165.7594	1944.0000
6165.7930	1925.0000
6165.8266	1827.0000
6165.8603	1889.0000
6165.8939	1840.0000
6165.9275	1845.0000
6165.9611	1856.0000
6165.9948	1870.0000
6166.0284	1831.0000
6166.0620	1871.0000
6166.0956	1869.0000
6166.1292	1796.0000
6166.1629	1853.0000
6166.1965	1852.0000
6166.2301	1855.0000
6166.2637	2009.0000
6166.2973	2022.0000
6166.3309	1917.0000
6166.3645	1887.0000
6166.3981	1869.0000
6166.4317	1880.0000
6166.4654	1936.0000
6166.4990	1965.0000
6166.5326	1870.0000
6166.5662	1952.0000
6166.5998	1919.0000
6166.6334	1947.0000
6166.6670	1851.0000
6166.7006	1853.0000
6166.7342	1832.0000
6166.7678	1930.0000
6166.8014	1998.0000
6166.8350	1999.0000
6166.8686	1964.0000
6166.9021	1914.0000
6166.9357	1884.0000
6166.9693	1892.0000
6167.0029	1940.0000
6167.0365	1927.0000
6167.0700	1919.0000
6167.1036	1905.0000
6167.1372	1960.0000
6167.1708	1893.0000
6167.2043	1927.0000
6167.2379	1968.0000
6167.2715	1986.0000
6167.3050	1894.0000
6167.3386	1892.0000
6167.3721	1910.0000
6167.4057	1931.0000
6167.4393	1859.0000
6167.4728	1894.0000
6167.5065	1903.0000
6167.5400	1932.0000
6167.5736	1956.0000
6167.6071	1951.0000
6167.6407	1985.0000
6167.6742	1884.0000
6167.7078	1828.0000
6167.7413	1833.0000
6167.7749	1859.0000
6167.8084	1850.0000
6167.8419	1924.0000
6167.8755	1965.0000
6167.9090	1966.0000
6167.9426	2002.0000
6167.9761	2053.0000
6168.0096	2015.0000
6168.0432	2030.0000
6168.0767	2012.0000
6168.1102	1958.0000
6168.1437	1971.0000
6168.1773	1934.0000
6168.2108	1947.0000
6168.2443	1987.0000
6168.2778	1918.0000
6168.3113	1875.0000
6168.3449	1866.0000
6168.3784	1858.0000
6168.4119	1851.0000
6168.4454	1872.0000
6168.4789	1958.0000
6168.5124	2055.0000
6168.5460	2022.0000
6168.5795	1990.0000
6168.6130	2012.0000
6168.6465	2046.0000
6168.6800	2022.0000
6168.7135	2015.0000
6168.7470	2063.0000
6168.7805	2067.0000
6168.8140	2093.0000
6168.8475	1976.0000
6168.8810	1890.0000
6168.9145	1967.0000
6168.9480	2075.0000
6168.9815	2010.0000
6169.0150	1552.0000
6169.0484	1572.0000
6169.0819	1602.0000
6169.1154	1580.0000
6169.1489	1540.0000
6169.1824	1452.0000
6169.2158	1467.0000
6169.2493	1516.0000
6169.2828	1507.0000
6169.3163	1511.0000
