R_Cam.37
7332.4002	12403.0000
7332.4444	18673.0000
7332.4885	19607.0000
7332.5327	20930.0000
7332.5768	22145.0000
7332.6209	23254.0000
7332.6651	23951.0000
7332.7092	24175.0000
7332.7533	24168.0000
7332.7975	23743.0000
7332.8416	30914.0000
7332.8858	30660.0000
7332.9299	30442.0000
7332.9740	30541.0000
7333.0182	30371.0000
7333.0623	30386.0000
7333.1064	30751.0000
7333.1505	31011.0000
7333.1946	30894.0000
7333.2387	30850.0000
7333.2828	30488.0000
7333.3269	30271.0000
7333.3710	29845.0000
7333.4151	30227.0000
7333.4592	30830.0000
7333.5033	31489.0000
7333.5474	32340.0000
7333.5915	32766.0000
7333.6356	32914.0000
7333.6797	32561.0000
7333.7238	31748.0000
7333.7679	31414.0000
7333.8120	31712.0000
7333.8561	32115.0000
7333.9001	32984.0000
7333.9443	33943.0000
7333.9884	34847.0000
7334.0325	34729.0000
7334.0765	34088.0000
7334.1206	32616.0000
7334.1647	30674.0000
7334.2088	28767.0000
7334.2528	26506.0000
7334.2969	24203.0000
7334.3410	22704.0000
7334.3850	22732.0000
7334.4291	23802.0000
7334.4731	25241.0000
7334.5172	25663.0000
7334.5612	25647.0000
7334.6053	25460.0000
7334.6494	25580.0000
7334.6934	26359.0000
7334.7375	28017.0000
7334.7815	29594.0000
7334.8255	31230.0000
7334.8696	32700.0000
7334.9136	33637.0000
7334.9577	34403.0000
7335.0018	35008.0000
7335.0458	35405.0000
7335.0899	35119.0000
7335.1339	33801.0000
7335.1779	32198.0000
7335.2220	30310.0000
7335.2660	28635.0000
7335.3100	27263.0000
7335.3540	26384.0000
7335.3981	25894.0000
7335.4421	25831.0000
7335.4861	26420.0000
7335.5301	27057.0000
7335.5741	27931.0000
7335.6181	28994.0000
7335.6621	30070.0000
7335.7061	30614.0000
7335.7502	30951.0000
7335.7942	31345.0000
7335.8382	31535.0000
7335.8822	30862.0000
7335.9262	29764.0000
7335.9702	27816.0000
7336.0142	26176.0000
7336.0583	25341.0000
7336.1022	25472.0000
7336.1462	26209.0000
7336.1902	27788.0000
7336.2342	29840.0000
7336.2782	32216.0000
7336.3222	35214.0000
7336.3662	37816.0000
7336.4101	39944.0000
7336.4541	42003.0000
7336.4981	43603.0000
7336.5421	44110.0000
7336.5860	44105.0000
7336.6300	43318.0000
7336.6740	42900.0000
7336.7179	42609.0000
7336.7619	41884.0000
7336.8059	41206.0000
7336.8498	40793.0000
7336.8938	40307.0000
7336.9378	39732.0000
7336.9817	38814.0000
7337.0257	37459.0000
7337.0696	36220.0000
7337.1137	35252.0000
7337.1576	35018.0000
7337.2016	35728.0000
7337.2455	37575.0000
7337.2895	39872.0000
7337.3334	41805.0000
7337.3773	42782.0000
7337.4213	42699.0000
7337.4652	42027.0000
7337.5091	41022.0000
7337.5531	39825.0000
7337.5970	38336.0000
7337.6409	37264.0000
7337.6849	36211.0000
7337.7288	35346.0000
7337.7727	35172.0000
7337.8166	35027.0000
7337.8606	35434.0000
7337.9045	35950.0000
7337.9484	36743.0000
7337.9923	37223.0000
7338.0362	37740.0000
7338.0801	37993.0000
7338.1240	37910.0000
7338.1680	37720.0000
7338.2120	37279.0000
7338.2559	36982.0000
7338.2998	37150.0000
7338.3437	38278.0000
7338.3876	40085.0000
7338.4315	42023.0000
7338.4753	43911.0000
7338.5192	45163.0000
7338.5631	45116.0000
7338.6070	44806.0000
7338.6509	43632.0000
7338.6948	41535.0000
7338.7387	39390.0000
7338.7826	37441.0000
7338.8264	35784.0000
7338.8703	34768.0000
7338.9142	34004.0000
7338.9581	32727.0000
7339.0020	31214.0000
7339.0458	30027.0000
7339.0897	29526.0000
7339.1336	29684.0000
7339.1774	30851.0000
7339.2214	32718.0000
7339.2653	34628.0000
7339.3091	36734.0000
7339.3530	38623.0000
7339.3968	39985.0000
7339.4407	40528.0000
7339.4845	40503.0000
7339.5284	39979.0000
7339.5722	39008.0000
7339.6161	38003.0000
7339.6599	37505.0000
7339.7038	37330.0000
7339.7476	38028.0000
7339.7915	39860.0000
7339.8353	42068.0000
7339.8791	44356.0000
7339.9230	46246.0000
7339.9668	47382.0000
7340.0106	48253.0000
7340.0545	48400.0000
7340.0983	47836.0000
7340.1421	47492.0000
7340.1860	47673.0000
7340.2298	47748.0000
7340.2737	48564.0000
7340.3175	48652.0000
7340.3613	49180.0000
7340.4052	49313.0000
7340.4490	49049.0000
7340.4928	48641.0000
7340.5366	47852.0000
7340.5804	46708.0000
7340.6242	45896.0000
7340.6680	45100.0000
7340.7118	44272.0000
7340.7556	42911.0000
7340.7994	41221.0000
7340.8432	39743.0000
7340.8870	38890.0000
7340.9308	38141.0000
7340.9746	37833.0000
7341.0184	37905.0000
7341.0622	38127.0000
7341.1060	38418.0000
7341.1497	38640.0000
7341.1935	39020.0000
7341.2373	39673.0000
7341.2811	40987.0000
7341.3250	42808.0000
7341.3687	44387.0000
7341.4125	45381.0000
7341.4563	45416.0000
7341.5001	45287.0000
7341.5438	44274.0000
7341.5876	43291.0000
7341.6314	42558.0000
7341.6751	42201.0000
7341.7189	41878.0000
7341.7626	42566.0000
7341.8064	44020.0000
7341.8502	45601.0000
7341.8939	46689.0000
7341.9377	47707.0000
7341.9814	48125.0000
7342.0252	48389.0000
7342.0689	48549.0000
7342.1127	48886.0000
7342.1564	48536.0000
7342.2001	48209.0000
7342.2439	47724.0000
7342.2876	47153.0000
7342.3314	46268.0000
7342.3752	45189.0000
7342.4189	44174.0000
7342.4627	42980.0000
7342.5064	41976.0000
7342.5501	41950.0000
7342.5938	42987.0000
7342.6376	44065.0000
7342.6813	45008.0000
7342.7250	45915.0000
7342.7687	45776.0000
7342.8124	44783.0000
7342.8562	43235.0000
7342.8999	41615.0000
7342.9436	40980.0000
7342.9873	41050.0000
7343.0310	41697.0000
7343.0747	42050.0000
7343.1184	42229.0000
7343.1621	42127.0000
7343.2058	42526.0000
7343.2495	43733.0000
7343.2932	44858.0000
7343.3369	45854.0000
7343.3806	46203.0000
7343.4244	44888.0000
7343.4681	42400.0000
7343.5118	39649.0000
7343.5554	36802.0000
7343.5991	34746.0000
7343.6428	34670.0000
7343.6865	35677.0000
7343.7302	37350.0000
7343.7739	39363.0000
7343.8175	41372.0000
7343.8612	42852.0000
7343.9049	43240.0000
7343.9485	43146.0000
7343.9922	41657.0000
7344.0359	40018.0000
7344.0795	38814.0000
7344.1232	37330.0000
7344.1669	36625.0000
7344.2105	36396.0000
7344.2542	36717.0000
7344.2978	37994.0000
7344.3415	39756.0000
7344.3851	41765.0000
7344.4288	43465.0000
7344.4725	43765.0000
7344.5162	42870.0000
7344.5598	40072.0000
7344.6035	36156.0000
7344.6471	32102.0000
7344.6907	28723.0000
7344.7344	26190.0000
7344.7780	24826.0000
7344.8217	25045.0000
7344.8653	26846.0000
7344.9089	30105.0000
7344.9525	34263.0000
7344.9962	38681.0000
7345.0398	41818.0000
7345.0834	43703.0000
7345.1270	43097.0000
7345.1707	41064.0000
7345.2143	38958.0000
7345.2579	37431.0000
7345.3015	37152.0000
7345.3451	37124.0000
7345.3887	37397.0000
7345.4323	37837.0000
7345.4759	38826.0000
7345.5196	40348.0000
7345.5632	42428.0000
7345.6068	44111.0000
7345.6504	45324.0000
7345.6940	46594.0000
7345.7376	47797.0000
7345.7812	48996.0000
7345.8248	50053.0000
7345.8684	50379.0000
7345.9120	50139.0000
7345.9556	49636.0000
7345.9992	48507.0000
7346.0428	47911.0000
7346.0863	47781.0000
7346.1299	48639.0000
7346.1735	49773.0000
7346.2171	50877.0000
7346.2606	51783.0000
7346.3042	51897.0000
7346.3478	51221.0000
7346.3913	50062.0000
7346.4349	48198.0000
7346.4785	46849.0000
7346.5220	45292.0000
7346.5657	43820.0000
7346.6093	42652.0000
7346.6528	42368.0000
7346.6964	42750.0000
7346.7399	43670.0000
7346.7835	45543.0000
7346.8270	47518.0000
7346.8706	49326.0000
7346.9141	50321.0000
7346.9577	50651.0000
7347.0012	50410.0000
7347.0448	49671.0000
7347.0883	48107.0000
7347.1318	46489.0000
7347.1754	44326.0000
7347.2189	42435.0000
7347.2624	40743.0000
7347.3060	40109.0000
7347.3495	40205.0000
7347.3930	42204.0000
7347.4365	44879.0000
7347.4801	48354.0000
7347.5236	51268.0000
7347.5671	53526.0000
7347.6106	55259.0000
7347.6542	55897.0000
7347.6978	56016.0000
7347.7413	54743.0000
7347.7848	53281.0000
7347.8283	51323.0000
7347.8718	49835.0000
7347.9153	48552.0000
7347.9588	48650.0000
7348.0023	49501.0000
7348.0458	50399.0000
7348.0893	51790.0000
7348.1328	52728.0000
7348.1763	53201.0000
7348.2198	53741.0000
7348.2633	53695.0000
7348.3068	53955.0000
7348.3502	53541.0000
7348.3937	52800.0000
7348.4372	52234.0000
7348.4807	52156.0000
7348.5242	52167.0000
7348.5677	51620.0000
7348.6111	50488.0000
7348.6546	48649.0000
7348.6982	46854.0000
7348.7416	46183.0000
7348.7851	46751.0000
7348.8286	47901.0000
7348.8720	49166.0000
7348.9155	50415.0000
7348.9590	51453.0000
7349.0024	52234.0000
7349.0459	52366.0000
7349.0893	52360.0000
7349.1328	52741.0000
7349.1762	53146.0000
7349.2197	54299.0000
7349.2631	55539.0000
7349.3066	55983.0000
7349.3500	55531.0000
7349.3935	55012.0000
7349.4369	53418.0000
7349.4804	51344.0000
7349.5238	49676.0000
7349.5672	49063.0000
7349.6107	49767.0000
7349.6541	51501.0000
7349.6975	53904.0000
7349.7411	55922.0000
7349.7845	56720.0000
7349.8279	55458.0000
7349.8713	52285.0000
7349.9148	49391.0000
7349.9582	47893.0000
7350.0016	47989.0000
7350.0450	48116.0000
7350.0884	47912.0000
7350.1318	47124.0000
7350.1752	46765.0000
7350.2187	47557.0000
7350.2621	48669.0000
7350.3055	48826.0000
7350.3489	47958.0000
7350.3923	46727.0000
7350.4357	45239.0000
7350.4791	44033.0000
7350.5225	42730.0000
7350.5659	42504.0000
7350.6092	42864.0000
7350.6526	43492.0000
7350.6960	44420.0000
7350.7394	45654.0000
7350.7829	46904.0000
7350.8263	48737.0000
7350.8697	49592.0000
7350.9130	49841.0000
7350.9564	49730.0000
7350.9998	49617.0000
7351.0432	50154.0000
7351.0865	51657.0000
7351.1299	53443.0000
7351.1733	55033.0000
7351.2166	55443.0000
7351.2600	54690.0000
7351.3034	53439.0000
7351.3467	52010.0000
7351.3901	51522.0000
7351.4335	51556.0000
7351.4768	51616.0000
7351.5202	51576.0000
7351.5635	51222.0000
7351.6069	50453.0000
7351.6502	49729.0000
7351.6936	49354.0000
7351.7369	49283.0000
7351.7802	49777.0000
7351.8236	50176.0000
7351.8670	50924.0000
7351.9104	51706.0000
7351.9537	52631.0000
7351.9970	52873.0000
7352.0404	52410.0000
7352.0837	51396.0000
7352.1270	50181.0000
7352.1704	48797.0000
7352.2137	48239.0000
7352.2570	48413.0000
7352.3003	49306.0000
7352.3436	50621.0000
7352.3870	51829.0000
7352.4303	53717.0000
7352.4736	55137.0000
7352.5169	56493.0000
7352.5602	57397.0000
7352.6035	57758.0000
7352.6468	58192.0000
7352.6901	58951.0000
7352.7334	59740.0000
7352.7767	61326.0000
7352.8200	62412.0000
7352.8633	62378.0000
7352.9067	61428.0000
7352.9500	59877.0000
7352.9933	58084.0000
7353.0366	54564.0000
7353.0799	52134.0000
7353.1232	50311.0000
7353.1665	49171.0000
7353.2097	48378.0000
7353.2530	48184.0000
7353.2963	48052.0000
7353.3396	46989.0000
7353.3829	45829.0000
7353.4261	45211.0000
7353.4694	45563.0000
7353.5127	47497.0000
7353.5559	50756.0000
7353.5992	54266.0000
7353.6425	57731.0000
7353.6857	60162.0000
7353.7290	61738.0000
7353.7723	61061.0000
7353.8155	59211.0000
7353.8588	56855.0000
7353.9020	55374.0000
7353.9454	53744.0000
7353.9886	53292.0000
7354.0319	53719.0000
7354.0751	53958.0000
7354.1184	53948.0000
7354.1616	53039.0000
7354.2048	51321.0000
7354.2481	48957.0000
7354.2913	46852.0000
7354.3346	45147.0000
7354.3778	43912.0000
7354.4210	43430.0000
7354.4643	43776.0000
7354.5075	44304.0000
7354.5507	44716.0000
7354.5939	45903.0000
7354.6372	46790.0000
7354.6804	47569.0000
7354.7236	49043.0000
7354.7668	50018.0000
7354.8100	51284.0000
7354.8532	52236.0000
7354.8965	53479.0000
7354.9397	55427.0000
7354.9830	56292.0000
7355.0262	57751.0000
7355.0694	57650.0000
7355.1126	57009.0000
7355.1558	56008.0000
7355.1990	54004.0000
7355.2422	52431.0000
7355.2854	51471.0000
7355.3286	51642.0000
7355.3718	52153.0000
7355.4150	52605.0000
7355.4581	52733.0000
7355.5013	53343.0000
7355.5445	53876.0000
7355.5877	54105.0000
7355.6309	54627.0000
7355.6741	55062.0000
7355.7172	54648.0000
7355.7604	54798.0000
7355.8036	54009.0000
7355.8468	52057.0000
7355.8899	49133.0000
7355.9331	46363.0000
7355.9763	43228.0000
7356.0194	42030.0000
7356.0627	42597.0000
7356.1058	44662.0000
7356.1490	47199.0000
7356.1922	50307.0000
7356.2353	53353.0000
7356.2785	55142.0000
7356.3216	55541.0000
7356.3648	54389.0000
7356.4079	52047.0000
7356.4511	49226.0000
7356.4942	46266.0000
7356.5373	43938.0000
7356.5805	42965.0000
7356.6236	42406.0000
7356.6668	43135.0000
7356.7099	44920.0000
7356.7530	47144.0000
7356.7962	49300.0000
7356.8393	50063.0000
7356.8824	49920.0000
7356.9255	48532.0000
7356.9687	46847.0000
7357.0118	45087.0000
7357.0549	44064.0000
7357.0981	43786.0000
7357.1413	44353.0000
7357.1844	46804.0000
7357.2275	50365.0000
7357.2706	53082.0000
7357.3137	54682.0000
7357.3568	55212.0000
7357.3999	54839.0000
7357.4430	54120.0000
7357.4861	53835.0000
7357.5292	53498.0000
7357.5723	52487.0000
7357.6154	50340.0000
7357.6585	46040.0000
7357.7016	40073.0000
7357.7447	34286.0000
7357.7878	30309.0000
7357.8309	29022.0000
7357.8740	30798.0000
7357.9170	33939.0000
7357.9601	37794.0000
7358.0032	41312.0000
7358.0463	44870.0000
7358.0894	47184.0000
7358.1324	48624.0000
7358.1756	49290.0000
7358.2187	49838.0000
7358.2617	50484.0000
7358.3048	50505.0000
7358.3479	50748.0000
7358.3909	51543.0000
7358.4340	52745.0000
7358.4771	54294.0000
7358.5201	55982.0000
7358.5632	57231.0000
7358.6062	58069.0000
7358.6493	58505.0000
7358.6923	58903.0000
7358.7354	58842.0000
7358.7784	58892.0000
7358.8215	58419.0000
7358.8645	58319.0000
7358.9076	57869.0000
7358.9506	57384.0000
7358.9936	56768.0000
7359.0367	56530.0000
7359.0797	56479.0000
7359.1227	56689.0000
7359.1658	56956.0000
7359.2089	57365.0000
7359.2519	57202.0000
7359.2950	56970.0000
7359.3380	55902.0000
7359.3810	54052.0000
7359.4240	51146.0000
7359.4670	48190.0000
7359.5101	46447.0000
7359.5531	46968.0000
7359.5961	48882.0000
7359.6391	50616.0000
7359.6821	51962.0000
7359.7251	52747.0000
7359.7681	53555.0000
7359.8111	54645.0000
7359.8541	56617.0000
7359.8971	58804.0000
7359.9401	60676.0000
7359.9831	61599.0000
7360.0261	61235.0000
7360.0691	59587.0000
7360.1121	56902.0000
7360.1551	55545.0000
7360.1981	54514.0000
7360.2410	52754.0000
7360.2841	51147.0000
7360.3271	50809.0000
7360.3701	50914.0000
7360.4131	51388.0000
7360.4560	51375.0000
7360.4990	50677.0000
7360.5420	48588.0000
7360.5850	46400.0000
7360.6279	44391.0000
7360.6709	44080.0000
7360.7139	44988.0000
7360.7568	46869.0000
7360.7998	49517.0000
7360.8427	52090.0000
7360.8857	53816.0000
7360.9287	53815.0000
7360.9716	52718.0000
7361.0146	51801.0000
7361.0575	52744.0000
7361.1005	55540.0000
7361.1434	58235.0000
7361.1863	60468.0000
7361.2293	61913.0000
7361.2722	63187.0000
7361.3153	64110.0000
7361.3582	64258.0000
7361.4011	63312.0000
7361.4441	62111.0000
7361.4870	60109.0000
7361.5299	58081.0000
7361.5729	55694.0000
7361.6158	53486.0000
7361.6587	51570.0000
7361.7016	50568.0000
7361.7446	51371.0000
7361.7875	53113.0000
7361.8304	55643.0000
7361.8733	58060.0000
7361.9162	59316.0000
7361.9591	59609.0000
7362.0020	59663.0000
7362.0450	59306.0000
7362.0879	59061.0000
7362.1308	58920.0000
7362.1737	56810.0000
7362.2166	55026.0000
7362.2595	53778.0000
7362.3024	53447.0000
7362.3453	54373.0000
7362.3882	55389.0000
7362.4311	56762.0000
7362.4740	57597.0000
7362.5169	58015.0000
7362.5598	57822.0000
7362.6027	57820.0000
7362.6456	57481.0000
7362.6884	56777.0000
7362.7313	56835.0000
7362.7742	57079.0000
7362.8171	57301.0000
7362.8600	57529.0000
7362.9028	56693.0000
7362.9457	55493.0000
7362.9886	54819.0000
7363.0314	54659.0000
7363.0743	55250.0000
7363.1172	55776.0000
7363.1600	56026.0000
7363.2029	55786.0000
7363.2457	55764.0000
7363.2886	56166.0000
7363.3314	57653.0000
7363.3743	59457.0000
7363.4172	61845.0000
7363.4601	64190.0000
7363.5029	66082.0000
7363.5458	67615.0000
7363.5886	69386.0000
7363.6314	70204.0000
7363.6743	71265.0000
7363.7171	71267.0000
7363.7600	70530.0000
7363.8028	70477.0000
7363.8456	68584.0000
7363.8884	66001.0000
7363.9313	61393.0000
7363.9741	56634.0000
7364.0169	51759.0000
7364.0597	46242.0000
7364.1026	41407.0000
7364.1454	37514.0000
7364.1882	35312.0000
7364.2310	34839.0000
7364.2738	36534.0000
7364.3166	39389.0000
7364.3594	42443.0000
7364.4023	45914.0000
7364.4451	50181.0000
7364.4880	54919.0000
7364.5308	58455.0000
7364.5736	61474.0000
7364.6164	63449.0000
7364.6592	65014.0000
7364.7019	66115.0000
7364.7447	66900.0000
7364.7875	67111.0000
7364.8303	66514.0000
7364.8731	66397.0000
7364.9159	66107.0000
7364.9587	65785.0000
7365.0015	65832.0000
7365.0442	66254.0000
7365.0870	66881.0000
7365.1298	67457.0000
7365.1726	67598.0000
7365.2153	66865.0000
7365.2581	65724.0000
7365.3009	64206.0000
7365.3436	63178.0000
7365.3864	62926.0000
7365.4292	64063.0000
7365.4719	66406.0000
7365.5148	69715.0000
7365.5575	72494.0000
7365.6003	74964.0000
7365.6430	75351.0000
7365.6858	74354.0000
7365.7285	72387.0000
7365.7713	69927.0000
7365.8140	68482.0000
7365.8568	67899.0000
7365.8995	67870.0000
7365.9423	68064.0000
7365.9850	68313.0000
7366.0277	68444.0000
7366.0705	67195.0000
7366.1132	63557.0000
7366.1559	59283.0000
7366.1987	55547.0000
7366.2414	53129.0000
7366.2841	52968.0000
7366.3268	54632.0000
7366.3696	57363.0000
7366.4123	60064.0000
7366.4550	62140.0000
7366.4977	62262.0000
7366.5404	59106.0000
7366.5832	54051.0000
7366.6260	48859.0000
7366.6687	45968.0000
7366.7114	45946.0000
7366.7541	48800.0000
7366.7968	53218.0000
7366.8395	58086.0000
7366.8822	61930.0000
7366.9249	64446.0000
7366.9676	66146.0000
7367.0103	67138.0000
7367.0530	67467.0000
7367.0957	68549.0000
7367.1383	67435.0000
7367.1810	65837.0000
7367.2237	63718.0000
7367.2664	61279.0000
7367.3091	59817.0000
7367.3518	60040.0000
7367.3944	60979.0000
7367.4371	62668.0000
7367.4798	64852.0000
7367.5225	66945.0000
7367.5651	69154.0000
7367.6078	71437.0000
7367.6506	73497.0000
7367.6932	74619.0000
7367.7359	74520.0000
7367.7786	73989.0000
7367.8212	73661.0000
7367.8639	73935.0000
7367.9065	74946.0000
7367.9492	77200.0000
7367.9918	78404.0000
7368.0345	78440.0000
7368.0771	77244.0000
7368.1198	74445.0000
7368.1624	72126.0000
7368.2051	70785.0000
7368.2477	69361.0000
7368.2903	69031.0000
7368.3330	69841.0000
7368.3756	71386.0000
7368.4182	73071.0000
7368.4609	74974.0000
7368.5035	75847.0000
7368.5461	76290.0000
7368.5888	75533.0000
7368.6314	74453.0000
7368.6741	73132.0000
7368.7167	71651.0000
7368.7593	69925.0000
7368.8020	67868.0000
7368.8446	66289.0000
7368.8872	65397.0000
7368.9298	65233.0000
7368.9724	65833.0000
7369.0150	66096.0000
7369.0576	66017.0000
7369.1002	65040.0000
7369.1428	63921.0000
7369.1854	63670.0000
7369.2280	64198.0000
7369.2706	64214.0000
7369.3132	64240.0000
7369.3558	63535.0000
7369.3984	62898.0000
7369.4410	62809.0000
7369.4836	62563.0000
7369.5262	63009.0000
7369.5687	64300.0000
7369.6113	66626.0000
7369.6539	69976.0000
7369.6965	73227.0000
7369.7392	74871.0000
7369.7817	74692.0000
7369.8243	71526.0000
7369.8669	68687.0000
7369.9094	67792.0000
7369.9520	69160.0000
7369.9946	70838.0000
7370.0371	71297.0000
7370.0797	70871.0000
7370.1223	69332.0000
7370.1648	65652.0000
7370.2074	61090.0000
7370.2499	56466.0000
7370.2925	52262.0000
7370.3350	49573.0000
7370.3776	47754.0000
7370.4201	47564.0000
7370.4627	49187.0000
7370.5052	52257.0000
7370.5478	55973.0000
7370.5903	59632.0000
7370.6328	61937.0000
7370.6754	63576.0000
7370.7179	65125.0000
7370.7604	66971.0000
7370.8031	69966.0000
7370.8456	73015.0000
7370.8881	75265.0000
7370.9306	76088.0000
7370.9732	75099.0000
7371.0157	72263.0000
7371.0582	69318.0000
7371.1007	67478.0000
7371.1432	66612.0000
7371.1857	65921.0000
7371.2283	65169.0000
7371.2708	63249.0000
7371.3133	59722.0000
7371.3558	55563.0000
7371.3983	52202.0000
7371.4408	50424.0000
7371.4833	50785.0000
7371.5258	53116.0000
7371.5683	56480.0000
7371.6108	59493.0000
7371.6533	61871.0000
7371.6958	63591.0000
7371.7382	65208.0000
7371.7807	65846.0000
7371.8232	66280.0000
7371.8658	66123.0000
7371.9083	65834.0000
7371.9508	65439.0000
7371.9932	64778.0000
7372.0357	63763.0000
7372.0782	61786.0000
7372.1207	59275.0000
7372.1631	57194.0000
7372.2056	56260.0000
7372.2481	56785.0000
7372.2905	58153.0000
7372.3330	59748.0000
7372.3755	62221.0000
7372.4179	64010.0000
7372.4604	65816.0000
7372.5028	66049.0000
7372.5453	65427.0000
7372.5877	63409.0000
7372.6302	60639.0000
7372.6726	58089.0000
7372.7151	55779.0000
7372.7575	54372.0000
7372.8000	53768.0000
7372.8424	54174.0000
7372.8850	55077.0000
7372.9274	56250.0000
7372.9698	56864.0000
7373.0123	56881.0000
7373.0547	57044.0000
7373.0971	57059.0000
7373.1395	57157.0000
7373.1820	57762.0000
7373.2244	59779.0000
7373.2668	61635.0000
7373.3092	63865.0000
7373.3517	64794.0000
7373.3941	65557.0000
7373.4365	64664.0000
7373.4789	62681.0000
7373.5213	60710.0000
7373.5637	58476.0000
7373.6061	57546.0000
7373.6485	58362.0000
7373.6909	60160.0000
7373.7333	62398.0000
7373.7757	65166.0000
7373.8181	66991.0000
7373.8605	67320.0000
7373.9029	66457.0000
7373.9454	64765.0000
7373.9878	63626.0000
7374.0302	62463.0000
7374.0726	61963.0000
7374.1150	62034.0000
7374.1574	62242.0000
7374.1997	62003.0000
7374.2421	61121.0000
7374.2845	59843.0000
7374.3269	59055.0000
7374.3692	58812.0000
7374.4116	59372.0000
7374.4540	60469.0000
7374.4964	61522.0000
7374.5387	62040.0000
7374.5811	62746.0000
7374.6235	63565.0000
7374.6658	64327.0000
7374.7082	64675.0000
7374.7505	64978.0000
7374.7929	64954.0000
7374.8352	64130.0000
7374.8776	62303.0000
7374.9199	60402.0000
7374.9623	59586.0000
7375.0047	59747.0000
7375.0471	60377.0000
7375.0894	61293.0000
7375.1318	62623.0000
7375.1741	62961.0000
7375.2164	62941.0000
7375.2588	62325.0000
7375.3011	61836.0000
7375.3434	61985.0000
7375.3858	62541.0000
7375.4281	63198.0000
7375.4704	63731.0000
7375.5127	64595.0000
7375.5551	65035.0000
7375.5974	65973.0000
7375.6397	65891.0000
7375.6820	65477.0000
7375.7243	64545.0000
7375.7666	64187.0000
7375.8090	63652.0000
7375.8513	63589.0000
7375.8936	63665.0000
7375.9359	64033.0000
7375.9782	63176.0000
7376.0205	62338.0000
7376.0629	61128.0000
7376.1052	59926.0000
7376.1475	58955.0000
7376.1898	58921.0000
7376.2321	59678.0000
7376.2744	60952.0000
7376.3166	62912.0000
7376.3589	64184.0000
7376.4012	65095.0000
7376.4435	65822.0000
7376.4858	65881.0000
7376.5281	66303.0000
7376.5703	67087.0000
7376.6126	68802.0000
7376.6549	69738.0000
7376.6972	70976.0000
7376.7394	71128.0000
7376.7817	70609.0000
7376.8240	69611.0000
7376.8662	67965.0000
7376.9085	65584.0000
7376.9507	63722.0000
7376.9930	62270.0000
7377.0353	61694.0000
7377.0775	61967.0000
7377.1199	62883.0000
7377.1621	63578.0000
7377.2044	64743.0000
7377.2466	65451.0000
7377.2889	66141.0000
7377.3311	66391.0000
7377.3734	67306.0000
7377.4156	68142.0000
7377.4578	68141.0000
7377.5001	67955.0000
7377.5423	67247.0000
7377.5845	66661.0000
7377.6268	66313.0000
7377.6690	66279.0000
7377.7112	65504.0000
7377.7534	65331.0000
7377.7957	64916.0000
7377.8379	65545.0000
7377.8801	66342.0000
7377.9223	67297.0000
7377.9645	67598.0000
7378.0068	67981.0000
7378.0490	68041.0000
7378.0912	67667.0000
7378.1334	66672.0000
7378.1757	65138.0000
7378.2179	64231.0000
7378.2601	63528.0000
7378.3023	63854.0000
7378.3445	64372.0000
7378.3867	64169.0000
7378.4289	63462.0000
7378.4711	62621.0000
7378.5133	63100.0000
7378.5555	64583.0000
7378.5977	66912.0000
7378.6398	69838.0000
7378.6820	71657.0000
7378.7242	71968.0000
7378.7664	71907.0000
7378.8086	71378.0000
7378.8508	71080.0000
7378.8929	71558.0000
7378.9351	71456.0000
7378.9773	72281.0000
7379.0194	73578.0000
7379.0616	74441.0000
7379.1038	75113.0000
7379.1459	74613.0000
7379.1881	73388.0000
7379.2304	71499.0000
7379.2725	69924.0000
7379.3147	68629.0000
7379.3568	68149.0000
7379.3990	67843.0000
7379.4411	67373.0000
7379.4833	66659.0000
7379.5254	64783.0000
7379.5676	62383.0000
7379.6097	60032.0000
7379.6519	57666.0000
7379.6940	55359.0000
7379.7361	53218.0000
7379.7783	52045.0000
7379.8204	50663.0000
7379.8625	49762.0000
7379.9047	48932.0000
7379.9468	47932.0000
7379.9889	46680.0000
7380.0310	45455.0000
7380.0732	43953.0000
7380.1153	43344.0000
7380.1574	43103.0000
7380.1995	43658.0000
7380.2416	44545.0000
7380.2839	45632.0000
7380.3260	46384.0000
7380.3681	46850.0000
7380.4102	47600.0000
7380.4523	48279.0000
7380.4944	48911.0000
7380.5365	49576.0000
7380.5786	50566.0000
7380.6207	50609.0000
7380.6628	50711.0000
7380.7049	50304.0000
7380.7470	49660.0000
7380.7891	48783.0000
7380.8312	48508.0000
7380.8732	48521.0000
7380.9153	48775.0000
7380.9574	49775.0000
7380.9995	50587.0000
7381.0416	51373.0000
7381.0837	52244.0000
7381.1257	53372.0000
7381.1678	54244.0000
7381.2099	55210.0000
7381.2519	55893.0000
7381.2940	56622.0000
7381.3362	57505.0000
7381.3782	57297.0000
7381.4203	56689.0000
7381.4624	55577.0000
7381.5044	54272.0000
7381.5465	53770.0000
7381.5885	53469.0000
7381.6306	53215.0000
7381.6726	52948.0000
7381.7147	51442.0000
7381.7567	49368.0000
7381.7988	45893.0000
7381.8408	42192.0000
7381.8829	39240.0000
7381.9249	38162.0000
7381.9670	38841.0000
7382.0090	40886.0000
7382.0510	43499.0000
7382.0931	46279.0000
7382.1351	48136.0000
7382.1771	50114.0000
7382.2192	51805.0000
7382.2612	53921.0000
7382.3032	55828.0000
7382.3452	56968.0000
7382.3873	57501.0000
7382.4294	57438.0000
7382.4714	56981.0000
7382.5134	55848.0000
7382.5554	54087.0000
7382.5974	52623.0000
7382.6394	51459.0000
7382.6814	50624.0000
7382.7234	50654.0000
7382.7654	51498.0000
7382.8074	52253.0000
7382.8494	52549.0000
7382.8914	52764.0000
7382.9334	51731.0000
7382.9754	50270.0000
7383.0174	48940.0000
7383.0594	48996.0000
7383.1014	50313.0000
7383.1434	52369.0000
7383.1854	55439.0000
7383.2273	57461.0000
7383.2693	59189.0000
7383.3113	60402.0000
7383.3533	61210.0000
7383.3953	60889.0000
7383.4373	60520.0000
7383.4793	59576.0000
7383.5213	58266.0000
7383.5632	56366.0000
7383.6052	55076.0000
7383.6472	53455.0000
7383.6891	52718.0000
7383.7311	52666.0000
7383.7731	53581.0000
7383.8150	55414.0000
7383.8570	56852.0000
7383.8989	58198.0000
7383.9409	59077.0000
7383.9828	59082.0000
7384.0248	59122.0000
7384.0667	59410.0000
7384.1086	60000.0000
7384.1506	60925.0000
7384.1925	61932.0000
7384.2345	63007.0000
7384.2764	62781.0000
7384.3183	60784.0000
7384.3603	57011.0000
7384.4022	54088.0000
7384.4441	53639.0000
7384.4862	54202.0000
7384.5281	55621.0000
7384.5700	56602.0000
7384.6119	56749.0000
7384.6538	57413.0000
7384.6958	59026.0000
7384.7377	60313.0000
7384.7796	61957.0000
7384.8215	62811.0000
7384.8634	63467.0000
7384.9053	63204.0000
7384.9472	63067.0000
7384.9891	62871.0000
7385.0310	62812.0000
7385.0729	61917.0000
7385.1148	60966.0000
7385.1567	59415.0000
7385.1986	58367.0000
7385.2405	57008.0000
7385.2824	55630.0000
7385.3243	54750.0000
7385.3662	53963.0000
7385.4081	53335.0000
7385.4499	53253.0000
7385.4918	53903.0000
7385.5338	54872.0000
7385.5757	55999.0000
7385.6176	57250.0000
7385.6594	58058.0000
7385.7013	58932.0000
7385.7432	58971.0000
7385.7850	59522.0000
7385.8269	59951.0000
7385.8688	59897.0000
7385.9106	61102.0000
7385.9525	61604.0000
7385.9944	61816.0000
7386.0362	60468.0000
7386.0781	59851.0000
7386.1199	59575.0000
7386.1618	60107.0000
7386.2036	60218.0000
7386.2455	59531.0000
7386.2873	58982.0000
7386.3292	58333.0000
7386.3710	57735.0000
7386.4128	57553.0000
7386.4547	57255.0000
7386.4965	56808.0000
7386.5384	56652.0000
7386.5803	57194.0000
7386.6221	58185.0000
7386.6639	59624.0000
7386.7058	61679.0000
7386.7476	62689.0000
7386.7894	62507.0000
7386.8312	61812.0000
7386.8731	60841.0000
7386.9149	60837.0000
7386.9567	61195.0000
7386.9985	61602.0000
7387.0403	61957.0000
7387.0821	61154.0000
7387.1239	60784.0000
7387.1657	60709.0000
7387.2075	61178.0000
7387.2494	62366.0000
7387.2912	64315.0000
7387.3330	66133.0000
7387.3747	66859.0000
7387.4165	66852.0000
7387.4583	65239.0000
7387.5001	63516.0000
7387.5419	61671.0000
7387.5837	60239.0000
7387.6256	59539.0000
7387.6674	59164.0000
7387.7092	58760.0000
7387.7509	58207.0000
7387.7927	57725.0000
7387.8345	57786.0000
7387.8763	58147.0000
7387.9180	58389.0000
7387.9598	59321.0000
7388.0016	59771.0000
7388.0433	59946.0000
7388.0851	59499.0000
7388.1269	59388.0000
7388.1686	59502.0000
7388.2104	60196.0000
7388.2522	61286.0000
7388.2939	62374.0000
7388.3357	63260.0000
7388.3774	64643.0000
7388.4192	64921.0000
7388.4609	65082.0000
7388.5027	64824.0000
7388.5444	64910.0000
7388.5861	65337.0000
7388.6279	65538.0000
7388.6696	64214.0000
7388.7115	62050.0000
7388.7532	59095.0000
7388.7949	56807.0000
7388.8367	56864.0000
7388.8784	58070.0000
7388.9201	60336.0000
7388.9618	64128.0000
7389.0036	67293.0000
7389.0453	68862.0000
7389.0870	69000.0000
7389.1287	66815.0000
7389.1704	64511.0000
7389.2122	62242.0000
7389.2539	61478.0000
7389.2956	62184.0000
7389.3373	62842.0000
7389.3790	62842.0000
7389.4207	61146.0000
7389.4624	58829.0000
7389.5041	56612.0000
7389.5458	54986.0000
7389.5875	55063.0000
7389.6292	56152.0000
7389.6709	58068.0000
7389.7126	59456.0000
7389.7544	60873.0000
7389.7961	60932.0000
7389.8377	60183.0000
7389.8794	59214.0000
7389.9211	57989.0000
7389.9628	56364.0000
7390.0045	55272.0000
7390.0461	53913.0000
7390.0878	51807.0000
7390.1295	49193.0000
7390.1712	46017.0000
7390.2128	43600.0000
7390.2545	42372.0000
7390.2962	42898.0000
7390.3378	44650.0000
7390.3795	46491.0000
7390.4211	47568.0000
7390.4628	47055.0000
7390.5045	45725.0000
7390.5461	44893.0000
7390.5878	45524.0000
7390.6294	47661.0000
7390.6711	51333.0000
7390.7127	55690.0000
7390.7544	59012.0000
7390.7961	60402.0000
7390.8377	59378.0000
7390.8794	56446.0000
7390.9210	53535.0000
7390.9627	51006.0000
7391.0043	49445.0000
7391.0459	48740.0000
7391.0875	49175.0000
7391.1292	50402.0000
7391.1708	51961.0000
7391.2124	53825.0000
7391.2540	54802.0000
7391.2957	55459.0000
7391.3373	55234.0000
7391.3789	55077.0000
7391.4205	54777.0000
7391.4621	53447.0000
7391.5037	51995.0000
7391.5453	49623.0000
7391.5870	47924.0000
7391.6286	46851.0000
7391.6702	46666.0000
7391.7118	47927.0000
7391.7534	50811.0000
7391.7950	53508.0000
7391.8367	56302.0000
7391.8783	58354.0000
7391.9198	59976.0000
7391.9614	61461.0000
7392.0030	63111.0000
7392.0446	63592.0000
7392.0862	63067.0000
7392.1278	61801.0000
7392.1694	61041.0000
7392.2109	60188.0000
7392.2525	59628.0000
7392.2941	59321.0000
7392.3357	57668.0000
7392.3772	55416.0000
7392.4188	53325.0000
7392.4604	51497.0000
7392.5019	50575.0000
7392.5435	50817.0000
7392.5851	52389.0000
7392.6266	54728.0000
7392.6682	57376.0000
7392.7097	60471.0000
7392.7513	63530.0000
7392.7928	65808.0000
7392.8344	67735.0000
7392.8759	68684.0000
7392.9176	68339.0000
7392.9591	67693.0000
7393.0007	67105.0000
7393.0422	66845.0000
7393.0837	67220.0000
7393.1253	67835.0000
7393.1668	68238.0000
7393.2084	68213.0000
7393.2499	67472.0000
7393.2914	65918.0000
7393.3329	63732.0000
7393.3745	61788.0000
7393.4160	59488.0000
7393.4575	57484.0000
7393.4990	55723.0000
7393.5406	54152.0000
7393.5821	52916.0000
7393.6236	52477.0000
7393.6651	52166.0000
7393.7066	52412.0000
7393.7481	53916.0000
7393.7896	56513.0000
7393.8311	59326.0000
7393.8726	62358.0000
7393.9141	65213.0000
7393.9557	67129.0000
7393.9972	68074.0000
7394.0387	68179.0000
7394.0802	67305.0000
7394.1217	66353.0000
7394.1632	64812.0000
7394.2047	63389.0000
7394.2462	62122.0000
7394.2877	60797.0000
7394.3291	60271.0000
7394.3706	60364.0000
7394.4121	60833.0000
7394.4536	61389.0000
7394.4951	62306.0000
7394.5365	62656.0000
7394.5780	62989.0000
7394.6195	63408.0000
7394.6609	64405.0000
7394.7024	65828.0000
7394.7439	66694.0000
7394.7853	66302.0000
7394.8268	65515.0000
7394.8682	67158.0000
7394.9097	69697.0000
7394.9511	69871.0000
7394.9927	69247.0000
7395.0342	68625.0000
7395.0756	67491.0000
7395.1170	66999.0000
7395.1585	65926.0000
7395.1999	64491.0000
7395.2414	62964.0000
7395.2828	61486.0000
7395.3242	60190.0000
7395.3657	59789.0000
7395.4071	60277.0000
7395.4485	61428.0000
7395.4900	63291.0000
7395.5314	65188.0000
7395.5728	65807.0000
7395.6143	65636.0000
7395.6557	64222.0000
7395.6971	61506.0000
7395.7385	57773.0000
7395.7799	55291.0000
7395.8213	53915.0000
7395.8628	53589.0000
7395.9042	54442.0000
7395.9456	55360.0000
7395.9870	56822.0000
7396.0284	57968.0000
7396.0699	58899.0000
7396.1113	59068.0000
7396.1527	59071.0000
7396.1941	58852.0000
7396.2355	57839.0000
7396.2769	57060.0000
7396.3183	56064.0000
7396.3597	55752.0000
7396.4010	56465.0000
7396.4424	57391.0000
7396.4838	58317.0000
7396.5252	58962.0000
7396.5666	59488.0000
7396.6080	60005.0000
7396.6493	60112.0000
7396.6907	60607.0000
7396.7321	61488.0000
7396.7735	62933.0000
7396.8148	63898.0000
7396.8562	64803.0000
7396.8976	65258.0000
7396.9389	65650.0000
7396.9803	65493.0000
7397.0216	65239.0000
7397.0630	64816.0000
7397.1044	63930.0000
7397.1458	62723.0000
7397.1872	61427.0000
7397.2285	60461.0000
7397.2699	60702.0000
7397.3112	61729.0000
7397.3525	63343.0000
7397.3939	64877.0000
7397.4352	66270.0000
7397.4766	66555.0000
7397.5179	66245.0000
7397.5592	65577.0000
7397.6006	63310.0000
7397.6419	60515.0000
7397.6832	57116.0000
7397.7246	53652.0000
7397.7659	50354.0000
7397.8072	47987.0000
7397.8485	47411.0000
7397.8898	48592.0000
7397.9312	50429.0000
7397.9725	52903.0000
7398.0138	55306.0000
7398.0551	57799.0000
7398.0964	59871.0000
7398.1377	61210.0000
7398.1791	62351.0000
7398.2204	62799.0000
7398.2617	63469.0000
7398.3030	64022.0000
7398.3443	64677.0000
7398.3856	65417.0000
7398.4269	65849.0000
7398.4682	65711.0000
7398.5095	65146.0000
7398.5508	64746.0000
7398.5921	63947.0000
7398.6334	63434.0000
7398.6747	63020.0000
7398.7159	62986.0000
7398.7572	62913.0000
7398.7985	63218.0000
7398.8398	63466.0000
7398.8810	63788.0000
7398.9223	63188.0000
7398.9636	62588.0000
7399.0049	62237.0000
7399.0461	62238.0000
7399.0874	62729.0000
7399.1287	63327.0000
7399.1699	64349.0000
7399.2113	64910.0000
7399.2525	65652.0000
7399.2938	66099.0000
7399.3350	66764.0000
7399.3763	67563.0000
7399.4175	68816.0000
7399.4588	69858.0000
7399.5000	70237.0000
7399.5413	69756.0000
7399.5825	68881.0000
7399.6238	67437.0000
7399.6650	66370.0000
7399.7062	65909.0000
7399.7475	66157.0000
7399.7887	66775.0000
7399.8299	67311.0000
7399.8712	67090.0000
7399.9124	66054.0000
7399.9536	64818.0000
7399.9948	63618.0000
7400.0360	61452.0000
7400.0773	59724.0000
7400.1185	57105.0000
7400.1597	53456.0000
7400.2009	49110.0000
7400.2421	45371.0000
7400.2834	43297.0000
7400.3246	43383.0000
7400.3658	45614.0000
7400.4071	50126.0000
7400.4483	54651.0000
7400.4895	59394.0000
7400.5307	63649.0000
7400.5718	67241.0000
7400.6130	69394.0000
7400.6542	70429.0000
7400.6954	69947.0000
7400.7366	68097.0000
7400.7778	66224.0000
7400.8190	63847.0000
7400.8602	61169.0000
7400.9013	58391.0000
7400.9425	55926.0000
7400.9837	54041.0000
7401.0249	52559.0000
7401.0661	52434.0000
7401.1072	53570.0000
7401.1484	55558.0000
7401.1896	57457.0000
7401.2307	58605.0000
7401.2719	58473.0000
7401.3132	58099.0000
7401.3543	57535.0000
7401.3955	57750.0000
7401.4366	58921.0000
7401.4778	61028.0000
7401.5189	63631.0000
7401.5601	65916.0000
7401.6012	67288.0000
7401.6424	67628.0000
7401.6835	67664.0000
7401.7247	66828.0000
7401.7658	65300.0000
7401.8070	64187.0000
7401.8481	63519.0000
7401.8892	63217.0000
7401.9304	63656.0000
7401.9715	63934.0000
7402.0126	64310.0000
7402.0537	64198.0000
7402.0949	64015.0000
7402.1360	63395.0000
7402.1771	62358.0000
7402.2182	62073.0000
7402.2594	62156.0000
7402.3005	62535.0000
7402.3416	63424.0000
7402.3828	64524.0000
7402.4239	66543.0000
7402.4650	67946.0000
7402.5061	68636.0000
7402.5472	69307.0000
7402.5883	69192.0000
7402.6294	69045.0000
7402.6705	68454.0000
7402.7116	67681.0000
7402.7527	66757.0000
7402.7938	66339.0000
7402.8349	66094.0000
7402.8760	66334.0000
7402.9171	66042.0000
7402.9582	65470.0000
7402.9993	63916.0000
7403.0403	62464.0000
7403.0814	60159.0000
7403.1225	56415.0000
7403.1636	51159.0000
7403.2047	45656.0000
7403.2457	39463.0000
7403.2868	34013.0000
7403.3279	29854.0000
7403.3689	26464.0000
7403.4101	23962.0000
7403.4512	22295.0000
7403.4922	21248.0000
7403.5333	20341.0000
7403.5743	19783.0000
7403.6154	19417.0000
7403.6564	19004.0000
7403.6975	18857.0000
7403.7385	18813.0000
7403.7796	18894.0000
7403.8206	19188.0000
7403.8617	19563.0000
7403.9027	19839.0000
7403.9438	20214.0000
7403.9848	20646.0000
7404.0258	20923.0000
7404.0669	21409.0000
7404.1079	21945.0000
7404.1489	22647.0000
7404.1900	23120.0000
7404.2310	23572.0000
7404.2720	23775.0000
7404.3130	24317.0000
7404.3541	24715.0000
7404.3951	24857.0000
7404.4361	24953.0000
7404.4772	25068.0000
7404.5182	25340.0000
7404.5592	25929.0000
7404.6002	26445.0000
7404.6413	26918.0000
7404.6823	27342.0000
7404.7233	27580.0000
7404.7643	27761.0000
7404.8053	28156.0000
7404.8463	28458.0000
7404.8873	28692.0000
7404.9283	29129.0000
7404.9692	29685.0000
7405.0102	30056.0000
7405.0512	30611.0000
7405.0922	31140.0000
7405.1332	31596.0000
7405.1742	32221.0000
7405.2152	32853.0000
7405.2561	33206.0000
7405.2971	33477.0000
7405.3381	33647.0000
7405.3791	33876.0000
7405.4200	33787.0000
7405.4610	33977.0000
7405.5020	34185.0000
7405.5430	34142.0000
7405.5840	34323.0000
7405.6250	34287.0000
7405.6659	34026.0000
7405.7069	33949.0000
7405.7478	33953.0000
7405.7888	33633.0000
7405.8298	33484.0000
7405.8707	33672.0000
7405.9117	33902.0000
7405.9526	34369.0000
7405.9935	34682.0000
7406.0345	34821.0000
7406.0754	34890.0000
7406.1164	35001.0000
7406.1573	34831.0000
7406.1982	34283.0000
7406.2392	34130.0000
7406.2801	34436.0000
7406.3210	34809.0000
7406.3620	35431.0000
7406.4029	36074.0000
7406.4438	36914.0000
7406.4847	37542.0000
7406.5257	37705.0000
7406.5666	37824.0000
7406.6076	37890.0000
7406.6485	37526.0000
7406.6894	37335.0000
7406.7303	37227.0000
7406.7712	37756.0000
7406.8121	38420.0000
7406.8530	38858.0000
7406.8939	39228.0000
7406.9348	39486.0000
7406.9757	39949.0000
7407.0166	40756.0000
7407.0575	41549.0000
7407.0984	42415.0000
7407.1393	42977.0000
7407.1802	43459.0000
7407.2211	43898.0000
7407.2620	44149.0000
7407.3029	44115.0000
7407.3437	44222.0000
7407.3846	43984.0000
7407.4255	43824.0000
7407.4664	43565.0000
7407.5073	43045.0000
7407.5481	42494.0000
7407.5890	41777.0000
7407.6300	41131.0000
7407.6708	40833.0000
7407.7117	40977.0000
7407.7526	41490.0000
7407.7934	42002.0000
7407.8343	41745.0000
7407.8751	41500.0000
7407.9160	41339.0000
7407.9568	41241.0000
7407.9977	41295.0000
7408.0385	41195.0000
7408.0794	40579.0000
7408.1202	41333.0000
7408.1611	42018.0000
7408.2019	42261.0000
7408.2428	42241.0000
7408.2836	42017.0000
7408.3244	41679.0000
7408.3653	41320.0000
7408.4061	41461.0000
7408.4469	41411.0000
7408.4878	41596.0000
7408.5286	41804.0000
7408.5694	41695.0000
7408.6102	42038.0000
7408.6511	42633.0000
7408.6920	43101.0000
7408.7328	43229.0000
7408.7736	43281.0000
7408.8144	42849.0000
7408.8552	42393.0000
7408.8960	43053.0000
7408.9368	43840.0000
7408.9777	44702.0000
7409.0185	45088.0000
7409.0593	45239.0000
7409.1001	45021.0000
7409.1409	45084.0000
7409.1816	45223.0000
7409.2224	45024.0000
7409.2632	44516.0000
7409.3040	43737.0000
7409.3448	42526.0000
7409.3856	41529.0000
7409.4264	40110.0000
7409.4672	39516.0000
7409.5079	39305.0000
7409.5487	39311.0000
7409.5895	38905.0000
7409.6303	38708.0000
7409.6710	38617.0000
7409.7118	38863.0000
7409.7527	39397.0000
7409.7935	39697.0000
7409.8342	39654.0000
7409.8750	39832.0000
7409.9157	39716.0000
7409.9565	39157.0000
7409.9973	39062.0000
7410.0380	38846.0000
7410.0788	38902.0000
7410.1195	39202.0000
7410.1603	39413.0000
7410.2010	38913.0000
7410.2418	39050.0000
7410.2825	39392.0000
7410.3232	39420.0000
7410.3640	39791.0000
7410.4047	40329.0000
7410.4455	40665.0000
7410.4862	41104.0000
7410.5269	40851.0000
7410.5677	40356.0000
7410.6084	39860.0000
7410.6491	39286.0000
7410.6898	39174.0000
7410.7306	39277.0000
7410.7713	39663.0000
7410.8121	39639.0000
7410.8528	39548.0000
7410.8935	39013.0000
7410.9343	38416.0000
7410.9750	37878.0000
7411.0157	37224.0000
7411.0564	36541.0000
7411.0971	35068.0000
7411.1378	33178.0000
7411.1785	30924.0000
7411.2192	29001.0000
7411.2599	27775.0000
7411.3006	27008.0000
7411.3413	27152.0000
7411.3820	27585.0000
7411.4227	28488.0000
7411.4633	29350.0000
7411.5040	30134.0000
7411.5447	31259.0000
7411.5854	32018.0000
7411.6261	33061.0000
7411.6668	33875.0000
7411.7074	34313.0000
7411.7481	34580.0000
7411.7888	34537.0000
7411.8295	34318.0000
7411.8702	34001.0000
7411.9109	34410.0000
7411.9516	35352.0000
7411.9922	36229.0000
7412.0329	36867.0000
7412.0735	37125.0000
7412.1142	37346.0000
7412.1549	37389.0000
7412.1955	37473.0000
7412.2362	37719.0000
7412.2768	38224.0000
7412.3175	38576.0000
7412.3581	38663.0000
7412.3988	38479.0000
7412.4394	37982.0000
7412.4800	37477.0000
7412.5207	37023.0000
7412.5613	37101.0000
7412.6019	37725.0000
7412.6426	38677.0000
7412.6832	39127.0000
7412.7238	39363.0000
7412.7645	38779.0000
7412.8051	38052.0000
7412.8457	37190.0000
7412.8864	36834.0000
7412.9271	36840.0000
7412.9677	37141.0000
7413.0083	37318.0000
7413.0489	37295.0000
7413.0895	37327.0000
7413.1301	37048.0000
7413.1707	37075.0000
7413.2113	37523.0000
7413.2519	38479.0000
7413.2925	39684.0000
7413.3331	40868.0000
7413.3737	41066.0000
7413.4143	41024.0000
7413.4549	40393.0000
7413.4955	39557.0000
7413.5361	39234.0000
7413.5767	38987.0000
7413.6173	39347.0000
7413.6579	39930.0000
7413.6985	40109.0000
7413.7390	40074.0000
7413.7796	39420.0000
7413.8202	38525.0000
7413.8608	37777.0000
7413.9013	37350.0000
7413.9420	36855.0000
7413.9826	37060.0000
7414.0231	37041.0000
7414.0637	37109.0000
7414.1043	37241.0000
7414.1448	36722.0000
7414.1854	36541.0000
7414.2260	36569.0000
7414.2665	36176.0000
7414.3071	36274.0000
7414.3476	36184.0000
7414.3882	35397.0000
7414.4287	34133.0000
7414.4693	32833.0000
7414.5098	31504.0000
7414.5503	30597.0000
7414.5909	30292.0000
7414.6314	30702.0000
7414.6720	31592.0000
7414.7125	32473.0000
7414.7530	33575.0000
7414.7936	34352.0000
7414.8341	34831.0000
7414.8746	34694.0000
7414.9151	34828.0000
7414.9557	34683.0000
7414.9963	34986.0000
7415.0368	35294.0000
7415.0773	35797.0000
7415.1178	36078.0000
7415.1583	35562.0000
7415.1989	34979.0000
7415.2394	34643.0000
7415.2799	34557.0000
7415.3204	35033.0000
7415.3609	35752.0000
7415.4014	36645.0000
7415.4419	36876.0000
7415.4824	36944.0000
7415.5229	36578.0000
7415.5634	35972.0000
7415.6039	35445.0000
7415.6444	35278.0000
7415.6848	35571.0000
7415.7253	36142.0000
7415.7658	36809.0000
7415.8063	37356.0000
7415.8468	37522.0000
7415.8873	37512.0000
7415.9277	37187.0000
7415.9682	36963.0000
7416.0087	36691.0000
7416.0493	36405.0000
7416.0897	36706.0000
7416.1302	37312.0000
7416.1707	37786.0000
7416.2111	37892.0000
7416.2516	37902.0000
7416.2920	37392.0000
7416.3325	36873.0000
7416.3730	36740.0000
7416.4134	36963.0000
7416.4539	37604.0000
7416.4943	38669.0000
7416.5348	39952.0000
7416.5752	41095.0000
7416.6157	41723.0000
7416.6561	41449.0000
7416.6965	40480.0000
7416.7370	39182.0000
7416.7774	37707.0000
7416.8178	36750.0000
7416.8583	36149.0000
7416.8987	35457.0000
7416.9391	34493.0000
7416.9796	33348.0000
7417.0200	32087.0000
7417.0604	30837.0000
7417.1009	30365.0000
7417.1413	29900.0000
7417.1818	30293.0000
7417.2222	30969.0000
7417.2626	31678.0000
7417.3030	32301.0000
7417.3434	32837.0000
7417.3838	32581.0000
7417.4242	32469.0000
7417.4646	31836.0000
7417.5050	31042.0000
7417.5454	30577.0000
7417.5858	30617.0000
7417.6262	31502.0000
7417.6666	32717.0000
7417.7070	34661.0000
7417.7474	36449.0000
7417.7878	38011.0000
7417.8282	38316.0000
7417.8686	37301.0000
7417.9089	35076.0000
7417.9493	33111.0000
7417.9897	31429.0000
7418.0301	30451.0000
7418.0705	30287.0000
7418.1108	30204.0000
7418.1513	30534.0000
7418.1917	30560.0000
7418.2320	30405.0000
7418.2724	30391.0000
7418.3128	30397.0000
7418.3531	30849.0000
7418.3935	31401.0000
7418.4338	32779.0000
7418.4742	34062.0000
7418.5146	35230.0000
7418.5549	30269.0000
7418.5953	30881.0000
7418.6356	31139.0000
7418.6759	30858.0000
7418.7163	30350.0000
7418.7566	29640.0000
7418.7970	29027.0000
7418.8373	28533.0000
7418.8776	28793.0000
7418.9180	29113.0000
