R_Cam.29
6519.8579	1814.0000
6519.8971	2728.0000
6519.9363	2814.0000
6519.9755	2840.0000
6520.0147	2872.0000
6520.0539	2971.0000
6520.0931	2995.0000
6520.1323	3090.0000
6520.1716	3158.0000
6520.2108	3120.0000
6520.2500	4177.0000
6520.2892	4185.0000
6520.3283	4263.0000
6520.3675	4289.0000
6520.4067	4175.0000
6520.4459	3992.0000
6520.4851	4004.0000
6520.5242	4055.0000
6520.5634	4063.0000
6520.6026	4067.0000
6520.6418	4132.0000
6520.6809	4216.0000
6520.7201	4194.0000
6520.7593	4266.0000
6520.7985	4233.0000
6520.8376	4248.0000
6520.8768	4251.0000
6520.9159	4297.0000
6520.9551	4462.0000
6520.9943	4531.0000
6521.0334	4651.0000
6521.0726	4617.0000
6521.1117	4509.0000
6521.1509	4459.0000
6521.1900	4365.0000
6521.2293	4267.0000
6521.2684	4374.0000
6521.3076	4328.0000
6521.3467	4210.0000
6521.3859	4285.0000
6521.4250	4203.0000
6521.4641	4210.0000
6521.5033	4358.0000
6521.5424	4449.0000
6521.5815	4455.0000
6521.6207	4450.0000
6521.6598	4533.0000
6521.6989	4540.0000
6521.7381	4530.0000
6521.7772	4434.0000
6521.8163	4415.0000
6521.8554	4377.0000
6521.8945	4417.0000
6521.9337	4611.0000
6521.9728	4674.0000
6522.0119	4666.0000
6522.0510	4747.0000
6522.0901	4714.0000
6522.1292	4685.0000
6522.1683	4580.0000
6522.2074	4553.0000
6522.2466	4381.0000
6522.2858	4483.0000
6522.3249	4499.0000
6522.3640	4561.0000
6522.4031	4714.0000
6522.4422	4799.0000
6522.4813	4973.0000
6522.5203	5033.0000
6522.5594	5130.0000
6522.5985	5137.0000
6522.6376	5022.0000
6522.6767	4909.0000
6522.7158	4838.0000
6522.7549	4820.0000
6522.7940	4706.0000
6522.8330	4515.0000
6522.8721	4540.0000
6522.9112	4582.0000
6522.9503	4592.0000
6522.9893	4584.0000
6523.0284	4531.0000
6523.0675	4490.0000
6523.1065	4432.0000
6523.1456	4498.0000
6523.1847	4451.0000
6523.2237	4554.0000
6523.2628	4574.0000
6523.3019	4705.0000
6523.3410	4865.0000
6523.3801	5019.0000
6523.4191	5278.0000
6523.4582	5290.0000
6523.4972	5343.0000
6523.5363	5355.0000
6523.5753	5437.0000
6523.6144	5310.0000
6523.6534	5088.0000
6523.6925	5087.0000
6523.7315	4957.0000
6523.7706	4860.0000
6523.8096	4740.0000
6523.8486	4574.0000
6523.8877	4481.0000
6523.9267	4475.0000
6523.9657	4507.0000
6524.0048	4606.0000
6524.0438	4687.0000
6524.0828	4697.0000
6524.1219	4681.0000
6524.1609	4684.0000
6524.1999	4661.0000
6524.2389	4742.0000
6524.2779	4891.0000
6524.3170	5044.0000
6524.3560	5137.0000
6524.3951	5157.0000
6524.4341	5264.0000
6524.4731	5374.0000
6524.5121	5601.0000
6524.5511	5680.0000
6524.5901	5602.0000
6524.6291	5387.0000
6524.6681	5346.0000
6524.7071	5178.0000
6524.7461	5092.0000
6524.7851	4990.0000
6524.8241	4885.0000
6524.8631	4805.0000
6524.9021	4807.0000
6524.9411	4713.0000
6524.9801	4624.0000
6525.0191	4705.0000
6525.0581	4657.0000
6525.0971	4715.0000
6525.1360	4730.0000
6525.1750	4774.0000
6525.2140	4873.0000
6525.2530	5023.0000
6525.2920	5391.0000
6525.3309	5701.0000
6525.3699	5921.0000
6525.4089	6139.0000
6525.4479	6240.0000
6525.4869	6326.0000
6525.5259	6372.0000
6525.5648	6210.0000
6525.6038	6272.0000
6525.6428	6162.0000
6525.6817	5913.0000
6525.7207	5736.0000
6525.7596	5547.0000
6525.7986	5315.0000
6525.8375	5078.0000
6525.8765	5004.0000
6525.9154	4927.0000
6525.9544	4779.0000
6525.9933	4716.0000
6526.0323	4764.0000
6526.0712	4791.0000
6526.1102	4881.0000
6526.1491	5038.0000
6526.1880	5214.0000
6526.2270	5310.0000
6526.2659	5516.0000
6526.3048	5853.0000
6526.3438	6161.0000
6526.3827	6402.0000
6526.4216	6645.0000
6526.4606	6696.0000
6526.4996	6672.0000
6526.5385	6653.0000
6526.5774	6572.0000
6526.6163	6591.0000
6526.6553	6441.0000
6526.6942	6255.0000
6526.7331	6118.0000
6526.7720	5898.0000
6526.8109	5710.0000
6526.8498	5542.0000
6526.8887	5261.0000
6526.9276	4995.0000
6526.9665	4836.0000
6527.0054	4755.0000
6527.0443	4806.0000
6527.0832	4784.0000
6527.1221	4809.0000
6527.1610	4856.0000
6527.1999	4889.0000
6527.2388	5069.0000
6527.2777	5336.0000
6527.3166	5601.0000
6527.3555	5835.0000
6527.3944	6059.0000
6527.4333	6311.0000
6527.4722	6478.0000
6527.5110	6642.0000
6527.5500	6734.0000
6527.5889	6747.0000
6527.6278	6720.0000
6527.6666	6656.0000
6527.7055	6527.0000
6527.7444	6345.0000
6527.7833	6233.0000
6527.8221	6002.0000
6527.8610	5837.0000
6527.8999	5585.0000
6527.9387	5420.0000
6527.9776	5215.0000
6528.0164	5052.0000
6528.0553	4968.0000
6528.0942	4950.0000
6528.1330	5054.0000
6528.1719	5077.0000
6528.2107	5053.0000
6528.2496	5197.0000
6528.2884	5494.0000
6528.3273	5763.0000
6528.3661	6063.0000
6528.4049	6245.0000
6528.4438	6517.0000
6528.4826	6675.0000
6528.5215	6850.0000
6528.5603	7017.0000
6528.5992	7388.0000
6528.6381	7569.0000
6528.6769	7711.0000
6528.7157	7630.0000
6528.7546	7741.0000
6528.7934	7626.0000
6528.8322	7333.0000
6528.8710	6999.0000
6528.9099	6670.0000
6528.9487	6252.0000
6528.9875	5970.0000
6529.0263	5643.0000
6529.0651	5516.0000
6529.1039	5334.0000
6529.1428	5187.0000
6529.1816	5181.0000
6529.2204	5078.0000
6529.2592	5135.0000
6529.2980	5260.0000
6529.3368	5526.0000
6529.3756	5641.0000
6529.4144	5691.0000
6529.4532	5947.0000
6529.4920	6076.0000
6529.5308	6326.0000
6529.5696	6545.0000
6529.6084	6866.0000
6529.6473	7171.0000
6529.6860	7541.0000
6529.7248	7779.0000
6529.7636	8077.0000
6529.8024	8037.0000
6529.8412	8005.0000
6529.8800	7996.0000
6529.9187	7701.0000
6529.9575	7472.0000
6529.9963	7075.0000
6530.0351	6810.0000
6530.0738	6538.0000
6530.1126	6140.0000
6530.1514	5878.0000
6530.1901	5671.0000
6530.2289	5492.0000
6530.2677	5325.0000
6530.3064	5282.0000
6530.3452	5408.0000
6530.3839	5700.0000
6530.4227	5948.0000
6530.4615	6183.0000
6530.5002	6599.0000
6530.5390	6961.0000
6530.5777	7356.0000
6530.6165	7651.0000
6530.6552	8046.0000
6530.6941	8607.0000
6530.7328	8833.0000
6530.7715	8894.0000
6530.8103	8678.0000
6530.8490	8611.0000
6530.8878	8418.0000
6530.9265	8196.0000
6530.9652	8095.0000
6531.0040	8064.0000
6531.0427	7971.0000
6531.0814	7694.0000
6531.1201	7290.0000
6531.1589	6916.0000
6531.1976	6455.0000
6531.2363	6092.0000
6531.2750	5892.0000
6531.3138	5714.0000
6531.3525	5625.0000
6531.3912	5469.0000
6531.4299	5485.0000
6531.4686	5550.0000
6531.5073	5752.0000
6531.5460	6162.0000
6531.5847	6533.0000
6531.6234	6921.0000
6531.6622	7430.0000
6531.7009	7878.0000
6531.7397	8188.0000
6531.7784	8481.0000
6531.8171	8812.0000
6531.8557	9136.0000
6531.8944	9159.0000
6531.9331	9059.0000
6531.9718	9004.0000
6532.0105	8995.0000
6532.0492	8734.0000
6532.0879	8460.0000
6532.1266	8139.0000
6532.1653	7781.0000
6532.2039	7503.0000
6532.2426	7034.0000
6532.2813	6737.0000
6532.3200	6479.0000
6532.3586	6307.0000
6532.3973	6127.0000
6532.4360	5943.0000
6532.4747	5854.0000
6532.5133	5726.0000
6532.5520	5662.0000
6532.5907	5640.0000
6532.6293	5737.0000
6532.6680	5808.0000
6532.7066	6034.0000
6532.7453	6310.0000
6532.7839	6554.0000
6532.8227	6819.0000
6532.8614	7067.0000
6532.9000	7132.0000
6532.9387	7359.0000
6532.9773	7847.0000
6533.0159	8576.0000
6533.0546	9153.0000
6533.0932	9560.0000
6533.1319	9733.0000
6533.1705	9607.0000
6533.2092	9277.0000
6533.2478	8756.0000
6533.2864	8415.0000
6533.3251	7926.0000
6533.3637	7510.0000
6533.4023	7180.0000
6533.4409	6916.0000
6533.4796	6821.0000
6533.5182	6616.0000
6533.5568	6372.0000
6533.5954	6291.0000
6533.6341	6341.0000
6533.6727	6272.0000
6533.7113	6099.0000
6533.7499	6149.0000
6533.7885	6166.0000
6533.8271	6178.0000
6533.8658	6352.0000
6533.9044	6551.0000
6533.9431	6742.0000
6533.9817	7053.0000
6534.0203	7634.0000
6534.0589	8079.0000
6534.0975	8385.0000
6534.1361	8878.0000
6534.1747	9426.0000
6534.2133	9767.0000
6534.2518	10057.0000
6534.2904	10119.0000
6534.3290	9897.0000
6534.3676	9571.0000
6534.4062	9178.0000
6534.4448	8688.0000
6534.4834	8098.0000
6534.5219	7657.0000
6534.5605	7204.0000
6534.5991	6845.0000
6534.6377	6623.0000
6534.6763	6418.0000
6534.7148	6237.0000
6534.7534	6219.0000
6534.7920	6107.0000
6534.8305	6104.0000
6534.8691	6094.0000
6534.9078	6094.0000
6534.9463	6253.0000
6534.9849	6367.0000
6535.0235	6592.0000
6535.0620	6864.0000
6535.1006	7024.0000
6535.1391	7434.0000
6535.1777	7870.0000
6535.2162	8559.0000
6535.2548	9260.0000
6535.2933	9831.0000
6535.3319	10291.0000
6535.3704	10625.0000
6535.4090	10794.0000
6535.4475	10824.0000
6535.4860	10398.0000
6535.5246	9803.0000
6535.5631	9134.0000
6535.6017	8662.0000
6535.6402	8194.0000
6535.6787	7827.0000
6535.7173	7628.0000
6535.7558	7477.0000
6535.7943	7390.0000
6535.8328	7171.0000
6535.8714	7092.0000
6535.9099	6980.0000
6535.9484	6830.0000
6535.9870	6747.0000
6536.0255	6643.0000
6536.0640	6665.0000
6536.1026	6814.0000
6536.1411	6898.0000
6536.1796	6868.0000
6536.2181	6906.0000
6536.2566	7044.0000
6536.2951	7167.0000
6536.3336	7320.0000
6536.3721	7402.0000
6536.4106	7906.0000
6536.4491	8458.0000
6536.4876	8878.0000
6536.5261	9335.0000
6536.5646	9764.0000
6536.6031	9991.0000
6536.6416	10135.0000
6536.6801	10031.0000
6536.7186	9842.0000
6536.7570	9462.0000
6536.7955	9084.0000
6536.8340	8721.0000
6536.8725	8456.0000
6536.9110	8205.0000
6536.9494	7971.0000
6536.9879	7708.0000
6537.0265	7590.0000
6537.0650	7400.0000
6537.1034	7200.0000
6537.1419	7102.0000
6537.1804	7064.0000
6537.2188	7152.0000
6537.2573	7290.0000
6537.2958	7493.0000
6537.3342	7654.0000
6537.3727	7784.0000
6537.4111	7816.0000
6537.4496	7833.0000
6537.4880	7778.0000
6537.5265	7799.0000
6537.5649	7898.0000
6537.6034	8059.0000
6537.6418	8301.0000
6537.6803	8470.0000
6537.7187	8702.0000
6537.7572	9008.0000
6537.7956	9108.0000
6537.8341	9223.0000
6537.8725	9517.0000
6537.9109	9705.0000
6537.9494	9760.0000
6537.9878	9633.0000
6538.0262	9411.0000
6538.0648	9073.0000
6538.1032	8818.0000
6538.1416	8507.0000
6538.1800	8143.0000
6538.2185	7895.0000
6538.2569	7603.0000
6538.2953	7387.0000
6538.3337	7225.0000
6538.3721	7299.0000
6538.4105	7232.0000
6538.4490	7237.0000
6538.4874	7467.0000
6538.5258	7712.0000
6538.5642	8009.0000
6538.6026	8181.0000
6538.6410	8366.0000
6538.6794	8354.0000
6538.7178	8393.0000
6538.7562	8404.0000
6538.7946	8592.0000
6538.8330	8757.0000
6538.8714	8826.0000
6538.9098	9041.0000
6538.9482	9114.0000
6538.9866	9103.0000
6539.0249	9287.0000
6539.0633	9514.0000
6539.1017	9541.0000
6539.1402	9696.0000
6539.1786	9616.0000
6539.2170	9425.0000
6539.2553	9267.0000
6539.2937	8981.0000
6539.3321	8712.0000
6539.3705	8589.0000
6539.4088	8503.0000
6539.4472	8485.0000
6539.4856	8311.0000
6539.5239	8170.0000
6539.5623	7997.0000
6539.6007	8045.0000
6539.6390	7964.0000
6539.6774	7971.0000
6539.7157	8122.0000
6539.7541	8038.0000
6539.7925	8151.0000
6539.8308	8145.0000
6539.8692	8240.0000
6539.9075	8300.0000
6539.9459	8218.0000
6539.9842	8195.0000
6540.0225	8300.0000
6540.0609	8595.0000
6540.0992	8825.0000
6540.1376	8858.0000
6540.1760	9191.0000
6540.2143	9336.0000
6540.2527	9370.0000
6540.2910	9507.0000
6540.3293	9490.0000
6540.3677	9728.0000
6540.4060	9600.0000
6540.4443	9548.0000
6540.4827	9347.0000
6540.5210	9274.0000
6540.5593	9232.0000
6540.5976	9134.0000
6540.6359	9072.0000
6540.6743	8996.0000
6540.7126	8896.0000
6540.7509	8905.0000
6540.7892	8828.0000
6540.8275	8688.0000
6540.8658	8804.0000
6540.9041	8927.0000
6540.9424	8972.0000
6540.9807	9144.0000
6541.0190	9086.0000
6541.0573	9107.0000
6541.0956	8970.0000
6541.1339	8775.0000
6541.1722	8652.0000
6541.2105	8478.0000
6541.2489	8407.0000
6541.2872	8318.0000
6541.3255	8251.0000
6541.3638	8389.0000
6541.4021	8594.0000
6541.4403	8724.0000
6541.4786	8819.0000
6541.5169	8878.0000
6541.5552	9250.0000
6541.5935	9297.0000
6541.6317	9472.0000
6541.6700	9505.0000
6541.7083	9655.0000
6541.7465	9492.0000
6541.7848	9454.0000
6541.8231	9464.0000
6541.8613	9242.0000
6541.8996	9039.0000
6541.9379	8906.0000
6541.9761	8786.0000
6542.0144	8623.0000
6542.0527	8480.0000
6542.0909	8626.0000
6542.1292	8642.0000
6542.1674	8630.0000
6542.2057	8700.0000
6542.2439	8769.0000
6542.2823	8925.0000
6542.3205	9128.0000
6542.3587	9226.0000
6542.3970	9185.0000
6542.4352	9025.0000
6542.4735	8829.0000
6542.5117	8695.0000
6542.5499	8350.0000
6542.5882	8042.0000
6542.6264	7587.0000
6542.6646	7349.0000
6542.7029	7207.0000
6542.7411	7124.0000
6542.7793	7014.0000
6542.8175	7075.0000
6542.8558	7084.0000
6542.8940	7058.0000
6542.9322	7154.0000
6542.9704	7155.0000
6543.0086	7315.0000
6543.0469	7419.0000
6543.0851	7448.0000
6543.1233	7443.0000
6543.1615	7567.0000
6543.1997	7621.0000
6543.2379	7669.0000
6543.2761	7594.0000
6543.3143	7642.0000
6543.3526	7737.0000
6543.3908	7770.0000
6543.4290	7985.0000
6543.4672	8067.0000
6543.5054	8147.0000
6543.5436	8129.0000
6543.5818	8167.0000
6543.6200	8287.0000
6543.6582	8354.0000
6543.6963	8287.0000
6543.7345	8164.0000
6543.7727	8013.0000
6543.8109	7882.0000
6543.8491	7700.0000
6543.8872	7482.0000
6543.9254	7441.0000
6543.9636	7355.0000
6544.0018	7216.0000
6544.0399	7410.0000
6544.0781	7633.0000
6544.1163	7775.0000
6544.1544	7877.0000
6544.1926	7975.0000
6544.2308	7939.0000
6544.2689	8001.0000
6544.3071	7813.0000
6544.3453	7733.0000
6544.3835	7552.0000
6544.4217	7230.0000
6544.4598	6772.0000
6544.4980	6360.0000
6544.5361	6268.0000
6544.5743	6355.0000
6544.6124	6450.0000
6544.6506	6481.0000
6544.6887	6568.0000
6544.7268	6702.0000
6544.7650	6797.0000
6544.8031	6940.0000
6544.8413	7049.0000
6544.8794	6968.0000
6544.9175	7174.0000
6544.9557	7171.0000
6544.9938	7246.0000
6545.0319	7334.0000
6545.0700	7361.0000
6545.1082	7427.0000
6545.1463	7572.0000
6545.1844	7497.0000
6545.2225	7416.0000
6545.2606	7335.0000
6545.2988	7357.0000
6545.3369	7486.0000
6545.3750	7489.0000
6545.4131	7544.0000
6545.4513	7558.0000
6545.4894	7641.0000
6545.5275	7744.0000
6545.5656	7660.0000
6545.6037	7648.0000
6545.6418	7624.0000
6545.6799	7802.0000
6545.7180	7726.0000
6545.7561	7757.0000
6545.7942	7842.0000
6545.8323	7884.0000
6545.8704	7963.0000
6545.9085	7875.0000
6545.9466	7896.0000
6545.9847	7853.0000
6546.0228	7885.0000
6546.0609	7970.0000
6546.0989	8089.0000
6546.1370	8169.0000
6546.1751	8420.0000
6546.2132	8551.0000
6546.2512	8622.0000
6546.2893	8464.0000
6546.3274	8482.0000
6546.3655	8470.0000
6546.4035	8453.0000
6546.4416	8411.0000
6546.4798	8670.0000
6546.5178	8663.0000
6546.5559	8733.0000
6546.5939	8754.0000
6546.6320	8727.0000
6546.6701	8620.0000
6546.7081	8502.0000
6546.7462	8581.0000
6546.7842	8642.0000
6546.8223	8613.0000
6546.8603	8783.0000
6546.8984	8712.0000
6546.9364	8676.0000
6546.9745	8681.0000
6547.0125	8657.0000
6547.0505	8573.0000
6547.0886	8534.0000
6547.1266	8704.0000
6547.1647	8616.0000
6547.2027	8514.0000
6547.2407	8402.0000
6547.2788	8323.0000
6547.3168	8576.0000
6547.3548	8890.0000
6547.3928	9047.0000
6547.4309	9308.0000
6547.4689	9501.0000
6547.5069	9600.0000
6547.5450	9777.0000
6547.5830	9704.0000
6547.6211	9514.0000
6547.6591	9303.0000
6547.6971	9237.0000
6547.7351	9266.0000
6547.7731	9362.0000
6547.8111	9256.0000
6547.8491	9210.0000
6547.8871	9039.0000
6547.9251	8857.0000
6547.9631	8752.0000
6548.0011	8379.0000
6548.0391	8278.0000
6548.0771	8225.0000
6548.1151	8198.0000
6548.1531	8201.0000
6548.1911	8288.0000
6548.2291	8188.0000
6548.2671	8021.0000
6548.3051	8065.0000
6548.3430	8123.0000
6548.3810	8352.0000
6548.4190	8448.0000
6548.4570	8414.0000
6548.4950	8250.0000
6548.5329	8219.0000
6548.5709	8155.0000
6548.6090	8080.0000
6548.6470	8019.0000
6548.6849	8013.0000
6548.7229	8108.0000
6548.7609	8280.0000
6548.7988	8474.0000
6548.8368	8646.0000
6548.8748	8724.0000
6548.9127	8848.0000
6548.9507	8910.0000
6548.9886	8914.0000
6549.0266	9013.0000
6549.0645	8756.0000
6549.1025	8586.0000
6549.1404	8216.0000
6549.1784	7947.0000
6549.2163	7695.0000
6549.2543	7757.0000
6549.2922	7939.0000
6549.3302	7966.0000
6549.3681	7816.0000
6549.4060	7821.0000
6549.4440	7678.0000
6549.4819	7507.0000
6549.5198	7475.0000
6549.5578	7449.0000
6549.5957	7316.0000
6549.6336	7362.0000
6549.6717	7403.0000
6549.7096	7359.0000
6549.7475	7315.0000
6549.7854	7299.0000
6549.8234	7435.0000
6549.8613	7590.0000
6549.8992	7612.0000
6549.9371	7700.0000
6549.9750	7764.0000
6550.0129	7882.0000
6550.0508	7938.0000
6550.0887	7994.0000
6550.1267	8066.0000
6550.1646	8190.0000
6550.2025	8261.0000
6550.2404	8468.0000
6550.2783	8525.0000
6550.3162	8741.0000
6550.3541	8590.0000
6550.3920	8491.0000
6550.4299	8466.0000
6550.4677	8364.0000
6550.5056	8274.0000
6550.5435	8210.0000
6550.5814	8130.0000
6550.6193	8190.0000
6550.6572	8185.0000
6550.6952	8090.0000
6550.7330	8107.0000
6550.7709	7961.0000
6550.8088	7920.0000
6550.8467	7792.0000
6550.8845	7741.0000
6550.9224	7524.0000
6550.9603	7350.0000
6550.9982	7241.0000
6551.0360	7218.0000
6551.0739	7227.0000
6551.1118	7208.0000
6551.1496	7332.0000
6551.1875	7445.0000
6551.2253	7568.0000
6551.2632	7563.0000
6551.3011	7591.0000
6551.3389	7588.0000
6551.3768	7694.0000
6551.4146	7575.0000
6551.4525	7601.0000
6551.4903	7705.0000
6551.5282	7678.0000
6551.5660	7847.0000
6551.6038	7743.0000
6551.6417	7778.0000
6551.6795	7972.0000
6551.7174	8086.0000
6551.7553	8148.0000
6551.7931	8270.0000
6551.8310	8432.0000
6551.8688	8367.0000
6551.9066	8367.0000
6551.9445	8281.0000
6551.9823	8224.0000
6552.0201	8224.0000
6552.0579	8031.0000
6552.0957	8048.0000
6552.1336	7918.0000
6552.1714	8025.0000
6552.2092	7977.0000
6552.2470	7921.0000
6552.2848	7881.0000
6552.3226	7945.0000
6552.3604	7918.0000
6552.3983	7917.0000
6552.4361	8070.0000
6552.4739	8062.0000
6552.5117	7916.0000
6552.5495	7769.0000
6552.5873	7889.0000
6552.6251	8013.0000
6552.6629	8204.0000
6552.7007	8262.0000
6552.7385	8259.0000
6552.7762	8304.0000
6552.8141	8299.0000
6552.8519	8295.0000
6552.8897	8263.0000
6552.9275	8395.0000
6552.9653	8436.0000
6553.0031	8428.0000
6553.0408	8532.0000
6553.0786	8511.0000
6553.1164	8486.0000
6553.1542	8396.0000
6553.1919	8288.0000
6553.2297	8146.0000
6553.2675	8078.0000
6553.3053	8214.0000
6553.3430	8374.0000
6553.3808	8507.0000
6553.4185	8516.0000
6553.4563	8630.0000
6553.4941	8537.0000
6553.5318	8453.0000
6553.5696	8475.0000
6553.6073	8387.0000
6553.6451	8252.0000
6553.6828	8128.0000
6553.7206	8074.0000
6553.7583	7976.0000
6553.7961	7920.0000
6553.8338	7985.0000
6553.8717	8012.0000
6553.9094	8199.0000
6553.9472	8398.0000
6553.9849	8549.0000
6554.0226	8639.0000
6554.0604	8639.0000
6554.0981	8614.0000
6554.1358	8659.0000
6554.1736	8675.0000
6554.2113	8466.0000
6554.2490	8452.0000
6554.2868	8300.0000
6554.3245	8275.0000
6554.3622	8304.0000
6554.3999	8387.0000
6554.4376	8704.0000
6554.4754	8820.0000
6554.5131	9093.0000
6554.5508	9231.0000
6554.5885	9386.0000
6554.6262	9492.0000
6554.6639	9636.0000
6554.7016	9778.0000
6554.7393	9628.0000
6554.7770	9453.0000
6554.8147	9427.0000
6554.8524	9266.0000
6554.8901	9087.0000
6554.9279	8971.0000
6554.9656	9153.0000
6555.0033	9120.0000
6555.0410	8997.0000
6555.0787	9001.0000
6555.1164	9078.0000
6555.1541	8968.0000
6555.1918	8716.0000
6555.2295	8495.0000
6555.2671	8448.0000
6555.3048	8302.0000
6555.3425	8311.0000
6555.3802	8415.0000
6555.4179	8610.0000
6555.4555	8778.0000
6555.4932	8965.0000
6555.5309	9048.0000
6555.5685	9020.0000
6555.6062	8950.0000
6555.6439	8638.0000
6555.6815	8478.0000
6555.7192	8495.0000
6555.7569	8455.0000
6555.7945	8592.0000
6555.8322	8653.0000
6555.8698	8989.0000
6555.9075	9280.0000
6555.9451	9469.0000
6555.9829	9646.0000
6556.0205	9680.0000
6556.0582	9615.0000
6556.0958	9484.0000
6556.1335	8995.0000
6556.1711	8993.0000
6556.2088	9342.0000
6556.2464	9252.0000
6556.2840	9240.0000
6556.3217	9094.0000
6556.3593	9085.0000
6556.3969	9219.0000
6556.4346	9385.0000
6556.4722	9406.0000
6556.5098	9413.0000
6556.5475	9505.0000
6556.5851	9571.0000
6556.6227	9533.0000
6556.6603	9311.0000
6556.6980	9094.0000
6556.7356	8975.0000
6556.7732	8769.0000
6556.8108	8711.0000
6556.8484	8653.0000
6556.8860	8723.0000
6556.9236	8628.0000
6556.9613	8599.0000
6556.9989	8525.0000
6557.0366	8559.0000
6557.0742	8673.0000
6557.1118	8784.0000
6557.1494	8695.0000
6557.1870	8831.0000
6557.2246	8857.0000
6557.2622	8810.0000
6557.2998	8730.0000
6557.3373	8711.0000
6557.3749	8882.0000
6557.4125	9089.0000
6557.4501	9113.0000
6557.4877	9188.0000
6557.5253	9343.0000
6557.5629	9403.0000
6557.6004	9509.0000
6557.6380	9557.0000
6557.6756	9513.0000
6557.7132	9367.0000
6557.7507	9122.0000
6557.7883	9002.0000
6557.8259	8922.0000
6557.8635	9066.0000
6557.9010	9091.0000
6557.9386	9210.0000
6557.9762	9267.0000
6558.0137	9282.0000
6558.0513	9152.0000
6558.0889	9016.0000
6558.1265	9112.0000
6558.1641	9257.0000
6558.2016	9167.0000
6558.2392	9180.0000
6558.2767	9098.0000
6558.3143	9230.0000
6558.3518	9182.0000
6558.3894	9228.0000
6558.4269	9330.0000
6558.4644	9262.0000
6558.5020	9109.0000
6558.5395	8897.0000
6558.5771	8847.0000
6558.6146	8785.0000
6558.6521	8618.0000
6558.6897	8608.0000
6558.7272	8805.0000
6558.7647	9073.0000
6558.8022	9222.0000
6558.8398	9523.0000
6558.8773	9808.0000
6558.9148	10086.0000
6558.9523	10437.0000
6558.9899	10613.0000
6559.0274	10825.0000
6559.0649	10829.0000
6559.1024	10788.0000
6559.1400	10551.0000
6559.1775	10252.0000
6559.2150	10175.0000
6559.2526	10078.0000
6559.2901	9787.0000
6559.3276	9668.0000
6559.3651	9519.0000
6559.4026	9595.0000
6559.4401	9764.0000
6559.4776	9790.0000
6559.5151	9842.0000
6559.5526	10034.0000
6559.5901	10005.0000
6559.6275	9976.0000
6559.6650	9888.0000
6559.7025	9722.0000
6559.7400	9530.0000
6559.7775	9214.0000
6559.8150	9236.0000
6559.8525	9102.0000
6559.8899	9120.0000
6559.9274	9086.0000
6559.9649	9004.0000
6560.0024	9173.0000
6560.0398	9195.0000
6560.0773	9250.0000
6560.1148	9099.0000
6560.1523	9113.0000
6560.1898	9193.0000
6560.2273	9190.0000
6560.2647	9501.0000
6560.3022	9833.0000
6560.3397	10147.0000
6560.3771	10237.0000
6560.4146	10425.0000
6560.4520	10337.0000
6560.4895	10259.0000
6560.5269	10165.0000
6560.5644	10082.0000
6560.6018	10072.0000
6560.6393	10102.0000
6560.6767	10236.0000
6560.7142	10289.0000
6560.7516	10292.0000
6560.7891	10286.0000
6560.8265	10167.0000
6560.8639	10298.0000
6560.9014	10213.0000
6560.9388	10038.0000
6560.9762	9791.0000
6561.0137	9717.0000
6561.0511	9559.0000
6561.0885	9564.0000
6561.1260	9745.0000
6561.1634	9907.0000
6561.2008	9987.0000
6561.2383	10010.0000
6561.2757	9944.0000
6561.3132	9671.0000
6561.3506	9411.0000
6561.3880	9365.0000
6561.4254	9233.0000
6561.4628	9247.0000
6561.5002	9481.0000
6561.5376	9802.0000
6561.5750	10137.0000
6561.6124	10206.0000
6561.6498	10296.0000
6561.6872	10303.0000
6561.7246	10208.0000
6561.7620	10195.0000
6561.7994	10158.0000
6561.8368	10348.0000
6561.8742	10483.0000
6561.9116	10605.0000
6561.9490	10844.0000
6561.9864	11212.0000
6562.0238	11564.0000
6562.0612	12025.0000
6562.0985	12447.0000
6562.1359	12643.0000
6562.1733	12755.0000
6562.2107	12667.0000
6562.2481	12556.0000
6562.2855	12288.0000
6562.3229	12095.0000
6562.3603	11882.0000
6562.3976	11539.0000
6562.4350	11253.0000
6562.4724	10941.0000
6562.5097	10554.0000
6562.5471	10064.0000
6562.5845	9733.0000
6562.6218	9337.0000
6562.6592	8903.0000
6562.6965	8532.0000
6562.7339	8566.0000
6562.7713	8433.0000
6562.8086	8337.0000
6562.8460	8291.0000
6562.8833	8252.0000
6562.9207	8299.0000
6562.9580	8310.0000
6562.9953	8498.0000
6563.0327	8745.0000
6563.0700	9045.0000
6563.1074	9239.0000
6563.1447	9513.0000
6563.1820	9737.0000
6563.2194	9971.0000
6563.2567	10270.0000
6563.2940	10329.0000
6563.3315	10333.0000
6563.3688	10290.0000
6563.4061	10439.0000
6563.4434	10414.0000
6563.4808	10365.0000
6563.5181	10421.0000
6563.5554	10425.0000
6563.5927	10373.0000
6563.6300	10411.0000
6563.6673	10303.0000
6563.7047	10228.0000
6563.7420	10144.0000
6563.7793	10030.0000
6563.8166	9782.0000
6563.8539	9567.0000
6563.8912	9542.0000
6563.9285	9444.0000
6563.9658	9242.0000
6564.0031	9176.0000
6564.0404	9179.0000
6564.0777	8855.0000
6564.1150	8761.0000
6564.1523	8991.0000
6564.1896	9072.0000
6564.2268	9183.0000
6564.2641	9229.0000
6564.3014	9197.0000
6564.3387	9219.0000
6564.3761	9175.0000
6564.4134	9057.0000
6564.4506	9003.0000
6564.4879	8864.0000
6564.5252	8828.0000
6564.5625	8630.0000
6564.5998	8551.0000
6564.6370	8450.0000
6564.6743	8478.0000
6564.7116	8311.0000
6564.7488	8108.0000
6564.7861	8089.0000
6564.8234	8071.0000
6564.8606	8338.0000
6564.8979	8655.0000
6564.9351	8692.0000
6564.9724	8824.0000
6565.0096	8968.0000
6565.0469	9032.0000
6565.0841	9154.0000
6565.1214	9291.0000
6565.1586	9664.0000
6565.1959	10245.0000
6565.2331	10469.0000
6565.2704	10767.0000
6565.3076	10976.0000
6565.3449	11209.0000
6565.3821	11357.0000
6565.4193	11305.0000
6565.4567	11299.0000
6565.4939	11013.0000
6565.5311	10516.0000
6565.5684	10138.0000
6565.6056	9525.0000
6565.6428	8969.0000
6565.6800	8653.0000
6565.7173	8522.0000
6565.7545	8478.0000
6565.7917	8378.0000
6565.8289	8443.0000
6565.8661	8433.0000
6565.9034	8435.0000
6565.9406	8635.0000
6565.9778	8530.0000
6566.0150	8785.0000
6566.0522	8767.0000
6566.0894	8803.0000
6566.1266	8764.0000
6566.1638	8778.0000
6566.2010	8746.0000
6566.2382	8790.0000
6566.2754	8816.0000
6566.3126	8692.0000
6566.3498	8670.0000
6566.3870	8746.0000
6566.4242	8712.0000
6566.4614	8659.0000
6566.4987	8706.0000
6566.5359	8693.0000
6566.5730	8662.0000
6566.6102	8752.0000
6566.6474	8827.0000
6566.6846	8622.0000
6566.7218	8666.0000
6566.7589	8787.0000
6566.7961	8665.0000
6566.8333	8558.0000
6566.8705	8671.0000
6566.9076	8828.0000
6566.9448	9035.0000
6566.9820	9435.0000
6567.0191	9777.0000
6567.0563	10057.0000
6567.0935	10211.0000
6567.1306	10258.0000
6567.1678	10045.0000
6567.2049	9817.0000
6567.2421	9666.0000
6567.2793	9460.0000
6567.3164	9141.0000
6567.3536	8944.0000
6567.3907	8823.0000
6567.4279	8748.0000
6567.4650	8558.0000
6567.5021	8394.0000
6567.5394	8371.0000
6567.5765	8417.0000
6567.6137	8385.0000
6567.6508	8502.0000
6567.6879	8718.0000
6567.7251	8760.0000
6567.7622	8761.0000
6567.7993	8718.0000
6567.8365	8615.0000
6567.8736	8659.0000
6567.9107	8543.0000
6567.9479	8565.0000
6567.9850	8611.0000
6568.0221	8617.0000
6568.0592	8732.0000
6568.0963	8705.0000
6568.1335	8752.0000
6568.1706	8880.0000
6568.2077	9149.0000
6568.2448	9280.0000
6568.2819	9648.0000
6568.3190	9946.0000
6568.3561	9900.0000
6568.3932	9762.0000
6568.4303	9671.0000
6568.4674	9519.0000
6568.5045	9370.0000
6568.5416	9431.0000
6568.5787	9435.0000
6568.6159	9478.0000
6568.6530	9463.0000
6568.6901	9735.0000
6568.7272	10015.0000
6568.7643	9946.0000
6568.8014	9878.0000
6568.8385	9969.0000
6568.8755	9812.0000
6568.9126	9623.0000
6568.9497	9339.0000
6568.9868	9112.0000
6569.0239	9071.0000
6569.0609	8879.0000
6569.0980	8705.0000
6569.1351	8695.0000
6569.1721	8641.0000
6569.2092	8638.0000
6569.2463	8724.0000
6569.2833	8586.0000
6569.3204	8405.0000
6569.3575	8410.0000
6569.3945	8294.0000
6569.4316	8192.0000
6569.4687	8279.0000
6569.5057	8488.0000
6569.5428	8726.0000
6569.5798	8979.0000
6569.6169	9151.0000
6569.6540	9346.0000
6569.6911	9719.0000
6569.7281	9895.0000
6569.7651	10031.0000
6569.8022	9974.0000
6569.8392	9899.0000
6569.8763	9716.0000
6569.9133	9614.0000
6569.9503	9534.0000
6569.9874	9502.0000
6570.0244	9379.0000
6570.0614	9307.0000
6570.0985	9349.0000
6570.1355	9282.0000
6570.1725	9391.0000
6570.2096	9545.0000
6570.2466	9596.0000
6570.2836	9957.0000
6570.3206	10053.0000
6570.3576	10137.0000
6570.3946	10155.0000
6570.4317	9944.0000
6570.4687	9885.0000
6570.5057	9623.0000
6570.5427	9377.0000
6570.5797	9362.0000
6570.6167	9343.0000
6570.6537	9294.0000
6570.6908	9452.0000
6570.7278	9603.0000
6570.7648	9786.0000
6570.8018	9820.0000
6570.8388	9928.0000
6570.8758	9918.0000
6570.9128	9859.0000
6570.9498	9783.0000
6570.9868	9513.0000
6571.0238	9340.0000
6571.0608	9046.0000
6571.0977	8811.0000
6571.1347	8565.0000
6571.1717	8609.0000
6571.2087	8634.0000
6571.2457	8591.0000
6571.2826	8627.0000
6571.3196	8611.0000
6571.3566	8672.0000
6571.3936	8832.0000
6571.4305	9009.0000
6571.4675	9080.0000
6571.5045	9206.0000
6571.5414	9282.0000
6571.5784	9391.0000
6571.6154	9522.0000
6571.6523	9749.0000
6571.6893	10154.0000
6571.7262	10368.0000
6571.7633	10525.0000
6571.8002	10714.0000
6571.8372	10838.0000
6571.8741	10861.0000
6571.9111	10890.0000
6571.9480	11049.0000
6571.9850	10981.0000
6572.0219	10962.0000
6572.0589	10923.0000
6572.0958	10795.0000
6572.1328	10664.0000
6572.1697	10437.0000
6572.2066	10120.0000
6572.2436	9813.0000
6572.2805	9710.0000
6572.3174	9446.0000
6572.3544	9355.0000
6572.3913	9345.0000
6572.4282	8935.0000
6572.4651	8584.0000
6572.5021	7904.0000
6572.5390	7168.0000
6572.5759	6591.0000
6572.6128	5981.0000
6572.6497	5416.0000
6572.6866	4962.0000
6572.7236	4698.0000
6572.7605	4731.0000
6572.7975	4843.0000
6572.8344	5197.0000
6572.8713	5621.0000
6572.9082	5880.0000
6572.9451	6003.0000
6572.9820	6058.0000
6573.0189	6391.0000
6573.0558	6872.0000
6573.0927	7617.0000
6573.1296	8129.0000
6573.1665	8796.0000
6573.2034	9709.0000
6573.2403	10460.0000
6573.2772	11024.0000
6573.3140	11635.0000
6573.3509	12026.0000
6573.3878	12147.0000
6573.4247	12100.0000
6573.4616	11747.0000
6573.4984	11181.0000
6573.5353	10603.0000
6573.5722	10159.0000
6573.6091	9824.0000
6573.6459	9688.0000
6573.6828	9644.0000
6573.7197	9544.0000
6573.7565	9594.0000
6573.7934	9550.0000
6573.8303	9693.0000
6573.8672	9752.0000
6573.9041	9688.0000
6573.9410	9681.0000
6573.9778	9837.0000
6574.0147	9822.0000
6574.0515	9753.0000
6574.0884	9589.0000
6574.1252	9517.0000
6574.1621	9310.0000
6574.1989	9228.0000
6574.2358	9406.0000
6574.2726	9572.0000
6574.3095	9895.0000
6574.3463	10126.0000
6574.3831	10210.0000
6574.4200	10241.0000
6574.4568	10098.0000
6574.4936	10053.0000
6574.5305	9831.0000
6574.5673	9775.0000
6574.6041	9826.0000
6574.6410	9839.0000
6574.6778	9806.0000
6574.7146	9894.0000
6574.7514	9793.0000
6574.7883	9685.0000
6574.8251	9604.0000
6574.8619	9388.0000
6574.8987	9300.0000
6574.9356	9335.0000
6574.9724	9419.0000
6575.0092	9627.0000
6575.0461	9990.0000
6575.0829	10455.0000
6575.1197	10801.0000
6575.1565	10866.0000
6575.1933	11130.0000
6575.2301	11161.0000
6575.2669	11002.0000
6575.3037	10778.0000
6575.3405	10418.0000
6575.3773	10030.0000
6575.4141	9610.0000
6575.4508	9279.0000
6575.4876	9352.0000
6575.5244	9482.0000
6575.5612	9595.0000
6575.5980	9659.0000
6575.6348	9558.0000
6575.6716	9392.0000
6575.7083	9408.0000
6575.7451	9368.0000
6575.7819	9555.0000
6575.8187	9656.0000
6575.8554	9637.0000
6575.8922	9765.0000
6575.9290	9779.0000
6575.9659	9756.0000
6576.0026	9779.0000
6576.0394	9752.0000
6576.0761	9762.0000
6576.1129	9923.0000
6576.1497	9847.0000
6576.1864	9815.0000
6576.2232	9732.0000
6576.2599	9503.0000
6576.2967	9144.0000
6576.3334	8953.0000
6576.3702	8799.0000
6576.4069	8840.0000
6576.4437	8860.0000
6576.4804	8999.0000
6576.5172	9194.0000
6576.5539	9290.0000
6576.5907	9437.0000
6576.6274	9475.0000
6576.6641	9505.0000
6576.7009	9594.0000
6576.7376	9526.0000
6576.7743	9747.0000
6576.8111	9908.0000
6576.8478	9960.0000
6576.8845	10179.0000
6576.9213	10359.0000
6576.9580	10466.0000
6576.9947	10245.0000
6577.0315	10169.0000
6577.0682	10001.0000
6577.1050	10030.0000
6577.1417	10051.0000
6577.1784	10006.0000
6577.2151	10043.0000
6577.2518	10218.0000
6577.2885	10621.0000
6577.3252	10768.0000
6577.3619	10984.0000
6577.3986	11096.0000
6577.4353	11233.0000
6577.4720	10924.0000
6577.5087	10480.0000
6577.5454	10067.0000
6577.5821	9815.0000
6577.6188	9407.0000
6577.6555	9175.0000
6577.6922	8988.0000
6577.7289	8762.0000
6577.7656	8736.0000
6577.8023	8523.0000
6577.8390	8366.0000
6577.8756	8277.0000
6577.9123	8163.0000
6577.9490	8132.0000
6577.9857	8232.0000
6578.0224	8187.0000
6578.0591	8256.0000
6578.0958	8395.0000
6578.1325	8477.0000
6578.1691	8620.0000
6578.2058	8721.0000
6578.2425	9064.0000
6578.2791	9157.0000
6578.3158	9382.0000
6578.3525	9695.0000
6578.3891	9862.0000
6578.4258	10144.0000
6578.4624	10211.0000
6578.4991	10228.0000
6578.5358	10175.0000
6578.5724	10038.0000
6578.6091	9884.0000
6578.6457	9562.0000
6578.6824	9253.0000
6578.7190	8921.0000
6578.7556	8648.0000
6578.7923	8512.0000
6578.8289	8353.0000
6578.8656	8260.0000
6578.9022	8334.0000
6578.9388	8290.0000
6578.9755	8263.0000
6579.0121	8335.0000
6579.0487	8236.0000
6579.0854	8227.0000
6579.1221	8133.0000
6579.1587	7989.0000
6579.1953	8051.0000
6579.2320	7858.0000
6579.2686	7876.0000
6579.3052	7967.0000
6579.3418	7854.0000
6579.3784	7986.0000
6579.4150	8131.0000
6579.4517	8171.0000
6579.4883	8217.0000
6579.5249	8119.0000
6579.5615	8117.0000
6579.5981	8143.0000
6579.6347	8311.0000
6579.6713	8271.0000
6579.7079	8191.0000
6579.7445	8141.0000
6579.7811	8378.0000
6579.8177	8599.0000
6579.8543	8533.0000
6579.8909	8625.0000
6579.9275	8853.0000
6579.9641	8860.0000
6580.0007	8889.0000
6580.0372	9026.0000
6580.0738	9097.0000
6580.1104	9025.0000
6580.1470	9147.0000
6580.1837	9235.0000
6580.2202	9105.0000
6580.2568	9066.0000
6580.2934	9006.0000
6580.3300	9030.0000
6580.3665	9085.0000
6580.4031	9105.0000
6580.4397	9143.0000
6580.4762	9185.0000
6580.5128	9038.0000
6580.5494	9121.0000
6580.5859	9170.0000
6580.6225	9270.0000
6580.6591	9428.0000
6580.6956	9627.0000
6580.7322	9770.0000
6580.7687	9759.0000
6580.8053	9742.0000
6580.8418	9667.0000
6580.8784	9471.0000
6580.9149	9486.0000
6580.9515	9483.0000
6580.9880	9263.0000
6581.0245	9192.0000
6581.0611	9153.0000
6581.0976	9072.0000
6581.1342	9159.0000
6581.1707	9043.0000
6581.2072	9004.0000
6581.2439	8843.0000
6581.2804	8650.0000
6581.3169	8480.0000
6581.3535	8313.0000
6581.3900	8366.0000
6581.4265	8415.0000
6581.4630	8466.0000
6581.4995	8610.0000
6581.5361	8670.0000
6581.5726	8538.0000
6581.6091	8683.0000
6581.6456	8712.0000
6581.6821	8678.0000
6581.7186	8759.0000
6581.7551	8660.0000
6581.7916	9012.0000
6581.8282	9170.0000
6581.8647	9499.0000
6581.9012	9710.0000
6581.9377	10108.0000
6581.9742	10332.0000
6582.0107	10557.0000
6582.0472	10519.0000
6582.0837	10549.0000
6582.1201	10330.0000
6582.1566	10202.0000
6582.1931	10059.0000
6582.2296	10217.0000
6582.2661	9993.0000
6582.3027	9799.0000
6582.3392	9762.0000
6582.3756	9583.0000
6582.4121	9475.0000
6582.4486	9630.0000
6582.4851	9746.0000
6582.5216	9911.0000
6582.5580	10168.0000
6582.5945	10523.0000
6582.6310	10733.0000
6582.6674	10923.0000
6582.7039	11136.0000
6582.7404	10914.0000
6582.7768	10686.0000
6582.8133	10594.0000
6582.8498	10357.0000
6582.8862	10270.0000
6582.9227	10076.0000
6582.9591	9928.0000
6582.9956	9927.0000
6583.0320	9818.0000
6583.0685	9596.0000
6583.1049	9393.0000
6583.1414	9230.0000
6583.1778	9078.0000
6583.2143	9031.0000
6583.2507	9015.0000
6583.2872	8979.0000
6583.3237	8799.0000
6583.3601	8688.0000
6583.3966	8705.0000
6583.4330	8628.0000
6583.4694	8526.0000
6583.5059	8659.0000
6583.5423	8656.0000
6583.5787	8962.0000
6583.6151	9351.0000
6583.6516	9602.0000
6583.6880	9910.0000
6583.7244	10160.0000
6583.7608	10313.0000
6583.7972	10384.0000
6583.8337	10342.0000
6583.8701	10299.0000
6583.9065	10413.0000
6583.9429	10246.0000
6583.9793	9995.0000
6584.0157	9932.0000
6584.0521	9988.0000
6584.0885	10139.0000
6584.1249	10279.0000
6584.1613	10351.0000
6584.1977	10286.0000
6584.2341	10259.0000
6584.2705	10335.0000
6584.3069	10297.0000
6584.3433	10041.0000
6584.3798	10029.0000
6584.4162	9906.0000
6584.4526	9781.0000
6584.4890	9653.0000
6584.5254	9628.0000
6584.5617	9559.0000
6584.5981	9272.0000
6584.6345	9166.0000
6584.6709	9061.0000
6584.7072	9044.0000
6584.7436	9083.0000
6584.7800	9181.0000
6584.8164	9169.0000
6584.8527	9128.0000
6584.8891	9156.0000
6584.9255	8968.0000
6584.9618	8818.0000
6584.9982	8802.0000
6585.0346	8836.0000
6585.0709	8975.0000
6585.1073	8957.0000
6585.1436	8960.0000
6585.1800	9000.0000
6585.2163	8976.0000
6585.2527	8951.0000
6585.2891	8816.0000
6585.3254	8844.0000
6585.3617	8967.0000
6585.3981	9075.0000
6585.4345	9362.0000
6585.4709	9527.0000
6585.5072	9809.0000
6585.5436	10170.0000
6585.5799	10272.0000
6585.6162	10446.0000
6585.6526	10501.0000
6585.6889	10345.0000
6585.7252	10166.0000
6585.7616	9958.0000
6585.7979	9883.0000
6585.8342	9672.0000
6585.8705	9560.0000
6585.9069	9436.0000
6585.9432	9295.0000
6585.9795	9173.0000
6586.0158	9122.0000
6586.0521	9128.0000
6586.0884	9161.0000
6586.1248	9165.0000
6586.1611	9060.0000
6586.1974	9093.0000
6586.2337	9082.0000
6586.2700	9022.0000
6586.3063	9148.0000
6586.3426	9335.0000
6586.3789	9525.0000
6586.4152	9691.0000
6586.4515	9934.0000
6586.4879	9948.0000
6586.5242	9892.0000
6586.5605	9902.0000
6586.5968	9801.0000
6586.6331	9814.0000
6586.6694	9809.0000
6586.7056	9874.0000
6586.7419	9999.0000
6586.7782	9930.0000
6586.8145	9935.0000
6586.8508	9754.0000
6586.8870	9620.0000
6586.9233	9355.0000
6586.9596	9202.0000
6586.9959	9076.0000
6587.0321	8674.0000
6587.0684	8607.0000
6587.1047	8491.0000
6587.1409	8454.0000
6587.1772	8460.0000
6587.2135	8492.0000
6587.2497	8536.0000
6587.2860	8757.0000
6587.3223	8912.0000
6587.3585	9218.0000
6587.3948	9515.0000
6587.4310	9789.0000
6587.4673	10003.0000
6587.5035	10117.0000
6587.5399	10157.0000
6587.5761	10188.0000
6587.6124	10385.0000
6587.6486	10395.0000
6587.6849	10310.0000
6587.7211	10307.0000
6587.7573	10394.0000
6587.7936	10579.0000
6587.8298	10627.0000
6587.8660	10454.0000
6587.9023	10478.0000
6587.9385	10379.0000
6587.9747	10385.0000
6588.0110	10208.0000
6588.0472	10043.0000
6588.0834	9993.0000
6588.1196	9934.0000
6588.1559	9805.0000
6588.1921	9680.0000
6588.2283	9621.0000
6588.2645	9530.0000
6588.3007	9460.0000
6588.3369	9355.0000
6588.3731	9355.0000
6588.4094	9338.0000
6588.4456	9305.0000
6588.4818	9419.0000
6588.5180	9517.0000
6588.5542	9386.0000
6588.5905	9256.0000
6588.6267	8987.0000
6588.6629	8889.0000
6588.6991	8869.0000
6588.7353	9041.0000
6588.7715	9241.0000
6588.8077	9424.0000
6588.8438	9570.0000
6588.8800	9695.0000
6588.9162	9737.0000
6588.9524	9803.0000
6588.9886	9701.0000
6589.0248	9641.0000
6589.0610	9537.0000
6589.0971	9618.0000
6589.1333	9593.0000
6589.1695	9620.0000
6589.2057	9775.0000
6589.2418	9664.0000
6589.2780	9402.0000
6589.3142	9343.0000
6589.3503	9271.0000
6589.3865	9375.0000
6589.4227	9473.0000
6589.4588	9575.0000
6589.4950	9772.0000
6589.5311	10011.0000
6589.5673	10204.0000
6589.6035	10235.0000
6589.6397	10130.0000
6589.6759	10156.0000
6589.7120	10325.0000
6589.7482	10315.0000
6589.7843	10240.0000
6589.8205	10327.0000
6589.8566	10289.0000
6589.8927	10214.0000
6589.9289	9920.0000
6589.9650	9824.0000
6590.0012	9825.0000
6590.0373	9668.0000
6590.0734	9788.0000
6590.1096	9899.0000
6590.1457	10014.0000
6590.1818	10001.0000
6590.2180	10055.0000
6590.2541	10093.0000
6590.2902	10128.0000
6590.3263	10043.0000
6590.3624	9985.0000
6590.3986	9884.0000
6590.4347	9687.0000
6590.4708	9437.0000
6590.5069	9157.0000
6590.5430	9123.0000
6590.5791	8986.0000
6590.6153	8716.0000
6590.6514	8454.0000
6590.6875	8253.0000
6590.7237	8111.0000
6590.7598	8047.0000
6590.7959	7986.0000
6590.8320	8032.0000
6590.8681	8003.0000
6590.9042	8134.0000
6590.9403	8237.0000
6590.9764	8312.0000
6591.0125	8214.0000
6591.0485	8287.0000
6591.0846	8393.0000
6591.1207	8505.0000
6591.1568	8577.0000
6591.1929	8613.0000
6591.2290	8729.0000
6591.2650	8814.0000
6591.3011	8886.0000
6591.3372	9157.0000
6591.3733	9209.0000
6591.4094	9103.0000
6591.4454	9142.0000
6591.4815	9049.0000
6591.5176	8872.0000
6591.5536	8761.0000
6591.5897	8768.0000
6591.6258	8854.0000
6591.6618	9097.0000
6591.6979	9031.0000
6591.7339	9047.0000
6591.7701	8929.0000
6591.8062	8812.0000
6591.8422	8780.0000
6591.8783	8626.0000
6591.9143	8630.0000
6591.9504	8697.0000
6591.9864	8775.0000
6592.0225	8788.0000
6592.0585	8666.0000
6592.0945	8644.0000
6592.1306	8523.0000
6592.1666	8516.0000
6592.2027	8535.0000
6592.2387	8510.0000
6592.2747	8455.0000
6592.3108	8595.0000
6592.3468	8436.0000
6592.3828	8368.0000
6592.4189	8347.0000
6592.4549	8313.0000
6592.4909	8160.0000
6592.5269	8194.0000
6592.5630	8231.0000
6592.5990	8297.0000
6592.6350	8320.0000
6592.6710	8458.0000
6592.7070	8619.0000
6592.7430	8685.0000
6592.7790	8779.0000
6592.8152	8862.0000
6592.8512	8755.0000
6592.8872	8786.0000
6592.9232	8835.0000
6592.9592	8881.0000
6592.9952	8977.0000
6593.0312	9131.0000
6593.0672	9222.0000
6593.1032	9207.0000
6593.1392	9019.0000
6593.1752	8975.0000
6593.2112	8958.0000
6593.2472	8760.0000
6593.2831	8666.0000
6593.3191	8660.0000
6593.3551	8506.0000
6593.3911	8498.0000
6593.4271	8629.0000
6593.4631	8716.0000
6593.4990	8957.0000
6593.5350	9288.0000
6593.5710	9416.0000
6593.6070	9512.0000
6593.6429	9632.0000
6593.6789	9594.0000
6593.7149	9347.0000
6593.7508	9106.0000
6593.7868	8708.0000
6593.8228	8230.0000
6593.8588	7806.0000
6593.8948	7552.0000
6593.9308	7232.0000
6593.9667	6940.0000
6594.0027	6824.0000
6594.0386	6570.0000
6594.0746	6536.0000
6594.1105	6492.0000
6594.1465	6584.0000
6594.1824	6555.0000
6594.2184	6520.0000
6594.2543	6547.0000
6594.2903	6719.0000
6594.3262	6750.0000
6594.3621	6885.0000
6594.3981	6901.0000
6594.4340	6996.0000
6594.4700	7004.0000
6594.5059	6947.0000
6594.5418	7009.0000
6594.5778	7036.0000
6594.6137	7117.0000
6594.6496	7194.0000
6594.6855	7318.0000
6594.7215	7361.0000
6594.7574	7371.0000
6594.7933	7535.0000
6594.8292	7393.0000
6594.8651	7541.0000
6594.9010	7486.0000
6594.9371	7422.0000
6594.9730	7368.0000
6595.0089	7397.0000
6595.0448	7528.0000
6595.0807	7493.0000
6595.1166	7382.0000
6595.1525	7365.0000
6595.1884	7275.0000
6595.2243	7251.0000
6595.2602	7227.0000
6595.2961	7220.0000
6595.3320	7193.0000
6595.3679	7328.0000
6595.4038	7409.0000
6595.4397	7604.0000
6595.4756	7863.0000
6595.5115	7908.0000
6595.5473	8051.0000
6595.5832	8158.0000
6595.6191	8152.0000
6595.6550	8138.0000
6595.6909	7948.0000
6595.7268	7996.0000
6595.7626	7967.0000
6595.7985	7949.0000
6595.8344	7899.0000
6595.8702	7967.0000
6595.9061	8001.0000
6595.9420	7872.0000
6595.9779	7890.0000
6596.0138	7876.0000
6596.0497	7885.0000
6596.0855	7814.0000
6596.1214	7855.0000
6596.1573	7808.0000
6596.1931	7903.0000
6596.2290	7998.0000
6596.2648	8128.0000
6596.3007	8177.0000
6596.3365	6833.0000
6596.3724	6885.0000
6596.4082	6816.0000
6596.4441	6706.0000
6596.4799	6654.0000
6596.5157	6468.0000
6596.5516	6252.0000
6596.5874	6148.0000
6596.6233	6175.0000
6596.6591	6166.0000
