R_Cam.3
4793.5714	74.0000
4793.6001	99.0000
4793.6288	159.0000
4793.6575	210.0000
4793.6863	232.0000
4793.7149	195.0000
4793.7436	179.0000
4793.7723	203.0000
4793.8010	231.0000
4793.8297	167.0000
4793.8583	109.0000
4793.8870	137.0000
4793.9157	123.0000
4793.9444	174.0000
4793.9730	198.0000
4794.0017	226.0000
4794.0304	287.0000
4794.0590	228.0000
4794.0877	276.0000
4794.1164	242.0000
4794.1450	282.0000
4794.1737	208.0000
4794.2024	138.0000
4794.2310	136.0000
4794.2597	146.0000
4794.2883	164.0000
4794.3170	175.0000
4794.3457	155.0000
4794.3743	201.0000
4794.4030	242.0000
4794.4316	145.0000
4794.4603	222.0000
4794.4889	260.0000
4794.5176	290.0000
4794.5462	281.0000
4794.5749	227.0000
4794.6035	209.0000
4794.6322	200.0000
4794.6608	185.0000
4794.6894	197.0000
4794.7182	216.0000
4794.7468	221.0000
4794.7755	206.0000
4794.8041	248.0000
4794.8327	264.0000
4794.8614	323.0000
4794.8900	316.0000
4794.9186	223.0000
4794.9473	247.0000
4794.9759	205.0000
4795.0045	198.0000
4795.0332	218.0000
4795.0618	207.0000
4795.0904	191.0000
4795.1190	158.0000
4795.1477	122.0000
4795.1763	151.0000
4795.2049	122.0000
4795.2335	76.0000
4795.2622	152.0000
4795.2908	213.0000
4795.3194	227.0000
4795.3480	222.0000
4795.3766	211.0000
4795.4052	135.0000
4795.4339	128.0000
4795.4625	132.0000
4795.4911	138.0000
4795.5197	120.0000
4795.5483	118.0000
4795.5769	89.0000
4795.6055	100.0000
4795.6341	61.0000
4795.6627	48.0000
4795.6913	74.0000
4795.7199	61.0000
4795.7485	169.0000
4795.7772	185.0000
4795.8058	118.0000
4795.8344	122.0000
4795.8630	139.0000
4795.8916	121.0000
4795.9202	136.0000
4795.9488	218.0000
4795.9774	170.0000
4796.0060	190.0000
4796.0346	219.0000
4796.0632	207.0000
4796.0917	247.0000
4796.1203	214.0000
4796.1489	218.0000
4796.1775	146.0000
4796.2061	158.0000
4796.2347	163.0000
4796.2632	90.0000
4796.2918	118.0000
4796.3204	89.0000
4796.3490	94.0000
4796.3775	180.0000
4796.4061	145.0000
4796.4347	103.0000
4796.4633	107.0000
4796.4918	83.0000
4796.5204	64.0000
4796.5490	146.0000
4796.5775	130.0000
4796.6061	192.0000
4796.6347	195.0000
4796.6632	188.0000
4796.6918	203.0000
4796.7204	161.0000
4796.7489	115.0000
4796.7775	95.0000
4796.8060	143.0000
4796.8347	94.0000
4796.8633	38.0000
4796.8918	82.0000
4796.9204	85.0000
4796.9489	26.0000
4796.9775	75.0000
4797.0060	32.0000
4797.0346	36.0000
4797.0631	51.0000
4797.0917	41.0000
4797.1202	88.0000
4797.1487	140.0000
4797.1773	180.0000
4797.2058	193.0000
4797.2344	233.0000
4797.2629	252.0000
4797.2915	317.0000
4797.3200	322.0000
4797.3485	330.0000
4797.3771	307.0000
4797.4056	353.0000
4797.4341	303.0000
4797.4627	292.0000
4797.4912	291.0000
4797.5197	248.0000
4797.5482	136.0000
4797.5768	133.0000
4797.6053	149.0000
4797.6338	128.0000
4797.6623	122.0000
4797.6909	94.0000
4797.7194	115.0000
4797.7479	86.0000
4797.7764	128.0000
4797.8049	159.0000
4797.8335	176.0000
4797.8620	185.0000
4797.8906	248.0000
4797.9191	344.0000
4797.9476	370.0000
4797.9761	302.0000
4798.0046	195.0000
4798.0332	124.0000
4798.0617	126.0000
4798.0902	101.0000
4798.1187	149.0000
4798.1472	109.0000
4798.1757	108.0000
4798.2042	127.0000
4798.2327	73.0000
4798.2612	62.0000
4798.2897	67.0000
4798.3182	83.0000
4798.3467	93.0000
4798.3752	89.0000
4798.4037	117.0000
4798.4322	151.0000
4798.4606	269.0000
4798.4891	310.0000
4798.5176	265.0000
4798.5461	304.0000
4798.5746	315.0000
4798.6031	351.0000
4798.6316	270.0000
4798.6601	295.0000
4798.6885	310.0000
4798.7170	263.0000
4798.7455	250.0000
4798.7740	287.0000
4798.8025	260.0000
4798.8309	150.0000
4798.8594	125.0000
4798.8879	109.0000
4798.9164	176.0000
4798.9449	172.0000
4798.9734	163.0000
4799.0019	186.0000
4799.0303	151.0000
4799.0588	179.0000
4799.0873	188.0000
4799.1157	157.0000
4799.1442	173.0000
4799.1727	211.0000
4799.2011	203.0000
4799.2296	229.0000
4799.2580	282.0000
4799.2865	273.0000
4799.3150	217.0000
4799.3434	230.0000
4799.3719	168.0000
4799.4003	112.0000
4799.4288	24.0000
4799.4572	71.0000
4799.4857	48.0000
4799.5141	37.0000
4799.5426	63.0000
4799.5710	67.0000
4799.5995	110.0000
4799.6279	76.0000
4799.6563	68.0000
4799.6848	62.0000
4799.7132	96.0000
4799.7417	53.0000
4799.7701	136.0000
4799.7985	145.0000
4799.8270	135.0000
4799.8554	114.0000
4799.8839	151.0000
4799.9123	226.0000
4799.9407	297.0000
4799.9691	361.0000
4799.9977	365.0000
4800.0261	286.0000
4800.0545	361.0000
4800.0830	332.0000
4800.1114	313.0000
4800.1398	321.0000
4800.1682	332.0000
4800.1966	261.0000
4800.2251	314.0000
4800.2535	253.0000
4800.2819	239.0000
4800.3103	206.0000
4800.3387	124.0000
4800.3672	160.0000
4800.3956	141.0000
4800.4240	104.0000
4800.4524	93.0000
4800.4808	153.0000
4800.5092	213.0000
4800.5376	235.0000
4800.5660	197.0000
4800.5944	251.0000
4800.6228	222.0000
4800.6512	239.0000
4800.6796	244.0000
4800.7080	138.0000
4800.7364	160.0000
4800.7648	161.0000
4800.7932	134.0000
4800.8216	88.0000
4800.8500	140.0000
4800.8784	85.0000
4800.9068	32.0000
4800.9352	70.0000
4800.9636	45.0000
4800.9920	69.0000
4801.0204	63.0000
4801.0488	98.0000
4801.0772	87.0000
4801.1056	137.0000
4801.1340	222.0000
4801.1624	308.0000
4801.1908	290.0000
4801.2191	383.0000
4801.2475	488.0000
4801.2759	489.0000
4801.3043	516.0000
4801.3326	539.0000
4801.3610	547.0000
4801.3894	539.0000
4801.4178	564.0000
4801.4461	468.0000
4801.4745	410.0000
4801.5029	395.0000
4801.5312	377.0000
4801.5596	322.0000
4801.5880	232.0000
4801.6163	225.0000
4801.6447	262.0000
4801.6731	263.0000
4801.7014	188.0000
4801.7298	274.0000
4801.7581	323.0000
4801.7865	282.0000
4801.8148	322.0000
4801.8432	320.0000
4801.8716	247.0000
4801.8999	185.0000
4801.9283	210.0000
4801.9566	218.0000
4801.9850	303.0000
4802.0133	336.0000
4802.0416	300.0000
4802.0700	232.0000
4802.0984	192.0000
4802.1268	194.0000
4802.1551	230.0000
4802.1835	165.0000
4802.2118	117.0000
4802.2401	132.0000
4802.2685	216.0000
4802.2968	193.0000
4802.3251	84.0000
4802.3535	101.0000
4802.3818	165.0000
4802.4101	74.0000
4802.4385	163.0000
4802.4668	197.0000
4802.4951	229.0000
4802.5235	257.0000
4802.5518	327.0000
4802.5801	391.0000
4802.6084	430.0000
4802.6367	424.0000
4802.6651	463.0000
4802.6934	500.0000
4802.7217	464.0000
4802.7500	507.0000
4802.7783	465.0000
4802.8067	457.0000
4802.8350	344.0000
4802.8633	270.0000
4802.8916	263.0000
4802.9199	229.0000
4802.9482	228.0000
4802.9765	176.0000
4803.0048	159.0000
4803.0331	247.0000
4803.0614	275.0000
4803.0897	211.0000
4803.1180	256.0000
4803.1464	258.0000
4803.1747	282.0000
4803.2030	329.0000
4803.2313	316.0000
4803.2596	319.0000
4803.2879	243.0000
4803.3162	276.0000
4803.3445	280.0000
4803.3728	313.0000
4803.4011	291.0000
4803.4294	306.0000
4803.4577	298.0000
4803.4860	276.0000
4803.5142	196.0000
4803.5425	184.0000
4803.5708	210.0000
4803.5991	138.0000
4803.6274	130.0000
4803.6557	155.0000
4803.6839	146.0000
4803.7122	100.0000
4803.7405	132.0000
4803.7688	133.0000
4803.7970	169.0000
4803.8253	103.0000
4803.8536	122.0000
4803.8818	170.0000
4803.9101	204.0000
4803.9384	201.0000
4803.9667	198.0000
4803.9949	264.0000
4804.0232	258.0000
4804.0514	330.0000
4804.0797	364.0000
4804.1080	402.0000
4804.1362	276.0000
4804.1645	330.0000
4804.1928	371.0000
4804.2211	322.0000
4804.2494	303.0000
4804.2776	200.0000
4804.3059	183.0000
4804.3341	93.0000
4804.3624	107.0000
4804.3906	104.0000
4804.4189	150.0000
4804.4471	185.0000
4804.4754	138.0000
4804.5036	156.0000
4804.5318	247.0000
4804.5601	123.0000
4804.5883	159.0000
4804.6166	136.0000
4804.6448	96.0000
4804.6730	77.0000
4804.7013	87.0000
4804.7295	108.0000
4804.7578	125.0000
4804.7860	51.0000
4804.8142	93.0000
4804.8425	135.0000
4804.8707	128.0000
4804.8989	73.0000
4804.9271	78.0000
4804.9554	110.0000
4804.9836	100.0000
4805.0118	134.0000
4805.0400	124.0000
4805.0683	84.0000
4805.0965	106.0000
4805.1247	143.0000
4805.1529	92.0000
4805.1811	44.0000
4805.2093	186.0000
4805.2376	170.0000
4805.2659	91.0000
4805.2941	58.0000
4805.3223	110.0000
4805.3505	69.0000
4805.3787	63.0000
4805.4069	104.0000
4805.4351	166.0000
4805.4633	165.0000
4805.4915	144.0000
4805.5197	139.0000
4805.5479	118.0000
4805.5761	200.0000
4805.6043	179.0000
4805.6325	97.0000
4805.6607	90.0000
4805.6889	105.0000
4805.7171	153.0000
4805.7453	171.0000
4805.7735	218.0000
4805.8017	202.0000
4805.8299	269.0000
4805.8581	287.0000
4805.8863	199.0000
4805.9145	169.0000
4805.9426	240.0000
4805.9708	154.0000
4805.9990	151.0000
4806.0272	213.0000
4806.0554	123.0000
4806.0836	169.0000
4806.1117	193.0000
4806.1399	156.0000
4806.1681	145.0000
4806.1963	132.0000
4806.2244	156.0000
4806.2526	150.0000
4806.2808	172.0000
4806.3091	180.0000
4806.3372	171.0000
4806.3654	191.0000
4806.3936	166.0000
4806.4217	223.0000
4806.4499	136.0000
4806.4780	139.0000
4806.5062	68.0000
4806.5344	90.0000
4806.5625	102.0000
4806.5907	119.0000
4806.6188	133.0000
4806.6470	121.0000
4806.6752	186.0000
4806.7033	163.0000
4806.7315	119.0000
4806.7596	118.0000
4806.7878	77.0000
4806.8159	129.0000
4806.8441	169.0000
4806.8722	195.0000
4806.9004	205.0000
4806.9285	204.0000
4806.9566	231.0000
4806.9848	184.0000
4807.0129	238.0000
4807.0411	209.0000
4807.0692	188.0000
4807.0973	210.0000
4807.1255	175.0000
4807.1536	146.0000
4807.1817	131.0000
4807.2099	200.0000
4807.2380	195.0000
4807.2661	186.0000
4807.2943	166.0000
4807.3224	128.0000
4807.3506	119.0000
4807.3788	148.0000
4807.4069	93.0000
4807.4350	121.0000
4807.4631	75.0000
4807.4912	130.0000
4807.5194	163.0000
4807.5475	144.0000
4807.5756	123.0000
4807.6037	183.0000
4807.6318	217.0000
4807.6599	169.0000
4807.6881	106.0000
4807.7162	90.0000
4807.7443	76.0000
4807.7724	125.0000
4807.8005	148.0000
4807.8286	107.0000
4807.8567	128.0000
4807.8848	113.0000
4807.9129	84.0000
4807.9410	100.0000
4807.9691	136.0000
4807.9972	98.0000
4808.0253	122.0000
4808.0534	94.0000
4808.0815	105.0000
4808.1096	176.0000
4808.1377	176.0000
4808.1658	154.0000
4808.1939	141.0000
4808.2220	138.0000
4808.2501	175.0000
4808.2782	230.0000
4808.3062	227.0000
4808.3343	180.0000
4808.3624	114.0000
4808.3905	141.0000
4808.4187	167.0000
4808.4468	111.0000
4808.4748	97.0000
4808.5029	117.0000
4808.5310	92.0000
4808.5591	100.0000
4808.5872	154.0000
4808.6152	165.0000
4808.6433	128.0000
4808.6714	84.0000
4808.6994	77.0000
4808.7275	105.0000
4808.7556	218.0000
4808.7836	146.0000
4808.8117	100.0000
4808.8398	154.0000
4808.8678	146.0000
4808.8959	113.0000
4808.9240	108.0000
4808.9520	170.0000
4808.9801	183.0000
4809.0081	136.0000
4809.0362	192.0000
4809.0643	174.0000
4809.0923	145.0000
4809.1204	103.0000
4809.1484	143.0000
4809.1765	133.0000
4809.2045	147.0000
4809.2326	181.0000
4809.2606	202.0000
4809.2887	207.0000
4809.3167	141.0000
4809.3447	134.0000
4809.3728	182.0000
4809.4008	156.0000
4809.4289	155.0000
4809.4570	114.0000
4809.4850	130.0000
4809.5131	142.0000
4809.5411	123.0000
4809.5691	159.0000
4809.5972	134.0000
4809.6252	128.0000
4809.6532	122.0000
4809.6813	191.0000
4809.7093	175.0000
4809.7373	182.0000
4809.7654	200.0000
4809.7934	172.0000
4809.8214	103.0000
4809.8494	98.0000
4809.8774	100.0000
4809.9055	83.0000
4809.9335	89.0000
4809.9615	111.0000
4809.9895	221.0000
4810.0175	126.0000
4810.0455	141.0000
4810.0736	177.0000
4810.1016	119.0000
4810.1296	151.0000
4810.1576	194.0000
4810.1856	192.0000
4810.2136	208.0000
4810.2416	251.0000
4810.2696	304.0000
4810.2976	166.0000
4810.3256	172.0000
4810.3536	103.0000
4810.3816	165.0000
4810.4096	195.0000
4810.4376	176.0000
4810.4656	172.0000
4810.4936	197.0000
4810.5217	190.0000
4810.5497	130.0000
4810.5777	159.0000
4810.6057	198.0000
4810.6337	94.0000
4810.6617	104.0000
4810.6896	119.0000
4810.7176	163.0000
4810.7456	197.0000
4810.7736	97.0000
4810.8016	99.0000
4810.8296	126.0000
4810.8575	142.0000
4810.8855	139.0000
4810.9135	97.0000
4810.9415	87.0000
4810.9695	143.0000
4810.9974	136.0000
4811.0254	77.0000
4811.0534	96.0000
4811.0813	114.0000
4811.1093	104.0000
4811.1373	116.0000
4811.1652	95.0000
4811.1932	118.0000
4811.2212	150.0000
4811.2491	116.0000
4811.2771	142.0000
4811.3051	146.0000
4811.3330	179.0000
4811.3610	180.0000
4811.3889	155.0000
4811.4169	266.0000
4811.4448	169.0000
4811.4728	119.0000
4811.5008	182.0000
4811.5287	226.0000
4811.5567	210.0000
4811.5847	135.0000
4811.6127	176.0000
4811.6406	184.0000
4811.6685	157.0000
4811.6965	137.0000
4811.7244	139.0000
4811.7524	140.0000
4811.7803	133.0000
4811.8083	77.0000
4811.8362	130.0000
4811.8641	203.0000
4811.8921	211.0000
4811.9200	135.0000
4811.9479	201.0000
4811.9759	215.0000
4812.0038	166.0000
4812.0317	179.0000
4812.0597	157.0000
4812.0876	136.0000
4812.1155	157.0000
4812.1434	178.0000
4812.1714	129.0000
4812.1993	120.0000
4812.2272	145.0000
4812.2551	120.0000
4812.2831	53.0000
4812.3110	84.0000
4812.3389	83.0000
4812.3668	94.0000
4812.3947	104.0000
4812.4226	109.0000
4812.4505	103.0000
4812.4785	62.0000
4812.5064	152.0000
4812.5343	148.0000
4812.5622	159.0000
4812.5901	225.0000
4812.6181	75.0000
4812.6460	99.0000
4812.6739	208.0000
4812.7018	217.0000
4812.7297	167.0000
4812.7576	125.0000
4812.7855	170.0000
4812.8134	285.0000
4812.8413	132.0000
4812.8692	106.0000
4812.8971	101.0000
4812.9250	176.0000
4812.9529	96.0000
4812.9808	56.0000
4813.0086	98.0000
4813.0365	79.0000
4813.0644	105.0000
4813.0923	122.0000
4813.1202	207.0000
4813.1481	170.0000
4813.1760	129.0000
4813.2038	158.0000
4813.2317	205.0000
4813.2596	232.0000
4813.2875	215.0000
4813.3153	185.0000
4813.3432	236.0000
4813.3711	132.0000
4813.3990	155.0000
4813.4268	115.0000
4813.4547	171.0000
4813.4826	136.0000
4813.5104	198.0000
4813.5383	215.0000
4813.5662	154.0000
4813.5940	71.0000
4813.6219	96.0000
4813.6498	105.0000
4813.6777	120.0000
4813.7056	78.0000
4813.7334	110.0000
4813.7613	154.0000
4813.7892	92.0000
4813.8170	55.0000
4813.8449	71.0000
4813.8727	143.0000
4813.9006	183.0000
4813.9284	173.0000
4813.9563	174.0000
4813.9841	204.0000
4814.0120	180.0000
4814.0398	216.0000
4814.0676	226.0000
4814.0955	195.0000
4814.1233	152.0000
4814.1512	133.0000
4814.1790	127.0000
4814.2068	111.0000
4814.2347	100.0000
4814.2625	102.0000
4814.2904	68.0000
4814.3182	94.0000
4814.3460	132.0000
4814.3738	138.0000
4814.4017	81.0000
4814.4295	94.0000
4814.4573	258.0000
4814.4852	312.0000
4814.5130	205.0000
4814.5408	157.0000
4814.5686	222.0000
4814.5965	280.0000
4814.6243	282.0000
4814.6521	229.0000
4814.6799	169.0000
4814.7077	194.0000
4814.7356	210.0000
4814.7635	282.0000
4814.7913	268.0000
4814.8191	277.0000
4814.8469	246.0000
4814.8747	168.0000
4814.9025	161.0000
4814.9303	135.0000
4814.9581	103.0000
4814.9859	126.0000
4815.0137	155.0000
4815.0415	178.0000
4815.0693	159.0000
4815.0971	164.0000
4815.1249	204.0000
4815.1527	291.0000
4815.1805	227.0000
4815.2083	166.0000
4815.2361	247.0000
4815.2639	296.0000
4815.2917	266.0000
4815.3195	271.0000
4815.3473	376.0000
4815.3751	274.0000
4815.4028	187.0000
4815.4306	200.0000
4815.4584	200.0000
4815.4862	183.0000
4815.5140	183.0000
4815.5418	179.0000
4815.5695	196.0000
4815.5973	156.0000
4815.6251	100.0000
4815.6529	108.0000
4815.6807	131.0000
4815.7084	157.0000
4815.7362	135.0000
4815.7640	176.0000
4815.7918	181.0000
4815.8196	137.0000
4815.8474	187.0000
4815.8751	167.0000
4815.9029	147.0000
4815.9307	182.0000
4815.9584	205.0000
4815.9862	185.0000
4816.0140	244.0000
4816.0417	209.0000
4816.0695	258.0000
4816.0972	210.0000
4816.1250	203.0000
4816.1527	284.0000
4816.1805	337.0000
4816.2082	253.0000
4816.2360	233.0000
4816.2637	181.0000
4816.2915	137.0000
4816.3192	202.0000
4816.3470	190.0000
4816.3747	91.0000
4816.4025	89.0000
4816.4302	117.0000
4816.4580	88.0000
4816.4857	168.0000
4816.5134	217.0000
4816.5412	158.0000
4816.5689	113.0000
4816.5966	112.0000
4816.6244	72.0000
4816.6521	71.0000
4816.6798	179.0000
4816.7076	299.0000
4816.7353	218.0000
4816.7630	222.0000
4816.7908	255.0000
4816.8185	238.0000
4816.8463	362.0000
4816.8740	357.0000
4816.9018	318.0000
4816.9295	396.0000
4816.9572	399.0000
4816.9849	412.0000
4817.0126	383.0000
4817.0404	418.0000
4817.0681	351.0000
4817.0958	342.0000
4817.1235	285.0000
4817.1512	238.0000
4817.1789	129.0000
4817.2066	127.0000
4817.2343	124.0000
4817.2620	122.0000
4817.2897	73.0000
4817.3174	127.0000
4817.3452	139.0000
4817.3729	156.0000
4817.4006	136.0000
4817.4283	77.0000
4817.4560	64.0000
4817.4837	66.0000
4817.5113	151.0000
4817.5390	79.0000
4817.5667	143.0000
4817.5944	153.0000
4817.6221	185.0000
4817.6498	160.0000
4817.6775	154.0000
4817.7052	175.0000
4817.7329	120.0000
4817.7606	118.0000
4817.7882	187.0000
4817.8159	210.0000
4817.8436	182.0000
4817.8713	164.0000
4817.8991	155.0000
4817.9267	110.0000
4817.9544	134.0000
4817.9821	163.0000
4818.0098	158.0000
4818.0374	110.0000
4818.0651	80.0000
4818.0928	70.0000
4818.1205	101.0000
4818.1481	154.0000
4818.1758	126.0000
4818.2035	48.0000
4818.2311	56.0000
4818.2588	58.0000
4818.2864	71.0000
4818.3141	44.0000
4818.3418	116.0000
4818.3694	109.0000
4818.3971	94.0000
4818.4247	131.0000
4818.4524	115.0000
4818.4801	149.0000
4818.5077	160.0000
4818.5354	170.0000
4818.5630	165.0000
4818.5907	154.0000
4818.6183	112.0000
4818.6459	77.0000
4818.6736	108.0000
4818.7012	71.0000
4818.7289	97.0000
4818.7565	140.0000
4818.7842	143.0000
4818.8118	128.0000
4818.8394	73.0000
4818.8671	75.0000
4818.8947	79.0000
4818.9224	91.0000
4818.9501	132.0000
4818.9777	154.0000
4819.0053	125.0000
4819.0330	98.0000
4819.0606	134.0000
4819.0882	121.0000
4819.1159	140.0000
4819.1435	154.0000
4819.1711	143.0000
4819.1987	172.0000
4819.2264	229.0000
4819.2540	215.0000
4819.2816	143.0000
4819.3092	181.0000
4819.3368	234.0000
4819.3644	235.0000
4819.3921	194.0000
4819.4197	181.0000
4819.4473	174.0000
4819.4749	124.0000
4819.5025	115.0000
4819.5301	89.0000
4819.5577	104.0000
4819.5853	104.0000
4819.6129	110.0000
4819.6405	174.0000
4819.6681	188.0000
4819.6957	147.0000
4819.7233	126.0000
4819.7509	110.0000
4819.7785	165.0000
4819.8061	167.0000
4819.8337	94.0000
4819.8613	134.0000
4819.8889	116.0000
4819.9165	116.0000
4819.9441	188.0000
4819.9717	212.0000
4819.9994	177.0000
4820.0270	123.0000
4820.0545	129.0000
4820.0821	140.0000
4820.1097	129.0000
4820.1373	212.0000
4820.1649	152.0000
4820.1925	191.0000
4820.2200	144.0000
4820.2476	146.0000
4820.2752	164.0000
4820.3028	167.0000
4820.3303	199.0000
4820.3579	214.0000
4820.3855	220.0000
4820.4131	213.0000
4820.4406	185.0000
4820.4682	141.0000
4820.4958	154.0000
4820.5233	156.0000
4820.5509	99.0000
4820.5784	153.0000
4820.6060	139.0000
4820.6336	131.0000
4820.6611	152.0000
4820.6887	226.0000
4820.7162	155.0000
4820.7438	131.0000
4820.7714	190.0000
4820.7989	212.0000
4820.8265	214.0000
4820.8540	221.0000
4820.8816	293.0000
4820.9091	301.0000
4820.9367	238.0000
4820.9642	262.0000
4820.9917	202.0000
4821.0193	214.0000
4821.0469	278.0000
4821.0745	210.0000
4821.1020	210.0000
4821.1295	222.0000
4821.1571	222.0000
4821.1846	236.0000
4821.2122	272.0000
4821.2397	252.0000
4821.2672	215.0000
4821.2948	245.0000
4821.3223	221.0000
4821.3498	226.0000
4821.3773	223.0000
4821.4049	230.0000
4821.4324	217.0000
4821.4599	200.0000
4821.4874	221.0000
4821.5150	216.0000
4821.5425	195.0000
4821.5700	134.0000
4821.5975	190.0000
4821.6250	249.0000
4821.6526	300.0000
4821.6801	268.0000
4821.7076	257.0000
4821.7351	306.0000
4821.7626	299.0000
4821.7901	253.0000
4821.8176	209.0000
4821.8451	265.0000
4821.8726	303.0000
4821.9001	217.0000
4821.9276	254.0000
4821.9551	195.0000
4821.9827	244.0000
4822.0102	247.0000
4822.0376	229.0000
4822.0651	213.0000
4822.0927	228.0000
4822.1202	268.0000
4822.1477	209.0000
4822.1752	177.0000
4822.2027	211.0000
4822.2302	224.0000
4822.2577	208.0000
4822.2852	209.0000
4822.3127	214.0000
4822.3402	275.0000
4822.3676	198.0000
4822.3951	196.0000
4822.4226	180.0000
4822.4501	163.0000
4822.4776	144.0000
4822.5050	175.0000
4822.5325	202.0000
4822.5600	265.0000
4822.5875	282.0000
4822.6149	246.0000
4822.6424	247.0000
4822.6699	288.0000
4822.6974	287.0000
4822.7248	304.0000
4822.7523	294.0000
4822.7798	314.0000
4822.8072	301.0000
4822.8347	304.0000
4822.8622	289.0000
4822.8896	233.0000
4822.9171	271.0000
4822.9445	276.0000
4822.9720	293.0000
4822.9994	291.0000
4823.0269	222.0000
4823.0544	218.0000
4823.0818	188.0000
4823.1093	195.0000
4823.1367	278.0000
4823.1643	269.0000
4823.1917	262.0000
4823.2192	230.0000
4823.2466	256.0000
4823.2740	253.0000
4823.3015	237.0000
4823.3289	271.0000
4823.3564	224.0000
4823.3838	237.0000
4823.4113	258.0000
4823.4387	236.0000
4823.4661	199.0000
4823.4936	183.0000
4823.5210	217.0000
4823.5484	219.0000
4823.5759	236.0000
4823.6033	240.0000
4823.6307	228.0000
4823.6581	326.0000
4823.6856	331.0000
4823.7130	246.0000
4823.7404	271.0000
4823.7678	271.0000
4823.7953	257.0000
4823.8227	324.0000
4823.8501	347.0000
4823.8775	310.0000
4823.9049	329.0000
4823.9324	343.0000
4823.9598	309.0000
4823.9872	338.0000
4824.0146	396.0000
4824.0420	417.0000
4824.0694	440.0000
4824.0968	414.0000
4824.1242	342.0000
4824.1516	369.0000
4824.1790	376.0000
4824.2065	306.0000
4824.2339	274.0000
4824.2613	255.0000
4824.2887	277.0000
4824.3161	317.0000
4824.3435	259.0000
4824.3709	271.0000
4824.3983	223.0000
4824.4257	254.0000
4824.4531	200.0000
4824.4805	204.0000
4824.5079	273.0000
4824.5353	260.0000
4824.5627	321.0000
4824.5901	280.0000
4824.6174	294.0000
4824.6448	273.0000
4824.6722	265.0000
4824.6996	353.0000
4824.7270	320.0000
4824.7544	271.0000
4824.7817	330.0000
4824.8091	393.0000
4824.8365	319.0000
4824.8639	238.0000
4824.8912	255.0000
4824.9186	297.0000
4824.9460	292.0000
4824.9733	276.0000
4825.0007	315.0000
4825.0281	348.0000
4825.0554	390.0000
4825.0828	352.0000
4825.1102	425.0000
4825.1375	405.0000
4825.1649	374.0000
4825.1923	320.0000
4825.2196	273.0000
4825.2471	319.0000
4825.2744	342.0000
4825.3018	398.0000
4825.3291	382.0000
4825.3565	370.0000
4825.3838	327.0000
4825.4112	250.0000
4825.4385	236.0000
4825.4659	328.0000
4825.4932	393.0000
4825.5206	452.0000
4825.5479	397.0000
4825.5753	301.0000
4825.6026	321.0000
4825.6299	359.0000
4825.6573	403.0000
4825.6846	388.0000
4825.7120	376.0000
4825.7393	370.0000
4825.7666	419.0000
4825.7940	388.0000
4825.8213	282.0000
4825.8486	271.0000
4825.8759	262.0000
4825.9033	276.0000
4825.9306	237.0000
4825.9579	232.0000
4825.9853	199.0000
4826.0126	237.0000
4826.0399	302.0000
4826.0672	328.0000
4826.0945	391.0000
4826.1219	289.0000
4826.1492	278.0000
4826.1765	280.0000
4826.2038	295.0000
4826.2311	207.0000
4826.2584	236.0000
4826.2857	259.0000
4826.3131	253.0000
4826.3405	321.0000
4826.3678	320.0000
4826.3951	259.0000
4826.4224	288.0000
4826.4497	225.0000
4826.4770	222.0000
4826.5043	268.0000
4826.5316	300.0000
4826.5589	273.0000
4826.5862	301.0000
4826.6135	272.0000
4826.6408	355.0000
4826.6681	317.0000
4826.6954	386.0000
4826.7226	368.0000
4826.7499	336.0000
4826.7772	330.0000
4826.8045	311.0000
4826.8318	295.0000
4826.8591	266.0000
4826.8864	293.0000
4826.9137	288.0000
4826.9409	292.0000
4826.9682	294.0000
4826.9955	245.0000
4827.0228	294.0000
4827.0501	259.0000
4827.0773	298.0000
4827.1046	241.0000
4827.1319	256.0000
4827.1591	271.0000
4827.1864	323.0000
4827.2137	298.0000
4827.2410	255.0000
4827.2682	291.0000
4827.2955	207.0000
4827.3228	211.0000
4827.3501	228.0000
4827.3774	171.0000
4827.4046	203.0000
4827.4319	241.0000
4827.4592	253.0000
4827.4864	269.0000
4827.5137	238.0000
4827.5409	234.0000
4827.5682	176.0000
4827.5954	177.0000
4827.6227	212.0000
4827.6499	260.0000
4827.6772	257.0000
4827.7044	301.0000
4827.7317	285.0000
4827.7589	236.0000
4827.7862	203.0000
4827.8134	266.0000
4827.8407	336.0000
4827.8679	346.0000
4827.8951	330.0000
4827.9224	347.0000
4827.9496	336.0000
4827.9768	291.0000
4828.0041	274.0000
4828.0313	356.0000
4828.0585	298.0000
4828.0858	291.0000
4828.1130	349.0000
4828.1402	320.0000
4828.1675	318.0000
4828.1947	341.0000
4828.2219	327.0000
4828.2491	324.0000
4828.2763	289.0000
4828.3036	308.0000
4828.3308	325.0000
4828.3580	314.0000
4828.3852	248.0000
4828.4125	209.0000
4828.4398	196.0000
4828.4670	217.0000
4828.4942	209.0000
4828.5214	168.0000
4828.5486	191.0000
4828.5758	165.0000
4828.6030	201.0000
4828.6302	224.0000
4828.6574	216.0000
4828.6846	248.0000
4828.7118	282.0000
4828.7390	240.0000
4828.7662	245.0000
4828.7934	198.0000
4828.8206	269.0000
4828.8478	256.0000
4828.8750	274.0000
4828.9022	309.0000
4828.9294	262.0000
4828.9566	293.0000
4828.9838	244.0000
4829.0110	235.0000
4829.0382	245.0000
4829.0654	324.0000
4829.0925	351.0000
4829.1197	289.0000
4829.1469	280.0000
4829.1741	305.0000
4829.2013	379.0000
4829.2284	369.0000
4829.2556	360.0000
4829.2828	298.0000
4829.3100	214.0000
4829.3371	251.0000
4829.3643	267.0000
4829.3915	186.0000
4829.4187	217.0000
4829.4458	221.0000
4829.4731	200.0000
4829.5003	200.0000
4829.5274	213.0000
4829.5546	212.0000
4829.5818	149.0000
4829.6089	175.0000
4829.6361	191.0000
4829.6632	182.0000
4829.6904	175.0000
4829.7176	168.0000
4829.7447	178.0000
4829.7719	181.0000
4829.7990	239.0000
4829.8262	260.0000
4829.8533	216.0000
4829.8805	221.0000
4829.9076	257.0000
4829.9348	269.0000
4829.9619	241.0000
4829.9891	345.0000
4830.0162	322.0000
4830.0433	337.0000
4830.0705	331.0000
4830.0976	323.0000
4830.1248	347.0000
4830.1519	351.0000
4830.1790	313.0000
4830.2062	273.0000
4830.2333	309.0000
4830.2604	339.0000
4830.2876	280.0000
4830.3147	232.0000
4830.3418	232.0000
4830.3690	206.0000
4830.3961	216.0000
4830.4232	229.0000
4830.4503	238.0000
4830.4775	226.0000
4830.5046	184.0000
4830.5318	236.0000
4830.5589	253.0000
4830.5860	248.0000
4830.6131	313.0000
4830.6403	254.0000
4830.6674	224.0000
4830.6945	188.0000
4830.7216	206.0000
4830.7487	182.0000
4830.7758	116.0000
4830.8029	157.0000
4830.8300	210.0000
4830.8571	145.0000
4830.8842	110.0000
4830.9114	163.0000
4830.9385	170.0000
4830.9656	195.0000
4830.9927	200.0000
4831.0197	281.0000
4831.0468	269.0000
4831.0739	331.0000
4831.1010	312.0000
4831.1281	317.0000
4831.1552	314.0000
4831.1823	296.0000
4831.2094	349.0000
4831.2365	253.0000
4831.2636	227.0000
4831.2907	222.0000
4831.3177	231.0000
4831.3448	167.0000
4831.3719	194.0000
4831.3990	188.0000
4831.4261	113.0000
4831.4532	135.0000
4831.4802	137.0000
4831.5073	131.0000
4831.5344	125.0000
4831.5616	99.0000
4831.5886	83.0000
4831.6157	108.0000
4831.6428	140.0000
4831.6698	126.0000
4831.6969	131.0000
4831.7240	124.0000
4831.7510	105.0000
4831.7781	150.0000
4831.8052	107.0000
4831.8322	94.0000
4831.8593	57.0000
4831.8863	87.0000
4831.9134	95.0000
4831.9405	104.0000
4831.9675	98.0000
4831.9946	131.0000
4832.0216	116.0000
4832.0487	124.0000
4832.0757	125.0000
4832.1028	58.0000
4832.1298	44.0000
4832.1569	62.0000
4832.1839	53.0000
4832.2109	94.0000
4832.2380	79.0000
4832.2650	111.0000
4832.2921	66.0000
4832.3191	77.0000
4832.3461	72.0000
4832.3732	112.0000
4832.4002	54.0000
4832.4273	109.0000
4832.4543	103.0000
4832.4813	92.0000
4832.5083	101.0000
4832.5354	123.0000
4832.5624	70.0000
4832.5894	62.0000
4832.6166	46.0000
4832.6436	91.0000
4832.6706	88.0000
4832.6976	112.0000
4832.7246	110.0000
4832.7517	105.0000
4832.7787	150.0000
4832.8057	192.0000
4832.8327	204.0000
4832.8597	168.0000
4832.8867	194.0000
4832.9138	209.0000
4832.9408	217.0000
4832.9678	153.0000
4832.9948	170.0000
4833.0218	138.0000
4833.0488	144.0000
4833.0758	152.0000
4833.1028	105.0000
4833.1298	87.0000
4833.1568	76.0000
4833.1838	83.0000
4833.2108	93.0000
4833.2378	86.0000
4833.2648	75.0000
4833.2918	114.0000
4833.3188	113.0000
4833.3458	113.0000
4833.3728	132.0000
4833.3998	143.0000
4833.4267	196.0000
4833.4537	225.0000
4833.4807	239.0000
4833.5077	179.0000
4833.5347	209.0000
4833.5617	165.0000
4833.5887	131.0000
4833.6156	101.0000
4833.6426	153.0000
4833.6697	174.0000
4833.6967	156.0000
4833.7236	163.0000
4833.7506	208.0000
4833.7776	288.0000
4833.8046	271.0000
4833.8315	293.0000
4833.8585	383.0000
4833.8855	483.0000
4833.9124	519.0000
4833.9394	456.0000
4833.9664	463.0000
4833.9933	365.0000
4834.0203	297.0000
4834.0472	245.0000
4834.0742	166.0000
4834.1012	156.0000
4834.1281	139.0000
4834.1551	126.0000
4834.1820	140.0000
4834.2090	102.0000
4834.2359	132.0000
4834.2629	146.0000
4834.2898	132.0000
4834.3168	109.0000
4834.3437	120.0000
4834.3707	103.0000
4834.3976	72.0000
4834.4245	118.0000
4834.4515	172.0000
4834.4784	163.0000
4834.5054	158.0000
4834.5323	128.0000
4834.5592	175.0000
4834.5862	172.0000
4834.6131	141.0000
4834.6400	156.0000
4834.6670	174.0000
4834.6939	154.0000
4834.7209	190.0000
4834.7479	131.0000
4834.7748	189.0000
4834.8017	255.0000
4834.8286	236.0000
4834.8556	271.0000
4834.8825	340.0000
4834.9094	319.0000
4834.9363	399.0000
4834.9632	396.0000
4834.9902	472.0000
4835.0171	500.0000
4835.0440	470.0000
4835.0709	391.0000
4835.0978	334.0000
4835.1247	253.0000
4835.1516	207.0000
4835.1785	147.0000
4835.2054	149.0000
4835.2324	156.0000
4835.2593	163.0000
4835.2862	150.0000
4835.3131	142.0000
4835.3400	138.0000
4835.3669	147.0000
4835.3938	166.0000
4835.4207	206.0000
4835.4476	201.0000
4835.4744	209.0000
4835.5013	230.0000
4835.5282	260.0000
4835.5551	244.0000
4835.5820	214.0000
4835.6089	203.0000
4835.6358	196.0000
4835.6627	186.0000
4835.6896	174.0000
4835.7164	203.0000
4835.7433	263.0000
4835.7702	266.0000
4835.7972	213.0000
4835.8241	189.0000
4835.8509	235.0000
4835.8778	292.0000
4835.9047	267.0000
4835.9316	222.0000
4835.9584	211.0000
4835.9853	176.0000
4836.0122	191.0000
4836.0390	189.0000
4836.0659	253.0000
4836.0928	258.0000
4836.1196	278.0000
4836.1465	276.0000
4836.1734	259.0000
4836.2002	278.0000
4836.2271	255.0000
4836.2539	256.0000
4836.2808	276.0000
4836.3077	287.0000
4836.3345	338.0000
4836.3614	326.0000
4836.3882	332.0000
4836.4151	345.0000
4836.4419	360.0000
4836.4688	348.0000
4836.4956	355.0000
4836.5225	330.0000
4836.5493	330.0000
4836.5761	285.0000
4836.6030	295.0000
4836.6298	270.0000
4836.6567	201.0000
4836.6835	220.0000
4836.7103	250.0000
4836.7372	232.0000
4836.7640	241.0000
4836.7908	275.0000
4836.8177	306.0000
4836.8446	262.0000
4836.8714	250.0000
4836.8983	237.0000
4836.9251	286.0000
4836.9519	308.0000
4836.9787	295.0000
4837.0056	284.0000
4837.0324	261.0000
4837.0592	287.0000
4837.0860	306.0000
4837.1129	297.0000
4837.1397	309.0000
4837.1665	315.0000
4837.1933	208.0000
4837.2201	176.0000
4837.2469	249.0000
4837.2737	287.0000
4837.3005	261.0000
4837.3274	320.0000
4837.3542	351.0000
4837.3810	380.0000
4837.4078	477.0000
4837.4346	546.0000
4837.4614	601.0000
4837.4882	592.0000
4837.5150	641.0000
4837.5418	652.0000
4837.5686	713.0000
4837.5954	762.0000
4837.6222	751.0000
4837.6490	769.0000
4837.6758	696.0000
4837.7025	676.0000
4837.7293	650.0000
4837.7561	555.0000
4837.7829	439.0000
4837.8097	362.0000
4837.8365	321.0000
4837.8633	248.0000
4837.8901	247.0000
4837.9169	254.0000
4837.9437	260.0000
4837.9705	315.0000
4837.9973	429.0000
4838.0240	474.0000
4838.0508	506.0000
4838.0776	562.0000
4838.1044	547.0000
4838.1311	582.0000
4838.1579	490.0000
4838.1847	408.0000
4838.2114	392.0000
4838.2382	339.0000
4838.2650	266.0000
4838.2917	239.0000
4838.3185	300.0000
4838.3453	272.0000
4838.3720	266.0000
4838.3988	270.0000
4838.4255	284.0000
4838.4523	315.0000
4838.4790	378.0000
4838.5058	356.0000
4838.5326	407.0000
4838.5593	441.0000
4838.5861	519.0000
4838.6128	659.0000
4838.6396	762.0000
4838.6663	750.0000
4838.6930	759.0000
4838.7198	785.0000
4838.7465	738.0000
4838.7733	689.0000
4838.8000	664.0000
4838.8267	550.0000
4838.8535	496.0000
4838.8802	535.0000
4838.9070	480.0000
4838.9338	375.0000
4838.9605	352.0000
4838.9873	282.0000
4839.0140	242.0000
4839.0407	232.0000
4839.0674	322.0000
4839.0942	350.0000
4839.1209	301.0000
4839.1476	327.0000
4839.1743	273.0000
4839.2011	267.0000
4839.2278	278.0000
4839.2545	291.0000
4839.2812	366.0000
4839.3079	335.0000
4839.3346	382.0000
4839.3614	474.0000
4839.3881	456.0000
4839.4148	418.0000
4839.4415	403.0000
4839.4682	340.0000
4839.4949	319.0000
4839.5216	274.0000
4839.5483	238.0000
4839.5750	277.0000
4839.6017	268.0000
4839.6284	185.0000
4839.6551	251.0000
4839.6818	279.0000
4839.7085	300.0000
4839.7352	394.0000
4839.7619	430.0000
4839.7886	445.0000
4839.8153	464.0000
4839.8420	446.0000
4839.8687	482.0000
4839.8954	440.0000
4839.9221	400.0000
4839.9487	296.0000
4839.9754	384.0000
4840.0022	400.0000
4840.0289	413.0000
4840.0556	429.0000
4840.0823	393.0000
4840.1089	351.0000
4840.1356	327.0000
4840.1623	320.0000
4840.1890	328.0000
4840.2156	292.0000
4840.2423	310.0000
4840.2690	303.0000
4840.2957	262.0000
4840.3223	322.0000
4840.3490	363.0000
4840.3757	347.0000
4840.4023	332.0000
4840.4290	370.0000
4840.4556	339.0000
4840.4823	298.0000
4840.5090	234.0000
4840.5356	232.0000
4840.5623	243.0000
4840.5889	284.0000
4840.6156	321.0000
4840.6423	254.0000
4840.6689	272.0000
4840.6956	288.0000
4840.7222	320.0000
4840.7489	292.0000
4840.7755	292.0000
4840.8021	215.0000
4840.8288	236.0000
4840.8554	234.0000
4840.8821	160.0000
4840.9087	219.0000
4840.9354	267.0000
4840.9620	276.0000
4840.9886	268.0000
4841.0153	287.0000
4841.0420	285.0000
4841.0686	327.0000
4841.0953	356.0000
4841.1219	342.0000
4841.1485	351.0000
4841.1752	399.0000
4841.2018	455.0000
4841.2284	357.0000
4841.2550	311.0000
4841.2817	415.0000
4841.3083	398.0000
4841.3349	327.0000
4841.3615	404.0000
4841.3881	381.0000
4841.4148	433.0000
4841.4414	503.0000
4841.4680	540.0000
4841.4946	513.0000
4841.5212	510.0000
4841.5478	521.0000
4841.5744	436.0000
4841.6010	459.0000
4841.6277	500.0000
4841.6543	454.0000
4841.6809	351.0000
4841.7075	328.0000
4841.7341	348.0000
4841.7607	321.0000
4841.7873	280.0000
4841.8139	199.0000
4841.8405	223.0000
4841.8671	238.0000
4841.8937	238.0000
4841.9203	227.0000
4841.9468	235.0000
4841.9734	231.0000
4842.0000	293.0000
4842.0266	272.0000
4842.0532	259.0000
4842.0798	214.0000
4842.1065	208.0000
4842.1331	230.0000
4842.1596	225.0000
4842.1862	195.0000
4842.2128	202.0000
4842.2394	223.0000
4842.2660	191.0000
4842.2925	241.0000
4842.3191	262.0000
4842.3457	269.0000
4842.3722	225.0000
4842.3988	228.0000
4842.4254	254.0000
4842.4520	304.0000
4842.4785	268.0000
4842.5051	272.0000
4842.5317	257.0000
4842.5582	251.0000
4842.5848	256.0000
4842.6113	263.0000
4842.6379	234.0000
4842.6645	247.0000
4842.6910	274.0000
4842.7176	275.0000
4842.7441	259.0000
4842.7707	244.0000
4842.7972	222.0000
4842.8238	194.0000
4842.8503	232.0000
4842.8769	181.0000
4842.9034	126.0000
4842.9300	165.0000
4842.9565	205.0000
4842.9831	170.0000
4843.0096	200.0000
4843.0361	194.0000
4843.0627	169.0000
4843.0892	170.0000
4843.1158	236.0000
4843.1424	283.0000
4843.1689	259.0000
4843.1955	239.0000
4843.2220	194.0000
4843.2485	212.0000
4843.2750	216.0000
4843.3016	178.0000
4843.3281	193.0000
4843.3546	233.0000
4843.3812	264.0000
4843.4077	163.0000
4843.4342	184.0000
4843.4607	204.0000
4843.4872	215.0000
4843.5138	202.0000
4843.5403	177.0000
4843.5668	192.0000
4843.5933	178.0000
4843.6198	184.0000
4843.6463	219.0000
4843.6728	217.0000
4843.6993	193.0000
4843.7259	191.0000
4843.7524	165.0000
4843.7789	180.0000
4843.8054	219.0000
4843.8319	248.0000
4843.8584	251.0000
4843.8849	216.0000
4843.9114	176.0000
4843.9379	197.0000
4843.9644	276.0000
4843.9909	284.0000
4844.0174	255.0000
4844.0439	311.0000
4844.0703	258.0000
4844.0968	234.0000
4844.1233	231.0000
4844.1498	199.0000
4844.1763	247.0000
4844.2029	254.0000
4844.2294	197.0000
4844.2558	194.0000
4844.2823	201.0000
4844.3088	214.0000
4844.3353	260.0000
4844.3618	196.0000
4844.3882	218.0000
4844.4147	224.0000
4844.4412	210.0000
4844.4677	176.0000
4844.4941	163.0000
4844.5206	196.0000
4844.5471	249.0000
4844.5735	250.0000
4844.6000	236.0000
4844.6265	178.0000
4844.6529	175.0000
4844.6794	226.0000
4844.7059	224.0000
4844.7323	289.0000
4844.7588	261.0000
4844.7852	223.0000
4844.8117	216.0000
4844.8381	217.0000
4844.8646	188.0000
4844.8910	184.0000
4844.9175	161.0000
4844.9440	171.0000
4844.9704	201.0000
4844.9968	177.0000
4845.0233	147.0000
4845.0497	141.0000
4845.0762	160.0000
4845.1026	203.0000
4845.1291	182.0000
4845.1555	168.0000
4845.1819	159.0000
4845.2084	171.0000
4845.2348	227.0000
4845.2613	283.0000
4845.2878	277.0000
4845.3142	270.0000
4845.3406	290.0000
4845.3671	341.0000
4845.3935	374.0000
4845.4199	339.0000
4845.4464	283.0000
4845.4728	246.0000
4845.4992	267.0000
4845.5256	235.0000
4845.5520	220.0000
4845.5785	224.0000
4845.6049	199.0000
4845.6313	172.0000
4845.6577	264.0000
4845.6841	188.0000
4845.7105	208.0000
4845.7370	231.0000
4845.7634	189.0000
4845.7898	202.0000
4845.8162	221.0000
4845.8426	204.0000
4845.8690	182.0000
4845.8954	182.0000
4845.9218	234.0000
4845.9482	219.0000
4845.9746	189.0000
4846.0010	172.0000
4846.0274	140.0000
4846.0538	147.0000
4846.0802	204.0000
4846.1066	201.0000
4846.1330	202.0000
4846.1594	202.0000
4846.1858	159.0000
4846.2122	156.0000
4846.2385	159.0000
4846.2649	151.0000
4846.2913	106.0000
4846.3178	140.0000
4846.3442	157.0000
4846.3706	175.0000
4846.3969	166.0000
4846.4233	132.0000
4846.4497	157.0000
4846.4761	156.0000
4846.5024	146.0000
4846.5288	159.0000
4846.5552	195.0000
4846.5816	225.0000
4846.6079	218.0000
4846.6343	236.0000
4846.6607	226.0000
4846.6870	243.0000
4846.7134	253.0000
4846.7398	255.0000
4846.7661	247.0000
4846.7925	258.0000
4846.8188	194.0000
4846.8452	225.0000
4846.8716	241.0000
4846.8979	221.0000
4846.9243	203.0000
4846.9506	190.0000
4846.9770	135.0000
4847.0033	207.0000
4847.0297	208.0000
4847.0560	171.0000
4847.0824	149.0000
4847.1087	159.0000
4847.1351	181.0000
4847.1614	155.0000
4847.1878	158.0000
4847.2141	214.0000
4847.2404	167.0000
4847.2668	150.0000
4847.2931	242.0000
4847.3194	212.0000
4847.3458	155.0000
4847.3722	110.0000
4847.3985	116.0000
4847.4249	108.0000
4847.4512	138.0000
4847.4775	156.0000
4847.5039	129.0000
4847.5302	156.0000
4847.5565	153.0000
4847.5828	145.0000
4847.6092	120.0000
4847.6355	172.0000
4847.6618	122.0000
4847.6881	92.0000
4847.7144	189.0000
4847.7407	148.0000
4847.7671	123.0000
4847.7934	140.0000
4847.8197	112.0000
4847.8460	161.0000
4847.8723	186.0000
4847.8986	148.0000
4847.9249	154.0000
4847.9512	142.0000
4847.9775	147.0000
4848.0038	172.0000
4848.0301	194.0000
4848.0564	175.0000
4848.0827	153.0000
4848.1090	113.0000
4848.1353	153.0000
4848.1616	152.0000
4848.1879	133.0000
4848.2142	122.0000
4848.2405	101.0000
4848.2668	117.0000
4848.2931	128.0000
4848.3194	128.0000
4848.3456	91.0000
4848.3719	154.0000
4848.3982	128.0000
4848.4246	117.0000
4848.4509	161.0000
4848.4772	143.0000
4848.5034	79.0000
4848.5297	112.0000
4848.5560	116.0000
4848.5823	124.0000
4848.6085	199.0000
4848.6348	143.0000
4848.6611	118.0000
4848.6873	122.0000
4848.7136	84.0000
4848.7399	141.0000
4848.7661	158.0000
4848.7924	134.0000
4848.8187	152.0000
4848.8449	129.0000
4848.8712	78.0000
4848.8975	125.0000
4848.9237	116.0000
4848.9500	105.0000
4848.9762	127.0000
4849.0025	130.0000
4849.0287	86.0000
4849.0550	104.0000
4849.0812	84.0000
4849.1075	98.0000
4849.1337	83.0000
4849.1600	121.0000
4849.1862	105.0000
4849.2125	121.0000
4849.2387	106.0000
4849.2650	95.0000
4849.2912	127.0000
4849.3174	133.0000
4849.3437	142.0000
4849.3699	161.0000
4849.3961	145.0000
4849.4224	82.0000
4849.4486	83.0000
4849.4749	99.0000
4849.5012	113.0000
4849.5274	85.0000
4849.5536	92.0000
4849.5799	82.0000
4849.6061	117.0000
4849.6323	61.0000
4849.6585	45.0000
4849.6847	55.0000
4849.7110	69.0000
4849.7372	30.0000
4849.7634	28.0000
4849.7896	47.0000
4849.8158	5.0000
