R_Cam.35
7110.8459	3747.0000
7110.8887	5680.0000
7110.9315	5971.0000
7110.9743	5987.0000
7111.0171	6122.0000
7111.0599	6288.0000
7111.1027	6303.0000
7111.1455	6332.0000
7111.1882	6263.0000
7111.2310	6143.0000
7111.2738	7681.0000
7111.3166	7395.0000
7111.3594	7146.0000
7111.4022	6970.0000
7111.4449	6965.0000
7111.4877	7055.0000
7111.5305	7042.0000
7111.5732	7378.0000
7111.6160	7619.0000
7111.6588	7655.0000
7111.7016	7683.0000
7111.7443	7641.0000
7111.7871	7614.0000
7111.8299	7568.0000
7111.8727	7621.0000
7111.9155	7528.0000
7111.9582	7642.0000
7112.0010	7708.0000
7112.0437	7743.0000
7112.0865	7848.0000
7112.1292	7936.0000
7112.1720	7927.0000
7112.2147	8155.0000
7112.2575	8125.0000
7112.3002	8182.0000
7112.3429	8134.0000
7112.3857	8078.0000
7112.4284	7895.0000
7112.4711	7797.0000
7112.5139	7630.0000
7112.5566	7681.0000
7112.5993	7867.0000
7112.6421	8234.0000
7112.6848	8462.0000
7112.7275	8699.0000
7112.7702	9080.0000
7112.8130	9195.0000
7112.8558	9386.0000
7112.8985	9402.0000
7112.9412	9365.0000
7112.9839	9129.0000
7113.0266	8808.0000
7113.0693	8328.0000
7113.1121	7977.0000
7113.1548	7727.0000
7113.1975	7644.0000
7113.2402	7611.0000
7113.2829	7489.0000
7113.3256	7565.0000
7113.3683	7608.0000
7113.4110	7555.0000
7113.4537	7541.0000
7113.4963	7498.0000
7113.5390	7601.0000
7113.5817	7639.0000
7113.6244	7847.0000
7113.6671	8161.0000
7113.7098	8439.0000
7113.7525	8751.0000
7113.7951	9005.0000
7113.8378	9113.0000
7113.8805	9302.0000
7113.9233	9336.0000
7113.9659	9365.0000
7114.0086	9421.0000
7114.0513	9360.0000
7114.0939	9345.0000
7114.1366	9153.0000
7114.1793	9023.0000
7114.2219	8869.0000
7114.2646	8578.0000
7114.3073	8311.0000
7114.3499	8039.0000
7114.3926	7797.0000
7114.4352	7671.0000
7114.4779	7635.0000
7114.5205	7674.0000
7114.5632	7618.0000
7114.6058	7487.0000
7114.6485	7454.0000
7114.6911	7366.0000
7114.7337	7422.0000
7114.7764	7596.0000
7114.8190	7853.0000
7114.8617	8069.0000
7114.9043	8106.0000
7114.9469	8138.0000
7114.9896	8053.0000
7115.0323	8111.0000
7115.0749	8063.0000
7115.1175	8204.0000
7115.1601	8337.0000
7115.2028	8476.0000
7115.2454	8502.0000
7115.2880	8428.0000
7115.3306	8446.0000
7115.3732	8398.0000
7115.4158	8286.0000
7115.4585	8387.0000
7115.5011	8410.0000
7115.5437	8307.0000
7115.5863	8182.0000
7115.6289	7965.0000
7115.6715	7783.0000
7115.7141	7637.0000
7115.7567	7599.0000
7115.7993	7649.0000
7115.8419	7497.0000
7115.8845	7456.0000
7115.9271	7532.0000
7115.9696	7724.0000
7116.0123	7965.0000
7116.0549	8167.0000
7116.0975	8501.0000
7116.1401	8719.0000
7116.1827	9108.0000
7116.2252	9678.0000
7116.2678	10323.0000
7116.3104	10910.0000
7116.3530	11305.0000
7116.3955	11435.0000
7116.4381	11552.0000
7116.4807	11567.0000
7116.5232	11631.0000
7116.5658	11465.0000
7116.6084	11472.0000
7116.6509	11423.0000
7116.6935	11205.0000
7116.7360	11084.0000
7116.7786	10802.0000
7116.8211	10352.0000
7116.8637	9761.0000
7116.9062	9104.0000
7116.9488	8536.0000
7116.9913	8043.0000
7117.0339	7775.0000
7117.0765	7671.0000
7117.1191	7645.0000
7117.1616	7634.0000
7117.2041	7783.0000
7117.2467	8047.0000
7117.2892	8170.0000
7117.3317	8419.0000
7117.3743	8944.0000
7117.4168	9533.0000
7117.4593	10262.0000
7117.5019	10865.0000
7117.5444	11340.0000
7117.5869	11653.0000
7117.6294	11975.0000
7117.6719	12255.0000
7117.7145	12269.0000
7117.7570	12312.0000
7117.7995	12424.0000
7117.8420	12218.0000
7117.8845	11989.0000
7117.9270	11757.0000
7117.9695	11445.0000
7118.0120	11133.0000
7118.0545	10611.0000
7118.0970	10059.0000
7118.1396	9556.0000
7118.1821	9011.0000
7118.2246	8638.0000
7118.2671	8252.0000
7118.3096	7978.0000
7118.3521	8044.0000
7118.3946	8148.0000
7118.4371	8397.0000
7118.4795	8771.0000
7118.5220	9098.0000
7118.5645	9377.0000
7118.6070	9813.0000
7118.6495	10186.0000
7118.6919	10636.0000
7118.7344	10773.0000
7118.7769	10736.0000
7118.8193	10572.0000
7118.8618	10360.0000
7118.9043	10197.0000
7118.9467	10212.0000
7118.9892	10485.0000
7119.0317	10873.0000
7119.0741	11235.0000
7119.1166	11525.0000
7119.1590	11635.0000
7119.2016	11624.0000
7119.2440	11579.0000
7119.2865	11429.0000
7119.3289	11144.0000
7119.3714	10920.0000
7119.4138	10811.0000
7119.4563	10496.0000
7119.4987	10163.0000
7119.5412	9861.0000
7119.5836	9632.0000
7119.6260	9566.0000
7119.6685	9717.0000
7119.7109	9814.0000
7119.7533	9871.0000
7119.7958	9948.0000
7119.8382	10002.0000
7119.8806	10343.0000
7119.9230	10812.0000
7119.9655	11035.0000
7120.0079	11388.0000
7120.0503	11445.0000
7120.0927	11703.0000
7120.1351	11829.0000
7120.1775	11927.0000
7120.2199	11697.0000
7120.2625	11697.0000
7120.3049	12039.0000
7120.3473	12141.0000
7120.3897	12061.0000
7120.4321	12233.0000
7120.4745	12340.0000
7120.5169	12812.0000
7120.5593	13025.0000
7120.6017	13083.0000
7120.6441	12910.0000
7120.6864	12520.0000
7120.7288	11860.0000
7120.7712	10974.0000
7120.8136	10232.0000
7120.8560	9699.0000
7120.8984	9321.0000
7120.9408	9187.0000
7120.9831	9290.0000
7121.0255	9473.0000
7121.0679	9643.0000
7121.1103	9692.0000
7121.1526	9535.0000
7121.1950	9440.0000
7121.2374	9393.0000
7121.2798	9458.0000
7121.3222	9511.0000
7121.3646	10009.0000
7121.4069	10464.0000
7121.4493	11064.0000
7121.4916	11815.0000
7121.5340	12421.0000
7121.5764	12989.0000
7121.6187	13467.0000
7121.6611	13724.0000
7121.7034	13920.0000
7121.7458	13855.0000
7121.7881	13876.0000
7121.8304	13572.0000
7121.8728	13347.0000
7121.9151	13271.0000
7121.9575	13186.0000
7121.9998	12839.0000
7122.0421	12414.0000
7122.0845	11998.0000
7122.1268	11485.0000
7122.1691	10996.0000
7122.2114	10506.0000
7122.2538	10118.0000
7122.2961	9806.0000
7122.3385	9718.0000
7122.3808	9791.0000
7122.4232	10085.0000
7122.4655	10449.0000
7122.5078	10947.0000
7122.5501	11150.0000
7122.5924	11068.0000
7122.6347	10980.0000
7122.6770	10739.0000
7122.7193	10581.0000
7122.7616	10452.0000
7122.8039	10385.0000
7122.8462	10462.0000
7122.8885	10698.0000
7122.9308	11118.0000
7122.9731	11749.0000
7123.0154	12815.0000
7123.0577	13833.0000
7123.1000	14874.0000
7123.1423	15668.0000
7123.1846	16113.0000
7123.2269	15892.0000
7123.2692	15108.0000
7123.3114	13963.0000
7123.3537	12567.0000
7123.3961	11294.0000
7123.4384	10519.0000
7123.4806	10026.0000
7123.5229	9986.0000
7123.5652	10327.0000
7123.6074	10731.0000
7123.6497	10913.0000
7123.6920	11052.0000
7123.7342	11115.0000
7123.7765	11008.0000
7123.8188	10982.0000
7123.8610	11271.0000
7123.9033	11529.0000
7123.9455	11973.0000
7123.9878	12243.0000
7124.0300	12332.0000
7124.0723	12467.0000
7124.1145	12326.0000
7124.1568	12192.0000
7124.1990	12139.0000
7124.2413	12121.0000
7124.2835	12158.0000
7124.3257	12082.0000
7124.3680	12218.0000
7124.4102	12436.0000
7124.4525	12738.0000
7124.4948	13136.0000
7124.5370	13040.0000
7124.5792	13065.0000
7124.6215	12972.0000
7124.6637	12524.0000
7124.7059	12095.0000
7124.7481	11524.0000
7124.7903	10885.0000
7124.8326	10381.0000
7124.8748	9848.0000
7124.9170	9362.0000
7124.9592	9136.0000
7125.0014	9022.0000
7125.0436	8964.0000
7125.0858	8808.0000
7125.1280	8377.0000
7125.1702	8114.0000
7125.2124	7898.0000
7125.2546	7751.0000
7125.2968	7478.0000
7125.3390	7316.0000
7125.3812	7200.0000
7125.4234	6976.0000
7125.4656	6793.0000
7125.5079	6676.0000
7125.5501	6510.0000
7125.5923	6535.0000
7125.6344	6471.0000
7125.6766	6392.0000
7125.7188	6366.0000
7125.7610	6236.0000
7125.8031	6250.0000
7125.8453	6238.0000
7125.8875	6248.0000
7125.9297	6348.0000
7125.9718	6417.0000
7126.0140	6421.0000
7126.0562	6524.0000
7126.0983	6585.0000
7126.1405	6490.0000
7126.1826	6491.0000
7126.2248	6554.0000
7126.2670	6481.0000
7126.3091	6538.0000
7126.3513	6724.0000
7126.3934	6751.0000
7126.4356	6724.0000
7126.4777	6728.0000
7126.5199	6773.0000
7126.5621	6792.0000
7126.6042	6700.0000
7126.6464	6790.0000
7126.6885	6853.0000
7126.7307	6954.0000
7126.7728	6914.0000
7126.8149	7021.0000
7126.8571	7104.0000
7126.8992	7156.0000
7126.9413	7139.0000
7126.9834	7136.0000
7127.0256	7179.0000
7127.0677	7236.0000
7127.1098	7255.0000
7127.1519	7293.0000
7127.1940	7290.0000
7127.2362	7350.0000
7127.2783	7415.0000
7127.3204	7516.0000
7127.3625	7672.0000
7127.4046	7661.0000
7127.4467	7506.0000
7127.4888	7501.0000
7127.5309	7495.0000
7127.5730	7483.0000
7127.6152	7509.0000
7127.6573	7494.0000
7127.6994	7579.0000
7127.7415	7705.0000
7127.7836	7861.0000
7127.8257	7763.0000
7127.8678	7703.0000
7127.9099	7731.0000
7127.9519	7660.0000
7127.9940	7663.0000
7128.0361	7780.0000
7128.0782	7921.0000
7128.1203	8168.0000
7128.1623	8192.0000
7128.2044	8155.0000
7128.2465	8043.0000
7128.2886	8059.0000
7128.3306	8045.0000
7128.3727	8121.0000
7128.4148	8333.0000
7128.4568	8337.0000
7128.4989	8290.0000
7128.5409	8189.0000
7128.5830	8169.0000
7128.6251	8199.0000
7128.6672	8210.0000
7128.7093	8160.0000
7128.7513	8206.0000
7128.7934	8189.0000
7128.8354	8212.0000
7128.8775	8226.0000
7128.9195	8113.0000
7128.9615	8193.0000
7129.0036	8174.0000
7129.0456	8215.0000
7129.0877	8176.0000
7129.1297	8114.0000
7129.1717	8155.0000
7129.2137	8339.0000
7129.2558	8497.0000
7129.2978	8782.0000
7129.3398	8815.0000
7129.3819	8840.0000
7129.4239	8907.0000
7129.4659	8888.0000
7129.5079	8862.0000
7129.5499	8735.0000
7129.5919	8542.0000
7129.6340	8453.0000
7129.6760	8532.0000
7129.7181	8607.0000
7129.7601	8587.0000
7129.8021	8577.0000
7129.8441	8784.0000
7129.8861	9001.0000
7129.9281	9193.0000
7129.9701	9251.0000
7130.0121	9179.0000
7130.0541	9123.0000
7130.0961	9123.0000
7130.1381	9328.0000
7130.1801	9616.0000
7130.2221	9810.0000
7130.2640	10025.0000
7130.3060	10198.0000
7130.3480	10146.0000
7130.3900	10067.0000
7130.4320	9922.0000
7130.4740	9717.0000
7130.5159	9664.0000
7130.5579	9507.0000
7130.5999	9298.0000
7130.6418	9108.0000
7130.6838	9099.0000
7130.7258	9026.0000
7130.7678	8999.0000
7130.8098	8969.0000
7130.8518	8749.0000
7130.8937	8614.0000
7130.9357	8467.0000
7130.9776	8385.0000
7131.0196	8292.0000
7131.0615	8150.0000
7131.1035	8100.0000
7131.1454	8116.0000
7131.1874	8070.0000
7131.2293	7928.0000
7131.2713	7901.0000
7131.3132	7924.0000
7131.3552	7884.0000
7131.3971	7802.0000
7131.4390	7718.0000
7131.4810	7777.0000
7131.5229	7837.0000
7131.5648	7868.0000
7131.6068	7938.0000
7131.6487	7953.0000
7131.6906	7915.0000
7131.7325	7878.0000
7131.7745	7824.0000
7131.8165	7941.0000
7131.8584	8096.0000
7131.9003	8069.0000
7131.9422	8016.0000
7131.9842	8021.0000
7132.0261	8027.0000
7132.0680	8053.0000
7132.1099	8035.0000
7132.1518	7988.0000
7132.1937	7955.0000
7132.2356	7992.0000
7132.2775	8071.0000
7132.3194	8071.0000
7132.3613	8074.0000
7132.4032	7975.0000
7132.4451	8014.0000
7132.4870	7997.0000
7132.5289	8230.0000
7132.5707	8350.0000
7132.6126	8447.0000
7132.6545	8362.0000
7132.6964	8307.0000
7132.7383	8270.0000
7132.7802	8287.0000
7132.8220	8336.0000
7132.8640	8416.0000
7132.9059	8317.0000
7132.9478	8335.0000
7132.9896	8151.0000
7133.0315	7982.0000
7133.0734	8136.0000
7133.1152	8288.0000
7133.1571	8308.0000
7133.1990	8500.0000
7133.2408	8541.0000
7133.2827	8461.0000
7133.3245	8336.0000
7133.3664	8310.0000
7133.4082	8240.0000
7133.4501	8321.0000
7133.4919	8335.0000
7133.5338	8400.0000
7133.5756	8349.0000
7133.6175	8350.0000
7133.6593	8221.0000
7133.7012	8105.0000
7133.7430	8081.0000
7133.7848	8265.0000
7133.8267	8548.0000
7133.8685	8746.0000
7133.9104	8765.0000
7133.9523	8741.0000
7133.9941	8767.0000
7134.0359	8695.0000
7134.0777	8555.0000
7134.1196	8359.0000
7134.1614	8336.0000
7134.2032	8444.0000
7134.2450	8508.0000
7134.2868	8521.0000
7134.3286	8491.0000
7134.3704	8769.0000
7134.4123	8692.0000
7134.4541	8674.0000
7134.4959	8660.0000
7134.5377	8636.0000
7134.5795	8679.0000
7134.6213	8646.0000
7134.6631	8607.0000
7134.7049	8619.0000
7134.7467	8799.0000
7134.7885	8893.0000
7134.8303	9100.0000
7134.8720	9249.0000
7134.9138	9053.0000
7134.9556	8889.0000
7134.9975	8671.0000
7135.0393	8535.0000
7135.0811	8453.0000
7135.1228	8464.0000
7135.1646	8478.0000
7135.2064	8573.0000
7135.2482	8434.0000
7135.2899	8532.0000
7135.3317	8529.0000
7135.3735	8530.0000
7135.4152	8554.0000
7135.4570	8634.0000
7135.4988	8742.0000
7135.5405	8694.0000
7135.5823	8595.0000
7135.6241	8535.0000
7135.6658	8502.0000
7135.7076	8551.0000
7135.7493	8733.0000
7135.7911	8870.0000
7135.8328	8908.0000
7135.8746	9025.0000
7135.9163	9003.0000
7135.9580	9016.0000
7135.9998	9028.0000
7136.0416	9096.0000
7136.0834	9130.0000
7136.1251	9090.0000
7136.1668	9048.0000
7136.2086	9180.0000
7136.2503	9098.0000
7136.2920	9004.0000
7136.3338	8914.0000
7136.3755	8964.0000
7136.4172	8703.0000
7136.4589	8579.0000
7136.5006	8676.0000
7136.5424	8616.0000
7136.5841	8656.0000
7136.6258	8672.0000
7136.6675	8700.0000
7136.7092	8793.0000
7136.7509	9035.0000
7136.7926	9002.0000
7136.8343	8989.0000
7136.8760	9111.0000
7136.9178	9164.0000
7136.9595	9126.0000
7137.0011	9243.0000
7137.0428	9349.0000
7137.0846	9498.0000
7137.1263	9536.0000
7137.1680	9361.0000
7137.2097	9100.0000
7137.2514	8965.0000
7137.2931	8955.0000
7137.3348	8986.0000
7137.3765	9143.0000
7137.4181	9475.0000
7137.4598	9635.0000
7137.5015	9611.0000
7137.5432	9600.0000
7137.5848	9419.0000
7137.6265	9265.0000
7137.6682	9459.0000
7137.7098	9540.0000
7137.7515	9529.0000
7137.7932	9341.0000
7137.8348	9230.0000
7137.8765	9146.0000
7137.9182	8999.0000
7137.9598	9009.0000
7138.0015	8961.0000
7138.0431	8768.0000
7138.0848	8612.0000
7138.1265	8450.0000
7138.1682	8526.0000
7138.2098	8827.0000
7138.2515	9052.0000
7138.2931	9098.0000
7138.3348	9193.0000
7138.3764	9139.0000
7138.4180	8977.0000
7138.4597	8878.0000
7138.5013	8846.0000
7138.5429	8988.0000
7138.5846	9217.0000
7138.6262	9271.0000
7138.6678	9263.0000
7138.7094	9188.0000
7138.7511	9070.0000
7138.7927	9012.0000
7138.8343	8983.0000
7138.8759	9095.0000
7138.9175	9088.0000
7138.9592	9022.0000
7139.0008	8968.0000
7139.0424	9024.0000
7139.0840	8985.0000
7139.1256	8940.0000
7139.1672	9094.0000
7139.2089	9346.0000
7139.2505	9675.0000
7139.2921	9919.0000
7139.3337	10166.0000
7139.3753	10223.0000
7139.4169	10335.0000
7139.4585	10354.0000
7139.5001	10326.0000
7139.5417	10466.0000
7139.5833	10440.0000
7139.6248	10434.0000
7139.6664	10239.0000
7139.7080	10033.0000
7139.7496	9704.0000
7139.7912	9473.0000
7139.8327	9244.0000
7139.8743	9255.0000
7139.9159	9377.0000
7139.9575	9407.0000
7139.9990	9527.0000
7140.0406	9464.0000
7140.0822	9404.0000
7140.1237	9418.0000
7140.1653	9538.0000
7140.2069	9595.0000
7140.2485	9658.0000
7140.2901	9673.0000
7140.3316	9767.0000
7140.3732	9824.0000
7140.4147	9736.0000
7140.4563	9705.0000
7140.4978	9599.0000
7140.5394	9490.0000
7140.5809	9420.0000
7140.6225	9572.0000
7140.6640	9708.0000
7140.7055	9722.0000
7140.7471	9631.0000
7140.7886	9464.0000
7140.8302	9287.0000
7140.8717	9205.0000
7140.9132	9268.0000
7140.9547	9393.0000
7140.9963	9739.0000
7141.0378	9741.0000
7141.0793	9844.0000
7141.1208	9858.0000
7141.1624	9679.0000
7141.2039	9634.0000
7141.2454	9732.0000
7141.2870	9855.0000
7141.3285	10181.0000
7141.3700	10411.0000
7141.4115	10452.0000
7141.4530	10362.0000
7141.4945	10245.0000
7141.5360	10055.0000
7141.5776	10004.0000
7141.6190	10190.0000
7141.6605	10382.0000
7141.7020	10545.0000
7141.7435	10504.0000
7141.7850	10098.0000
7141.8265	9836.0000
7141.8680	9628.0000
7141.9095	9595.0000
7141.9510	9527.0000
7141.9925	9467.0000
7142.0339	9594.0000
7142.0754	9775.0000
7142.1169	9903.0000
7142.1584	9858.0000
7142.1999	9897.0000
7142.2413	9825.0000
7142.2828	9899.0000
7142.3243	9962.0000
7142.3658	10164.0000
7142.4073	10366.0000
7142.4488	10453.0000
7142.4902	10580.0000
7142.5317	10638.0000
7142.5731	10449.0000
7142.6146	10305.0000
7142.6561	10176.0000
7142.6975	9951.0000
7142.7390	9685.0000
7142.7804	9515.0000
7142.8219	9665.0000
7142.8633	9880.0000
7142.9047	10148.0000
7142.9462	10356.0000
7142.9876	10467.0000
7143.0291	10514.0000
7143.0705	10576.0000
7143.1119	10881.0000
7143.1534	11202.0000
7143.1948	11245.0000
7143.2362	11414.0000
7143.2777	11183.0000
7143.3191	10912.0000
7143.3605	10699.0000
7143.4020	10428.0000
7143.4435	10178.0000
7143.4849	9918.0000
7143.5263	9668.0000
7143.5677	9341.0000
7143.6091	9039.0000
7143.6505	8761.0000
7143.6919	8851.0000
7143.7334	9117.0000
7143.7748	9348.0000
7143.8162	9548.0000
7143.8576	9710.0000
7143.8990	9923.0000
7143.9404	10294.0000
7143.9818	10489.0000
7144.0232	10842.0000
7144.0646	10957.0000
7144.1059	11258.0000
7144.1473	11332.0000
7144.1887	11436.0000
7144.2301	11347.0000
7144.2715	11278.0000
7144.3129	10958.0000
7144.3543	10690.0000
7144.3956	10553.0000
7144.4371	10296.0000
7144.4785	10243.0000
7144.5199	10391.0000
7144.5612	10457.0000
7144.6026	10574.0000
7144.6440	10582.0000
7144.6853	10596.0000
7144.7267	10357.0000
7144.7681	10490.0000
7144.8094	10547.0000
7144.8508	10650.0000
7144.8922	10830.0000
7144.9335	10858.0000
7144.9749	10996.0000
7145.0162	11035.0000
7145.0576	10981.0000
7145.0989	10641.0000
7145.1403	10389.0000
7145.1816	10183.0000
7145.2230	9828.0000
7145.2643	9601.0000
7145.3056	9548.0000
7145.3470	9533.0000
7145.3883	9526.0000
7145.4296	9563.0000
7145.4710	9649.0000
7145.5124	9613.0000
7145.5537	9866.0000
7145.5951	10106.0000
7145.6364	10258.0000
7145.6777	10437.0000
7145.7190	10487.0000
7145.7604	10550.0000
7145.8017	10601.0000
7145.8430	10501.0000
7145.8843	10798.0000
7145.9256	10767.0000
7145.9669	10655.0000
7146.0082	10723.0000
7146.0495	10650.0000
7146.0909	10426.0000
7146.1322	10279.0000
7146.1735	10028.0000
7146.2148	9920.0000
7146.2561	9946.0000
7146.2974	10051.0000
7146.3387	10259.0000
7146.3799	10286.0000
7146.4212	10253.0000
7146.4625	10513.0000
7146.5038	10823.0000
7146.5452	11069.0000
7146.5865	11462.0000
7146.6278	11771.0000
7146.6690	11941.0000
7146.7103	11986.0000
7146.7516	12018.0000
7146.7929	12055.0000
7146.8342	11905.0000
7146.8754	11729.0000
7146.9167	11345.0000
7146.9580	11026.0000
7146.9992	10587.0000
7147.0405	10406.0000
7147.0818	10296.0000
7147.1230	10318.0000
7147.1643	10263.0000
7147.2055	10283.0000
7147.2468	10382.0000
7147.2880	10411.0000
7147.3293	10164.0000
7147.3705	10085.0000
7147.4118	10235.0000
7147.4530	10433.0000
7147.4943	10882.0000
7147.5355	11465.0000
7147.5768	11886.0000
7147.6181	12403.0000
7147.6593	12553.0000
7147.7006	12807.0000
7147.7418	12934.0000
7147.7830	12904.0000
7147.8243	12958.0000
7147.8655	12829.0000
7147.9067	12429.0000
7147.9480	12195.0000
7147.9892	11653.0000
7148.0304	11218.0000
7148.0716	10865.0000
7148.1128	10521.0000
7148.1541	10403.0000
7148.1953	10230.0000
7148.2365	10086.0000
7148.2777	10006.0000
7148.3189	10051.0000
7148.3601	10256.0000
7148.4013	10488.0000
7148.4425	10528.0000
7148.4837	10728.0000
7148.5249	10998.0000
7148.5661	11118.0000
7148.6073	11288.0000
7148.6486	11505.0000
7148.6898	11809.0000
7148.7310	11772.0000
7148.7722	11744.0000
7148.8134	11630.0000
7148.8546	11369.0000
7148.8957	10934.0000
7148.9369	10618.0000
7148.9781	10415.0000
7149.0193	10298.0000
7149.0605	10268.0000
7149.1016	10304.0000
7149.1428	10293.0000
7149.1840	10337.0000
7149.2251	10235.0000
7149.2663	10231.0000
7149.3075	10459.0000
7149.3486	10557.0000
7149.3898	10658.0000
7149.4310	10894.0000
7149.4721	11125.0000
7149.5133	11314.0000
7149.5544	11536.0000
7149.5956	11448.0000
7149.6367	11517.0000
7149.6779	11433.0000
7149.7191	11620.0000
7149.7603	11658.0000
7149.8014	11752.0000
7149.8426	11651.0000
7149.8837	11431.0000
7149.9248	11156.0000
7149.9660	11019.0000
7150.0071	10877.0000
7150.0483	10971.0000
7150.0894	11192.0000
7150.1305	11423.0000
7150.1716	11691.0000
7150.2128	11708.0000
7150.2539	11597.0000
7150.2950	11428.0000
7150.3361	11330.0000
7150.3773	11278.0000
7150.4184	11332.0000
7150.4595	11342.0000
7150.5006	11409.0000
7150.5417	11274.0000
7150.5828	11273.0000
7150.6239	11116.0000
7150.6650	10951.0000
7150.7061	10773.0000
7150.7472	10587.0000
7150.7884	10330.0000
7150.8295	10091.0000
7150.8706	10069.0000
7150.9117	10017.0000
7150.9528	10050.0000
7150.9939	10081.0000
7151.0350	10109.0000
7151.0761	10240.0000
7151.1172	10654.0000
7151.1583	10939.0000
7151.1994	11311.0000
7151.2404	11465.0000
7151.2815	11631.0000
7151.3226	11798.0000
7151.3637	12042.0000
7151.4047	12318.0000
7151.4458	12881.0000
7151.4869	13219.0000
7151.5280	13395.0000
7151.5690	13590.0000
7151.6101	13491.0000
7151.6512	13346.0000
7151.6922	12842.0000
7151.7333	12194.0000
7151.7743	11580.0000
7151.8155	11212.0000
7151.8565	11091.0000
7151.8976	10971.0000
7151.9386	10846.0000
7151.9797	10545.0000
7152.0207	10477.0000
7152.0618	10595.0000
7152.1028	10570.0000
7152.1439	10885.0000
7152.1849	11188.0000
7152.2259	11451.0000
7152.2670	11780.0000
7152.3080	11958.0000
7152.3491	12070.0000
7152.3901	11988.0000
7152.4311	12079.0000
7152.4721	12409.0000
7152.5132	12610.0000
7152.5542	12735.0000
7152.5952	12700.0000
7152.6362	12673.0000
7152.6772	12613.0000
7152.7183	12363.0000
7152.7593	12023.0000
7152.8003	11669.0000
7152.8413	11311.0000
7152.8824	11037.0000
7152.9234	10847.0000
7152.9644	10693.0000
7153.0054	10444.0000
7153.0464	10238.0000
7153.0874	10003.0000
7153.1284	9967.0000
7153.1694	10076.0000
7153.2104	10257.0000
7153.2514	10733.0000
7153.2924	11135.0000
7153.3334	11705.0000
7153.3744	12086.0000
7153.4154	12250.0000
7153.4564	12486.0000
7153.4973	13029.0000
7153.5383	13483.0000
7153.5793	13884.0000
7153.6203	14094.0000
7153.6612	14125.0000
7153.7022	14177.0000
7153.7432	14120.0000
7153.7842	14030.0000
7153.8251	13868.0000
7153.8661	13779.0000
7153.9071	13627.0000
7153.9481	13629.0000
7153.9891	13845.0000
7154.0300	13933.0000
7154.0710	13884.0000
7154.1120	13540.0000
7154.1529	13316.0000
7154.1939	12728.0000
7154.2348	12140.0000
7154.2758	11648.0000
7154.3167	11189.0000
7154.3576	10956.0000
7154.3986	11087.0000
7154.4395	11576.0000
7154.4805	11988.0000
7154.5214	12235.0000
7154.5623	12343.0000
7154.6033	12484.0000
7154.6442	12691.0000
7154.6851	12914.0000
7154.7261	12788.0000
7154.7670	12839.0000
7154.8079	12872.0000
7154.8488	13095.0000
7154.8898	13434.0000
7154.9307	13732.0000
7154.9717	14035.0000
7155.0126	14114.0000
7155.0535	13973.0000
7155.0944	13629.0000
7155.1354	13571.0000
7155.1763	13386.0000
7155.2172	13380.0000
7155.2581	13390.0000
7155.2990	13165.0000
7155.3399	12924.0000
7155.3808	12450.0000
7155.4217	11971.0000
7155.4626	11464.0000
7155.5035	11076.0000
7155.5444	10873.0000
7155.5852	10915.0000
7155.6261	10911.0000
7155.6670	10914.0000
7155.7079	11218.0000
7155.7488	11556.0000
7155.7897	12074.0000
7155.8305	12405.0000
7155.8714	12781.0000
7155.9123	13116.0000
7155.9532	13618.0000
7155.9941	14237.0000
7156.0350	14822.0000
7156.0759	15082.0000
7156.1168	15491.0000
7156.1576	15789.0000
7156.1985	16046.0000
7156.2393	16206.0000
7156.2802	16365.0000
7156.3211	16189.0000
7156.3619	15617.0000
7156.4028	14896.0000
7156.4436	14040.0000
7156.4845	13256.0000
7156.5253	12571.0000
7156.5662	11959.0000
7156.6070	11375.0000
7156.6479	10822.0000
7156.6887	10432.0000
7156.7295	10292.0000
7156.7704	10147.0000
7156.8112	10046.0000
7156.8521	10013.0000
7156.8929	10058.0000
7156.9337	10423.0000
7156.9745	10531.0000
7157.0154	10700.0000
7157.0562	11031.0000
7157.0971	11450.0000
7157.1379	12061.0000
7157.1788	12647.0000
7157.2196	13295.0000
7157.2604	13891.0000
7157.3012	14402.0000
7157.3420	14938.0000
7157.3828	15340.0000
7157.4237	15717.0000
7157.4645	16039.0000
7157.5053	16414.0000
7157.5461	16473.0000
7157.5869	16269.0000
7157.6277	15565.0000
7157.6685	14896.0000
7157.7093	14108.0000
7157.7501	13243.0000
7157.7909	12664.0000
7157.8316	12103.0000
7157.8724	11819.0000
7157.9132	11770.0000
7157.9540	11812.0000
7157.9948	11666.0000
7158.0356	11519.0000
7158.0764	11258.0000
7158.1171	11162.0000
7158.1580	11019.0000
7158.1988	11018.0000
7158.2396	11080.0000
7158.2803	11340.0000
7158.3211	11621.0000
7158.3619	11790.0000
7158.4026	11948.0000
7158.4434	12188.0000
7158.4842	12458.0000
7158.5249	12631.0000
7158.5657	12652.0000
7158.6064	12485.0000
7158.6472	12327.0000
7158.6879	12028.0000
7158.7287	11604.0000
7158.7694	11351.0000
7158.8102	11034.0000
7158.8509	10819.0000
7158.8917	10693.0000
7158.9324	10459.0000
7158.9732	10394.0000
7159.0139	10178.0000
7159.0546	10122.0000
7159.0954	10151.0000
7159.1361	10239.0000
7159.1769	10448.0000
7159.2177	10659.0000
7159.2584	10651.0000
7159.2991	10411.0000
7159.3399	10096.0000
7159.3806	9904.0000
7159.4213	9881.0000
7159.4620	9894.0000
7159.5027	10260.0000
7159.5435	10600.0000
7159.5842	10958.0000
7159.6249	11269.0000
7159.6656	11252.0000
7159.7063	11385.0000
7159.7470	11231.0000
7159.7877	11173.0000
7159.8284	11352.0000
7159.8691	11342.0000
7159.9098	11223.0000
7159.9505	11250.0000
7159.9912	11338.0000
7160.0319	11535.0000
7160.0726	11725.0000
7160.1133	11981.0000
7160.1540	12077.0000
7160.1947	11958.0000
7160.2354	11785.0000
7160.2761	11589.0000
7160.3168	11426.0000
7160.3575	11517.0000
7160.3982	11621.0000
7160.4388	11680.0000
7160.4795	11718.0000
7160.5202	11714.0000
7160.5609	11711.0000
7160.6015	11728.0000
7160.6422	11790.0000
7160.6829	11701.0000
7160.7235	11745.0000
7160.7642	11462.0000
7160.8048	11072.0000
7160.8455	11080.0000
7160.8862	11092.0000
7160.9268	11381.0000
7160.9675	11782.0000
7161.0081	11955.0000
7161.0488	12046.0000
7161.0894	12043.0000
7161.1301	12012.0000
7161.1707	11842.0000
7161.2113	11824.0000
7161.2520	12050.0000
7161.2927	12270.0000
7161.3334	12348.0000
7161.3740	12507.0000
7161.4146	12313.0000
7161.4553	12372.0000
7161.4959	12074.0000
7161.5365	11901.0000
7161.5771	11576.0000
7161.6178	11367.0000
7161.6584	11426.0000
7161.6990	11541.0000
7161.7396	11758.0000
7161.7802	11836.0000
7161.8209	11611.0000
7161.8615	11619.0000
7161.9021	11545.0000
7161.9427	11579.0000
7161.9833	11769.0000
7162.0239	11833.0000
7162.0645	11919.0000
7162.1051	11750.0000
7162.1457	11660.0000
7162.1863	11618.0000
7162.2269	11801.0000
7162.2675	12001.0000
7162.3081	12206.0000
7162.3488	12377.0000
7162.3894	12486.0000
7162.4300	12484.0000
7162.4705	12426.0000
7162.5111	12431.0000
7162.5517	12201.0000
7162.5923	12078.0000
7162.6329	11809.0000
7162.6734	11930.0000
7162.7140	11624.0000
7162.7546	11300.0000
7162.7952	11355.0000
7162.8357	11165.0000
7162.8763	10809.0000
7162.9169	10729.0000
7162.9574	10657.0000
7162.9980	10777.0000
7163.0386	10977.0000
7163.0791	11422.0000
7163.1197	11778.0000
7163.1602	11860.0000
7163.2008	11753.0000
7163.2413	12108.0000
7163.2819	12291.0000
7163.3224	12241.0000
7163.3630	12138.0000
7163.4036	12101.0000
7163.4442	12010.0000
7163.4847	11999.0000
7163.5252	11926.0000
7163.5658	12018.0000
7163.6063	11855.0000
7163.6468	11856.0000
7163.6874	11973.0000
7163.7279	12000.0000
7163.7684	12200.0000
7163.8090	12260.0000
7163.8495	12466.0000
7163.8900	12485.0000
7163.9305	12287.0000
7163.9710	12281.0000
7164.0116	12208.0000
7164.0521	12137.0000
7164.0926	11760.0000
7164.1331	11723.0000
7164.1736	11311.0000
7164.2141	11000.0000
7164.2546	10858.0000
7164.2951	10820.0000
7164.3356	10964.0000
7164.3761	11079.0000
7164.4166	11176.0000
7164.4572	11203.0000
7164.4977	11272.0000
7164.5382	11412.0000
7164.5787	11701.0000
7164.6192	12040.0000
7164.6597	12332.0000
7164.7002	12338.0000
7164.7407	12415.0000
7164.7811	11999.0000
7164.8216	11496.0000
7164.8621	11168.0000
7164.9026	10848.0000
7164.9431	10504.0000
7164.9835	10172.0000
7165.0240	9926.0000
7165.0645	9846.0000
7165.1049	10118.0000
7165.1454	10629.0000
7165.1859	10898.0000
7165.2263	11251.0000
7165.2668	11492.0000
7165.3073	11573.0000
7165.3477	11593.0000
7165.3882	11733.0000
7165.4286	11710.0000
7165.4691	11789.0000
7165.5096	11636.0000
7165.5501	11605.0000
7165.5905	11640.0000
7165.6310	11376.0000
7165.6714	11175.0000
7165.7118	11285.0000
7165.7523	11458.0000
7165.7927	11487.0000
7165.8332	11423.0000
7165.8736	11556.0000
7165.9140	11640.0000
7165.9545	11753.0000
7165.9949	11904.0000
7166.0353	12189.0000
7166.0757	12289.0000
7166.1162	12444.0000
7166.1566	12563.0000
7166.1970	12625.0000
7166.2374	12755.0000
7166.2778	12703.0000
7166.3183	12386.0000
7166.3587	12240.0000
7166.3991	12029.0000
7166.4395	11765.0000
7166.4799	11637.0000
7166.5203	11588.0000
7166.5608	11592.0000
7166.6012	11704.0000
7166.6416	11855.0000
7166.6820	11988.0000
7166.7224	12138.0000
7166.7628	12286.0000
7166.8032	12225.0000
7166.8436	12426.0000
7166.8840	12395.0000
7166.9243	12224.0000
7166.9647	11869.0000
7167.0051	11576.0000
7167.0455	11372.0000
7167.0859	11253.0000
7167.1263	11170.0000
7167.1666	11296.0000
7167.2070	11286.0000
7167.2474	11004.0000
7167.2877	10899.0000
7167.3281	10771.0000
7167.3685	10917.0000
7167.4088	11161.0000
7167.4492	11735.0000
7167.4896	12188.0000
7167.5299	12432.0000
7167.5703	12569.0000
7167.6107	12780.0000
7167.6511	12973.0000
7167.6915	12875.0000
7167.7318	12912.0000
7167.7722	13081.0000
7167.8125	13166.0000
7167.8528	13087.0000
7167.8932	12477.0000
7167.9335	11453.0000
7167.9739	10563.0000
7168.0142	10164.0000
7168.0545	10189.0000
7168.0949	10988.0000
7168.1352	11774.0000
7168.1755	12220.0000
7168.2159	12419.0000
7168.2562	12539.0000
7168.2965	12293.0000
7168.3369	11840.0000
7168.3772	11268.0000
7168.4175	10460.0000
7168.4578	9091.0000
7168.4981	7525.0000
7168.5384	6813.0000
7168.5788	6908.0000
7168.6191	7790.0000
7168.6595	9014.0000
7168.6998	10148.0000
7168.7401	10815.0000
7168.7804	11186.0000
7168.8207	11598.0000
7168.8610	11770.0000
7168.9013	11887.0000
7168.9416	12138.0000
7168.9819	12164.0000
7169.0222	12326.0000
7169.0625	12338.0000
7169.1028	12426.0000
7169.1430	12532.0000
7169.1833	12442.0000
7169.2236	12394.0000
7169.2639	12335.0000
7169.3042	12175.0000
7169.3445	11915.0000
7169.3847	11669.0000
7169.4250	11520.0000
7169.4653	11285.0000
7169.5056	11151.0000
7169.5458	10924.0000
7169.5861	10725.0000
7169.6264	10570.0000
7169.6666	10389.0000
7169.7070	10329.0000
7169.7472	10349.0000
7169.7875	10598.0000
7169.8278	10732.0000
7169.8680	10987.0000
7169.9083	11140.0000
7169.9485	11416.0000
7169.9888	11733.0000
7170.0290	12304.0000
7170.0693	12895.0000
7170.1095	13185.0000
7170.1497	13276.0000
7170.1900	13436.0000
7170.2302	13468.0000
7170.2705	13260.0000
7170.3107	13226.0000
7170.3509	13110.0000
7170.3912	12957.0000
7170.4314	12658.0000
7170.4716	12270.0000
7170.5118	11886.0000
7170.5521	11885.0000
7170.5923	11993.0000
7170.6325	12108.0000
7170.6727	11999.0000
7170.7130	12038.0000
7170.7533	12372.0000
7170.7935	12831.0000
7170.8337	13068.0000
7170.8739	13019.0000
7170.9141	12594.0000
7170.9543	11914.0000
7170.9945	11395.0000
7171.0347	11047.0000
7171.0749	10679.0000
7171.1151	10206.0000
7171.1553	9419.0000
7171.1955	8734.0000
7171.2357	8790.0000
7171.2759	9276.0000
7171.3161	9763.0000
7171.3563	10056.0000
7171.3965	10363.0000
7171.4366	10505.0000
7171.4768	10446.0000
7171.5170	10630.0000
7171.5572	10817.0000
7171.5974	11214.0000
7171.6375	11568.0000
7171.6777	11559.0000
7171.7179	11826.0000
7171.7581	12345.0000
7171.7982	13289.0000
7171.8385	14239.0000
7171.8787	15124.0000
7171.9188	15716.0000
7171.9590	16001.0000
7171.9991	15929.0000
7172.0393	15468.0000
7172.0795	15166.0000
7172.1196	14640.0000
7172.1598	14063.0000
7172.1999	13690.0000
7172.2401	13159.0000
7172.2802	12795.0000
7172.3203	12561.0000
7172.3605	12446.0000
7172.4006	12602.0000
7172.4408	12692.0000
7172.4809	12545.0000
7172.5210	12417.0000
7172.5612	12055.0000
7172.6013	11743.0000
7172.6414	11494.0000
7172.6816	11531.0000
7172.7217	11615.0000
7172.7618	11715.0000
7172.8019	11761.0000
7172.8421	11632.0000
7172.8823	11351.0000
7172.9224	11133.0000
7172.9625	10895.0000
7173.0026	10886.0000
7173.0427	11104.0000
7173.0828	11286.0000
7173.1230	11471.0000
7173.1631	11544.0000
7173.2032	11327.0000
7173.2433	10602.0000
7173.2834	9803.0000
7173.3235	9092.0000
7173.3636	8911.0000
7173.4037	9589.0000
7173.4438	10687.0000
7173.4839	11583.0000
7173.5239	12060.0000
7173.5640	12320.0000
7173.6041	12510.0000
7173.6442	12810.0000
7173.6843	12943.0000
7173.7244	12774.0000
7173.7644	12528.0000
7173.8045	12132.0000
7173.8446	11696.0000
7173.8847	11092.0000
7173.9248	10187.0000
7173.9649	8909.0000
7174.0050	7720.0000
7174.0451	6966.0000
7174.0851	6826.0000
7174.1252	7354.0000
7174.1652	8166.0000
7174.2053	8799.0000
7174.2454	9345.0000
7174.2854	9467.0000
7174.3255	9191.0000
7174.3655	8612.0000
7174.4056	8267.0000
7174.4456	8334.0000
7174.4857	8876.0000
7174.5257	9407.0000
7174.5658	9952.0000
7174.6058	10440.0000
7174.6458	10770.0000
7174.6859	10804.0000
7174.7259	10367.0000
7174.7659	9914.0000
7174.8060	9884.0000
7174.8460	10460.0000
7174.8860	11287.0000
7174.9261	12238.0000
7174.9662	13120.0000
7175.0062	13569.0000
7175.0462	13659.0000
7175.0862	13588.0000
7175.1263	13704.0000
7175.1663	13812.0000
7175.2063	13921.0000
7175.2463	13969.0000
7175.2863	14212.0000
7175.3263	14371.0000
7175.3663	14413.0000
7175.4063	14586.0000
7175.4463	14601.0000
7175.4863	14328.0000
7175.5263	14009.0000
7175.5663	13991.0000
7175.6063	14008.0000
7175.6463	13867.0000
7175.6863	13426.0000
7175.7263	12995.0000
7175.7663	12530.0000
7175.8063	11828.0000
7175.8463	11216.0000
7175.8863	10915.0000
7175.9262	10512.0000
7175.9662	10321.0000
7176.0062	10132.0000
7176.0463	10041.0000
7176.0862	9904.0000
7176.1262	9937.0000
7176.1662	9988.0000
7176.2062	10144.0000
7176.2461	10366.0000
7176.2861	10565.0000
7176.3261	10876.0000
7176.3660	11246.0000
7176.4060	11697.0000
7176.4459	12284.0000
7176.4859	12707.0000
7176.5258	12767.0000
7176.5658	12732.0000
7176.6057	12624.0000
7176.6457	12579.0000
7176.6856	12411.0000
7176.7256	11917.0000
7176.7655	11504.0000
7176.8055	11304.0000
7176.8454	11451.0000
7176.8854	11936.0000
7176.9253	12369.0000
7176.9652	12695.0000
7177.0052	12783.0000
7177.0451	12751.0000
7177.0851	12829.0000
7177.1250	12788.0000
7177.1650	12957.0000
7177.2049	13022.0000
7177.2448	13114.0000
7177.2847	13313.0000
7177.3246	13417.0000
7177.3646	13324.0000
7177.4045	13090.0000
7177.4444	12643.0000
7177.4843	12025.0000
7177.5242	11332.0000
7177.5641	10687.0000
7177.6040	9978.0000
7177.6439	9175.0000
7177.6838	8336.0000
7177.7237	7542.0000
7177.7636	7261.0000
7177.8035	7649.0000
7177.8434	8113.0000
7177.8833	8096.0000
7177.9232	7409.0000
7177.9631	6278.0000
7178.0030	5650.0000
7178.0429	5930.0000
7178.0827	6691.0000
7178.1227	7400.0000
7178.1626	7634.0000
7178.2025	7559.0000
7178.2424	7572.0000
7178.2822	8275.0000
7178.3221	9741.0000
7178.3620	11046.0000
7178.4019	12254.0000
7178.4417	12961.0000
7178.4816	13457.0000
7178.5214	13663.0000
7178.5613	13482.0000
7178.6012	13543.0000
7178.6410	13488.0000
7178.6809	13531.0000
7178.7207	13792.0000
7178.7606	14066.0000
7178.8004	14339.0000
7178.8403	14452.0000
7178.8801	14305.0000
7178.9200	13918.0000
7178.9598	13171.0000
7178.9997	12152.0000
7179.0395	11247.0000
7179.0793	10973.0000
7179.1192	10955.0000
7179.1590	11033.0000
7179.1990	10939.0000
7179.2388	10762.0000
7179.2786	10563.0000
7179.3184	10528.0000
7179.3583	10697.0000
7179.3981	11005.0000
7179.4379	11356.0000
7179.4777	11685.0000
7179.5175	12176.0000
7179.5574	12468.0000
7179.5972	12660.0000
7179.6370	12669.0000
7179.6768	12873.0000
7179.7166	13156.0000
7179.7564	13186.0000
7179.7962	13181.0000
7179.8360	13106.0000
7179.8758	12730.0000
7179.9156	12520.0000
7179.9554	12435.0000
7179.9952	12524.0000
7180.0350	12796.0000
7180.0748	13183.0000
7180.1146	13703.0000
7180.1544	14339.0000
7180.1942	14659.0000
7180.2341	14886.0000
7180.2738	15004.0000
7180.3136	14860.0000
7180.3534	14826.0000
7180.3932	14778.0000
7180.4330	14496.0000
7180.4727	14210.0000
7180.5125	13844.0000
7180.5523	13716.0000
7180.5921	13601.0000
7180.6318	13388.0000
7180.6716	13368.0000
7180.7113	13374.0000
7180.7511	13208.0000
7180.7909	12896.0000
7180.8306	12550.0000
7180.8704	12102.0000
7180.9101	11610.0000
7180.9499	11202.0000
7180.9896	10989.0000
7181.0294	10835.0000
7181.0691	10963.0000
7181.1089	11177.0000
7181.1486	11521.0000
7181.1884	11865.0000
7181.2281	12185.0000
7181.2679	12293.0000
7181.3077	12561.0000
7181.3474	12784.0000
7181.3872	13067.0000
7181.4269	13282.0000
7181.4666	13518.0000
7181.5063	13821.0000
7181.5461	13942.0000
7181.5858	14147.0000
7181.6255	14297.0000
7181.6652	14250.0000
7181.7050	14406.0000
7181.7447	14410.0000
7181.7844	14459.0000
7181.8241	14399.0000
7181.8638	14215.0000
7181.9035	14299.0000
7181.9432	13983.0000
7181.9829	13352.0000
7182.0226	12333.0000
7182.0623	10324.0000
7182.1020	7909.0000
7182.1417	6139.0000
7182.1814	5682.0000
7182.2211	6511.0000
7182.2608	7838.0000
7182.3005	8589.0000
7182.3403	8864.0000
7182.3800	9161.0000
7182.4197	9878.0000
7182.4594	10940.0000
7182.4990	11974.0000
7182.5387	12689.0000
7182.5784	12943.0000
7182.6181	12701.0000
7182.6577	12046.0000
7182.6974	11518.0000
7182.7371	11295.0000
7182.7768	11081.0000
7182.8164	11069.0000
7182.8561	11237.0000
7182.8958	11242.0000
7182.9354	11267.0000
7182.9751	11291.0000
7183.0147	11321.0000
7183.0544	11302.0000
7183.0940	11463.0000
7183.1337	11503.0000
7183.1734	11771.0000
7183.2130	11709.0000
7183.2527	11775.0000
7183.2923	11775.0000
7183.3319	11877.0000
7183.3716	11664.0000
7183.4113	11628.0000
7183.4510	11533.0000
7183.4906	11790.0000
7183.5302	12070.0000
7183.5699	12578.0000
7183.6095	13116.0000
7183.6491	13726.0000
7183.6888	14480.0000
7183.7284	15092.0000
7183.7680	15483.0000
7183.8076	15947.0000
7183.8472	16319.0000
7183.8869	16566.0000
7183.9265	16625.0000
7183.9661	16316.0000
7184.0057	15971.0000
7184.0453	15574.0000
7184.0849	14975.0000
7184.1245	14628.0000
7184.1641	14247.0000
7184.2037	13800.0000
7184.2433	13489.0000
7184.2829	13144.0000
7184.3225	12734.0000
7184.3621	12371.0000
7184.4017	12125.0000
7184.4414	11837.0000
7184.4810	11485.0000
7184.5206	11507.0000
7184.5602	11679.0000
7184.5998	11756.0000
7184.6394	12040.0000
7184.6789	12056.0000
7184.7185	12228.0000
7184.7581	12114.0000
7184.7977	12099.0000
7184.8373	12029.0000
7184.8768	11589.0000
7184.9164	11019.0000
7184.9560	10372.0000
7184.9955	9183.0000
7185.0351	7259.0000
7185.0747	5420.0000
7185.1142	3900.0000
7185.1538	2995.0000
7185.1933	3030.0000
7185.2329	3956.0000
7185.2725	5397.0000
7185.3120	6882.0000
7185.3516	8054.0000
7185.3911	8955.0000
7185.4307	9747.0000
7185.4702	10293.0000
7185.5099	10732.0000
7185.5494	11218.0000
7185.5889	11941.0000
7185.6285	12568.0000
7185.6680	12968.0000
7185.7075	13413.0000
7185.7471	13666.0000
7185.7866	13735.0000
7185.8261	13601.0000
7185.8657	13465.0000
7185.9052	13385.0000
7185.9447	13337.0000
7185.9842	13428.0000
7186.0238	13447.0000
7186.0633	13372.0000
7186.1028	13588.0000
7186.1423	13463.0000
7186.1818	12980.0000
7186.2213	12380.0000
7186.2608	11931.0000
7186.3003	11451.0000
7186.3399	11099.0000
7186.3794	11111.0000
7186.4189	11084.0000
7186.4584	10887.0000
7186.4979	10684.0000
7186.5374	10598.0000
7186.5769	10434.0000
7186.6164	10355.0000
7186.6559	9919.0000
7186.6954	9079.0000
7186.7349	8240.0000
7186.7744	7743.0000
7186.8139	7969.0000
7186.8534	8462.0000
7186.8928	8248.0000
7186.9323	7426.0000
7186.9718	6427.0000
7187.0113	5767.0000
7187.0507	6277.0000
7187.0902	7323.0000
7187.1297	8731.0000
7187.1692	10073.0000
7187.2086	11102.0000
7187.2481	11720.0000
7187.2875	12223.0000
7187.3270	12776.0000
7187.3665	13343.0000
7187.4059	13900.0000
7187.4454	14710.0000
7187.4848	15061.0000
7187.5243	14680.0000
7187.5637	13493.0000
7187.6033	11996.0000
7187.6427	10892.0000
7187.6822	10314.0000
7187.7216	10443.0000
7187.7610	10601.0000
7187.8005	10722.0000
7187.8399	10418.0000
7187.8794	9677.0000
7187.9188	8231.0000
7187.9582	6253.0000
7187.9976	4502.0000
7188.0371	3657.0000
7188.0765	3929.0000
7188.1159	4896.0000
7188.1553	6325.0000
7188.1948	7632.0000
7188.2342	8777.0000
7188.2736	9724.0000
7188.3130	10354.0000
7188.3524	10897.0000
7188.3918	11154.0000
7188.4312	11407.0000
7188.4707	11817.0000
7188.5101	12204.0000
7188.5495	12672.0000
7188.5889	13104.0000
7188.6283	13713.0000
7188.6678	14589.0000
7188.7072	15048.0000
7188.7466	15478.0000
7188.7859	15675.0000
7188.8253	15511.0000
7188.8647	14869.0000
7188.9041	14235.0000
7188.9435	13461.0000
7188.9829	12658.0000
7189.0223	12328.0000
7189.0616	12187.0000
7189.1010	12255.0000
7189.1404	12260.0000
7189.1798	12362.0000
7189.2191	12409.0000
7189.2585	12549.0000
7189.2979	12673.0000
7189.3373	12801.0000
7189.3766	13053.0000
7189.4160	13361.0000
7189.4553	13621.0000
7189.4947	13744.0000
7189.5341	14032.0000
7189.5734	14245.0000
7189.6128	14469.0000
7189.6521	15051.0000
7189.6915	15319.0000
7189.7309	15319.0000
7189.7703	15022.0000
7189.8096	14385.0000
7189.8490	13407.0000
7189.8883	12491.0000
7189.9276	11570.0000
7189.9670	11152.0000
7190.0063	10883.0000
7190.0457	10904.0000
7190.0850	10974.0000
7190.1243	11299.0000
7190.1636	11273.0000
7190.2030	11328.0000
7190.2423	11763.0000
7190.2816	12177.0000
7190.3209	12907.0000
7190.3603	13889.0000
7190.3996	14589.0000
7190.4389	15349.0000
7190.4782	15996.0000
7190.5175	16447.0000
7190.5568	16623.0000
7190.5961	16433.0000
7190.6355	15817.0000
7190.6748	15091.0000
7190.7141	14308.0000
7190.7534	13534.0000
7190.7928	13063.0000
7190.8321	12740.0000
7190.8714	12648.0000
7190.9107	12735.0000
7190.9499	12744.0000
7190.9892	12851.0000
7191.0285	12952.0000
7191.0678	13241.0000
7191.1071	13463.0000
7191.1464	13493.0000
7191.1857	13540.0000
7191.2249	13565.0000
7191.2642	13436.0000
7191.3035	13105.0000
7191.3428	12805.0000
7191.3820	12504.0000
7191.4213	12311.0000
7191.4606	12313.0000
7191.4999	12226.0000
7191.5391	12231.0000
7191.5784	12174.0000
7191.6176	12128.0000
7191.6569	11980.0000
7191.6962	11550.0000
7191.7354	11090.0000
7191.7747	10592.0000
7191.8140	9955.0000
7191.8533	9508.0000
7191.8925	8987.0000
7191.9318	8457.0000
7191.9710	7553.0000
7192.0103	6211.0000
7192.0495	4823.0000
7192.0887	3626.0000
7192.1280	3305.0000
7192.1672	4104.0000
7192.2064	5752.0000
7192.2457	7652.0000
7192.2849	9206.0000
7192.3241	10629.0000
7192.3634	11240.0000
7192.4026	11128.0000
7192.4418	10613.0000
7192.4810	10501.0000
7192.5203	10847.0000
7192.5595	11657.0000
7192.5987	12416.0000
7192.6379	12655.0000
7192.6771	12673.0000
7192.7163	12098.0000
7192.7555	11663.0000
7192.7947	11538.0000
7192.8339	11232.0000
7192.8733	11386.0000
7192.9125	11466.0000
7192.9517	11328.0000
7192.9908	11041.0000
7193.0300	10671.0000
7193.0692	10442.0000
7193.1084	10470.0000
7193.1476	10890.0000
7193.1868	11495.0000
7193.2260	11946.0000
7193.2652	12339.0000
7193.3044	12672.0000
7193.3435	12864.0000
7193.3827	13230.0000
7193.4219	13487.0000
7193.4611	13624.0000
7193.5003	13799.0000
7193.5394	13707.0000
7193.5786	13181.0000
7193.6178	12653.0000
7193.6569	11896.0000
7193.6961	11183.0000
7193.7353	10790.0000
7193.7744	10610.0000
7193.8136	10649.0000
7193.8527	10724.0000
7193.8919	11061.0000
7193.9312	11275.0000
7193.9703	11107.0000
7194.0095	10717.0000
7194.0486	10215.0000
7194.0877	8968.0000
7194.1269	7549.0000
7194.1660	6548.0000
7194.2052	6259.0000
7194.2443	6445.0000
7194.2835	6493.0000
7194.3226	6365.0000
7194.3617	5457.0000
7194.4009	5857.0000
7194.4400	7037.0000
7194.4791	8265.0000
7194.5182	9461.0000
7194.5574	10253.0000
7194.5965	10775.0000
7194.6356	10955.0000
7194.6747	10985.0000
7194.7138	11029.0000
