R_Cam.36
7219.9231	5491.0000
7219.9666	8214.0000
7220.0101	8461.0000
7220.0535	8776.0000
7220.0970	8909.0000
7220.1404	9102.0000
7220.1839	9001.0000
7220.2273	8917.0000
7220.2709	8612.0000
7220.3143	8249.0000
7220.3578	10680.0000
7220.4012	10540.0000
7220.4446	10585.0000
7220.4881	10758.0000
7220.5315	11006.0000
7220.5750	11238.0000
7220.6184	11389.0000
7220.6618	11445.0000
7220.7053	11592.0000
7220.7487	11649.0000
7220.7921	11918.0000
7220.8355	12229.0000
7220.8790	12498.0000
7220.9224	13102.0000
7220.9658	13643.0000
7221.0092	13868.0000
7221.0526	13991.0000
7221.0961	13802.0000
7221.1395	13664.0000
7221.1829	13367.0000
7221.2263	12895.0000
7221.2697	12278.0000
7221.3132	11577.0000
7221.3566	10995.0000
7221.4000	10594.0000
7221.4434	10539.0000
7221.4868	10620.0000
7221.5302	10597.0000
7221.5736	10749.0000
7221.6170	10812.0000
7221.6604	10739.0000
7221.7038	10623.0000
7221.7472	10734.0000
7221.7905	10816.0000
7221.8339	10931.0000
7221.8773	11192.0000
7221.9207	11503.0000
7221.9641	11833.0000
7222.0074	12369.0000
7222.0508	12865.0000
7222.0942	13352.0000
7222.1376	13423.0000
7222.1809	13486.0000
7222.2243	13321.0000
7222.2677	13033.0000
7222.3110	12869.0000
7222.3545	12621.0000
7222.3979	12341.0000
7222.4412	12061.0000
7222.4846	11943.0000
7222.5279	12173.0000
7222.5713	12438.0000
7222.6146	13017.0000
7222.6580	13607.0000
7222.7013	14072.0000
7222.7447	14366.0000
7222.7880	14669.0000
7222.8314	14671.0000
7222.8747	14300.0000
7222.9181	14021.0000
7222.9614	13692.0000
7223.0047	13447.0000
7223.0481	13060.0000
7223.0914	12835.0000
7223.1347	12380.0000
7223.1781	12137.0000
7223.2214	11790.0000
7223.2647	11383.0000
7223.3080	11058.0000
7223.3513	10937.0000
7223.3948	10817.0000
7223.4381	10691.0000
7223.4814	10642.0000
7223.5247	10805.0000
7223.5680	10800.0000
7223.6113	10736.0000
7223.6547	10927.0000
7223.6980	10903.0000
7223.7413	11153.0000
7223.7846	11228.0000
7223.8279	11346.0000
7223.8712	11423.0000
7223.9145	11401.0000
7223.9578	11330.0000
7224.0011	11233.0000
7224.0444	11087.0000
7224.0876	11064.0000
7224.1309	10691.0000
7224.1742	9800.0000
7224.2175	8615.0000
7224.2608	7640.0000
7224.3041	7729.0000
7224.3474	8920.0000
7224.3906	10742.0000
7224.4339	12322.0000
7224.4773	13427.0000
7224.5206	13921.0000
7224.5638	13792.0000
7224.6071	13459.0000
7224.6504	13125.0000
7224.6936	13009.0000
7224.7369	12965.0000
7224.7802	13414.0000
7224.8234	13866.0000
7224.8667	14463.0000
7224.9099	14944.0000
7224.9532	15107.0000
7224.9964	15360.0000
7225.0397	15598.0000
7225.0829	15607.0000
7225.1262	15802.0000
7225.1694	15562.0000
7225.2127	15541.0000
7225.2559	15114.0000
7225.2992	14794.0000
7225.3424	14335.0000
7225.3856	13634.0000
7225.4289	13105.0000
7225.4721	12922.0000
7225.5155	12696.0000
7225.5587	12616.0000
7225.6019	12536.0000
7225.6451	12432.0000
7225.6884	12510.0000
7225.7316	12478.0000
7225.7748	12538.0000
7225.8180	12697.0000
7225.8612	12892.0000
7225.9045	13120.0000
7225.9477	12979.0000
7225.9909	12904.0000
7226.0341	12976.0000
7226.0773	12758.0000
7226.1205	12574.0000
7226.1637	12642.0000
7226.2069	12688.0000
7226.2501	12877.0000
7226.2933	12986.0000
7226.3365	13102.0000
7226.3797	12991.0000
7226.4229	13283.0000
7226.4661	13542.0000
7226.5093	13990.0000
7226.5526	14382.0000
7226.5958	14796.0000
7226.6390	14992.0000
7226.6821	14910.0000
7226.7253	14354.0000
7226.7685	13967.0000
7226.8117	13631.0000
7226.8549	13566.0000
7226.8980	13775.0000
7226.9412	14299.0000
7226.9844	14989.0000
7227.0275	15794.0000
7227.0707	16553.0000
7227.1139	16913.0000
7227.1570	16825.0000
7227.2002	16494.0000
7227.2434	16033.0000
7227.2865	15407.0000
7227.3297	15093.0000
7227.3728	15162.0000
7227.4160	15562.0000
7227.4591	16345.0000
7227.5023	16987.0000
7227.5454	17432.0000
7227.5886	17579.0000
7227.6318	17282.0000
7227.6750	16720.0000
7227.7181	16360.0000
7227.7613	16243.0000
7227.8044	16272.0000
7227.8475	16140.0000
7227.8907	16088.0000
7227.9338	15548.0000
7227.9769	14782.0000
7228.0201	13531.0000
7228.0632	11857.0000
7228.1063	10473.0000
7228.1494	10124.0000
7228.1925	10810.0000
7228.2357	12405.0000
7228.2788	13729.0000
7228.3219	14704.0000
7228.3650	15120.0000
7228.4081	14893.0000
7228.4512	14328.0000
7228.4943	13691.0000
7228.5374	13309.0000
7228.5806	13230.0000
7228.6237	13381.0000
7228.6669	13628.0000
7228.7100	13899.0000
7228.7531	14054.0000
7228.7962	14017.0000
7228.8392	13904.0000
7228.8823	13952.0000
7228.9254	14296.0000
7228.9685	14766.0000
7229.0116	15091.0000
7229.0547	15181.0000
7229.0978	15064.0000
7229.1409	14624.0000
7229.1839	13928.0000
7229.2270	13445.0000
7229.2701	13176.0000
7229.3132	13365.0000
7229.3562	13607.0000
7229.3993	13968.0000
7229.4424	14470.0000
7229.4854	15043.0000
7229.5285	15515.0000
7229.5716	15761.0000
7229.6146	15804.0000
7229.6577	15611.0000
7229.7008	15592.0000
7229.7439	15525.0000
7229.7870	15401.0000
7229.8300	15630.0000
7229.8731	15890.0000
7229.9161	16244.0000
7229.9592	16409.0000
7230.0022	16556.0000
7230.0453	16843.0000
7230.0883	17133.0000
7230.1313	17181.0000
7230.1744	17442.0000
7230.2174	18153.0000
7230.2604	18878.0000
7230.3035	19558.0000
7230.3465	19387.0000
7230.3895	18971.0000
7230.4326	17766.0000
7230.4756	16505.0000
7230.5186	15472.0000
7230.5616	14928.0000
7230.6047	14830.0000
7230.6477	14595.0000
7230.6907	14380.0000
7230.7337	14314.0000
7230.7768	14202.0000
7230.8198	14086.0000
7230.8628	14171.0000
7230.9059	14115.0000
7230.9489	14021.0000
7230.9919	14032.0000
7231.0349	14138.0000
7231.0779	14305.0000
7231.1209	14456.0000
7231.1639	14559.0000
7231.2069	14362.0000
7231.2499	14031.0000
7231.2928	13815.0000
7231.3358	13393.0000
7231.3788	13163.0000
7231.4218	13137.0000
7231.4648	13230.0000
7231.5078	13593.0000
7231.5508	14002.0000
7231.5937	14193.0000
7231.6367	14332.0000
7231.6797	14330.0000
7231.7227	14340.0000
7231.7656	14597.0000
7231.8086	14775.0000
7231.8517	15052.0000
7231.8946	15252.0000
7231.9376	15279.0000
7231.9806	15090.0000
7232.0235	14993.0000
7232.0665	15162.0000
7232.1095	15294.0000
7232.1524	15543.0000
7232.1954	15775.0000
7232.2383	16019.0000
7232.2813	16455.0000
7232.3242	16914.0000
7232.3672	17289.0000
7232.4101	17682.0000
7232.4530	17897.0000
7232.4960	17931.0000
7232.5389	18058.0000
7232.5819	17876.0000
7232.6248	17851.0000
7232.6677	17895.0000
7232.7107	17693.0000
7232.7536	17137.0000
7232.7965	15826.0000
7232.8395	14262.0000
7232.8825	12985.0000
7232.9254	12535.0000
7232.9683	12972.0000
7233.0112	13698.0000
7233.0542	14540.0000
7233.0971	15201.0000
7233.1400	16146.0000
7233.1829	16790.0000
7233.2258	17246.0000
7233.2687	17177.0000
7233.3116	16457.0000
7233.3545	15145.0000
7233.3974	13187.0000
7233.4403	10672.0000
7233.4832	7999.0000
7233.5261	5854.0000
7233.5690	4964.0000
7233.6119	5766.0000
7233.6548	7690.0000
7233.6977	9795.0000
7233.7406	11397.0000
7233.7835	12687.0000
7233.8264	13710.0000
7233.8693	14906.0000
7233.9121	16126.0000
7233.9551	17452.0000
7233.9980	18569.0000
7234.0409	19903.0000
7234.0838	20707.0000
7234.1266	20603.0000
7234.1695	20102.0000
7234.2124	18942.0000
7234.2552	17721.0000
7234.2981	16544.0000
7234.3410	15994.0000
7234.3838	15777.0000
7234.4267	16067.0000
7234.4696	16920.0000
7234.5124	18036.0000
7234.5553	19166.0000
7234.5981	20236.0000
7234.6410	21238.0000
7234.6838	21647.0000
7234.7267	21413.0000
7234.7695	20652.0000
7234.8124	19737.0000
7234.8552	19315.0000
7234.8980	19107.0000
7234.9409	18701.0000
7234.9838	17598.0000
7235.0267	16199.0000
7235.0695	15220.0000
7235.1123	14940.0000
7235.1552	14608.0000
7235.1980	14176.0000
7235.2408	12889.0000
7235.2836	10664.0000
7235.3265	8032.0000
7235.3693	6066.0000
7235.4121	6036.0000
7235.4549	8390.0000
7235.4977	11801.0000
7235.5405	15024.0000
7235.5834	17052.0000
7235.6262	17453.0000
7235.6690	16797.0000
7235.7118	16043.0000
7235.7546	15082.0000
7235.7974	14508.0000
7235.8402	14121.0000
7235.8830	14097.0000
7235.9258	14005.0000
7235.9686	13858.0000
7236.0114	13855.0000
7236.0543	13831.0000
7236.0971	13545.0000
7236.1398	13628.0000
7236.1826	13596.0000
7236.2254	13537.0000
7236.2682	13627.0000
7236.3110	13667.0000
7236.3538	14095.0000
7236.3965	14695.0000
7236.4393	15080.0000
7236.4821	15339.0000
7236.5249	15453.0000
7236.5676	15610.0000
7236.6104	15155.0000
7236.6532	14407.0000
7236.6959	12935.0000
7236.7387	11364.0000
7236.7815	10627.0000
7236.8242	11462.0000
7236.8670	13355.0000
7236.9097	15561.0000
7236.9525	17123.0000
7236.9952	17385.0000
7237.0380	17087.0000
7237.0808	16626.0000
7237.1236	16393.0000
7237.1663	16444.0000
7237.2091	16918.0000
7237.2518	17877.0000
7237.2946	18313.0000
7237.3373	18825.0000
7237.3800	18971.0000
7237.4228	18617.0000
7237.4655	18339.0000
7237.5082	17849.0000
7237.5510	17244.0000
7237.5937	16764.0000
7237.6364	16606.0000
7237.6791	16739.0000
7237.7219	17295.0000
7237.7646	17984.0000
7237.8073	18923.0000
7237.8500	19455.0000
7237.8927	19724.0000
7237.9354	19832.0000
7237.9781	19448.0000
7238.0209	18782.0000
7238.0636	18274.0000
7238.1063	17818.0000
7238.1491	17584.0000
7238.1918	17538.0000
7238.2345	17970.0000
7238.2772	18431.0000
7238.3199	18912.0000
7238.3626	19251.0000
7238.4053	19355.0000
7238.4479	19155.0000
7238.4906	18480.0000
7238.5333	17570.0000
7238.5760	16592.0000
7238.6187	16099.0000
7238.6614	16018.0000
7238.7041	15757.0000
7238.7467	15906.0000
7238.7894	16190.0000
7238.8321	16344.0000
7238.8748	16413.0000
7238.9174	16641.0000
7238.9601	16786.0000
7239.0028	17046.0000
7239.0454	17289.0000
7239.0881	17610.0000
7239.1308	18236.0000
7239.1734	18811.0000
7239.2162	19655.0000
7239.2588	20499.0000
7239.3015	21577.0000
7239.3441	22543.0000
7239.3868	23430.0000
7239.4294	23907.0000
7239.4721	23845.0000
7239.5147	23526.0000
7239.5574	23109.0000
7239.6000	22634.0000
7239.6427	22333.0000
7239.6853	22347.0000
7239.7279	22491.0000
7239.7706	22825.0000
7239.8132	22928.0000
7239.8558	22459.0000
7239.8985	21681.0000
7239.9411	20514.0000
7239.9837	19532.0000
7240.0264	19021.0000
7240.0690	18642.0000
7240.1116	18461.0000
7240.1542	18374.0000
7240.1968	18351.0000
7240.2396	18402.0000
7240.2822	18517.0000
7240.3248	18574.0000
7240.3674	18374.0000
7240.4100	17679.0000
7240.4526	16993.0000
7240.4952	17090.0000
7240.5378	17583.0000
7240.5804	18242.0000
7240.6230	18691.0000
7240.6656	18714.0000
7240.7082	18691.0000
7240.7508	18770.0000
7240.7934	19402.0000
7240.8360	20253.0000
7240.8786	20908.0000
7240.9212	21336.0000
7240.9637	21512.0000
7241.0063	21363.0000
7241.0489	20561.0000
7241.0915	18989.0000
7241.1341	16601.0000
7241.1766	13541.0000
7241.2192	10057.0000
7241.2618	7458.0000
7241.3045	6075.0000
7241.3470	5868.0000
7241.3896	6036.0000
7241.4322	6126.0000
7241.4747	6522.0000
7241.5173	7733.0000
7241.5598	10148.0000
7241.6024	12838.0000
7241.6449	15107.0000
7241.6875	16735.0000
7241.7301	17656.0000
7241.7726	18448.0000
7241.8152	18911.0000
7241.8577	19238.0000
7241.9002	19529.0000
7241.9428	19800.0000
7241.9853	19993.0000
7242.0279	20300.0000
7242.0704	20513.0000
7242.1129	20548.0000
7242.1555	19944.0000
7242.1980	19367.0000
7242.2405	18544.0000
7242.2831	17953.0000
7242.3256	17581.0000
7242.3682	17404.0000
7242.4107	17327.0000
7242.4533	17563.0000
7242.4958	17991.0000
7242.5383	18597.0000
7242.5808	19181.0000
7242.6233	19739.0000
7242.6658	20428.0000
7242.7084	20777.0000
7242.7509	20983.0000
7242.7934	20622.0000
7242.8359	20398.0000
7242.8784	20025.0000
7242.9209	19943.0000
7242.9634	20261.0000
7243.0059	20737.0000
7243.0484	21328.0000
7243.0909	21535.0000
7243.1334	21733.0000
7243.1759	21857.0000
7243.2183	21793.0000
7243.2608	21888.0000
7243.3033	22019.0000
7243.3458	22219.0000
7243.3883	22191.0000
7243.4309	22019.0000
7243.4733	21809.0000
7243.5158	21748.0000
7243.5583	21587.0000
7243.6008	21489.0000
7243.6432	21189.0000
7243.6857	20964.0000
7243.7282	20582.0000
7243.7706	19802.0000
7243.8131	18701.0000
7243.8556	17528.0000
7243.8980	16550.0000
7243.9405	16001.0000
7243.9829	15440.0000
7244.0254	14521.0000
7244.0678	13132.0000
7244.1103	11759.0000
7244.1527	11710.0000
7244.1952	12736.0000
7244.2376	13489.0000
7244.2801	12277.0000
7244.3225	9698.0000
7244.3650	7757.0000
7244.4074	7777.0000
7244.4499	9663.0000
7244.4924	12237.0000
7244.5348	14326.0000
7244.5772	15841.0000
7244.6197	16862.0000
7244.6621	17525.0000
7244.7045	17898.0000
7244.7469	18204.0000
7244.7894	18565.0000
7244.8318	18976.0000
7244.8742	19460.0000
7244.9166	20059.0000
7244.9590	20559.0000
7245.0014	21339.0000
7245.0439	22417.0000
7245.0863	23095.0000
7245.1287	24247.0000
7245.1711	24973.0000
7245.2135	25137.0000
7245.2559	24613.0000
7245.2983	23976.0000
7245.3407	23123.0000
7245.3831	22315.0000
7245.4255	21593.0000
7245.4679	21229.0000
7245.5104	21155.0000
7245.5527	21684.0000
7245.5951	22510.0000
7245.6375	23159.0000
7245.6799	24328.0000
7245.7223	25002.0000
7245.7647	24819.0000
7245.8070	24387.0000
7245.8494	23570.0000
7245.8918	22468.0000
7245.9342	21429.0000
7245.9765	20446.0000
7246.0189	19809.0000
7246.0613	19401.0000
7246.1036	19455.0000
7246.1460	19883.0000
7246.1884	19990.0000
7246.2307	19087.0000
7246.2731	17098.0000
7246.3154	15362.0000
7246.3578	15373.0000
7246.4002	17189.0000
7246.4425	19473.0000
7246.4849	20749.0000
7246.5272	20954.0000
7246.5697	20340.0000
7246.6120	19930.0000
7246.6543	19594.0000
7246.6967	19470.0000
7246.7390	19978.0000
7246.7814	20793.0000
7246.8237	21523.0000
7246.8660	21957.0000
7246.9084	22130.0000
7246.9507	21676.0000
7246.9930	20949.0000
7247.0353	20103.0000
7247.0777	19811.0000
7247.1200	20277.0000
7247.1623	21401.0000
7247.2046	22544.0000
7247.2469	23844.0000
7247.2893	24966.0000
7247.3316	25370.0000
7247.3739	25139.0000
7247.4162	24470.0000
7247.4585	23926.0000
7247.5008	23205.0000
7247.5431	22366.0000
7247.5854	21338.0000
7247.6278	20292.0000
7247.6701	19595.0000
7247.7124	19189.0000
7247.7547	18960.0000
7247.7970	18890.0000
7247.8393	18659.0000
7247.8816	18893.0000
7247.9239	20036.0000
7247.9661	21594.0000
7248.0084	23162.0000
7248.0507	24615.0000
7248.0930	25083.0000
7248.1353	25429.0000
7248.1776	25209.0000
7248.2198	25117.0000
7248.2621	25327.0000
7248.3044	25499.0000
7248.3466	26211.0000
7248.3889	27296.0000
7248.4312	28218.0000
7248.4734	29321.0000
7248.5157	29922.0000
7248.5580	29777.0000
7248.6002	28689.0000
7248.6425	27074.0000
7248.6848	25328.0000
7248.7271	24022.0000
7248.7693	23672.0000
7248.8116	24515.0000
7248.8538	26056.0000
7248.8961	28081.0000
7248.9383	29885.0000
7248.9806	31572.0000
7249.0228	32130.0000
7249.0651	31356.0000
7249.1073	29776.0000
7249.1495	27392.0000
7249.1918	24646.0000
7249.2340	22244.0000
7249.2762	20316.0000
7249.3184	18772.0000
7249.3607	18126.0000
7249.4029	17929.0000
7249.4451	18329.0000
7249.4873	18829.0000
7249.5296	19369.0000
7249.5718	20356.0000
7249.6140	22148.0000
7249.6562	24841.0000
7249.6984	27985.0000
7249.7407	30222.0000
7249.7829	31385.0000
7249.8251	31455.0000
7249.8673	30606.0000
7249.9095	29576.0000
7249.9518	28780.0000
7249.9939	28078.0000
7250.0361	27534.0000
7250.0783	26998.0000
7250.1205	26440.0000
7250.1627	25573.0000
7250.2049	24904.0000
7250.2471	24085.0000
7250.2893	23334.0000
7250.3315	23107.0000
7250.3737	22827.0000
7250.4158	22628.0000
7250.4580	22338.0000
7250.5002	22115.0000
7250.5424	21671.0000
7250.5845	21604.0000
7250.6267	21579.0000
7250.6689	21280.0000
7250.7111	20731.0000
7250.7532	20000.0000
7250.7955	18355.0000
7250.8376	16669.0000
7250.8798	16018.0000
7250.9220	16844.0000
7250.9641	18823.0000
7251.0063	21163.0000
7251.0484	23400.0000
7251.0906	25321.0000
7251.1327	26989.0000
7251.1749	28215.0000
7251.2170	29708.0000
7251.2592	30637.0000
7251.3013	31513.0000
7251.3435	31834.0000
7251.3856	31607.0000
7251.4277	30800.0000
7251.4699	29301.0000
7251.5120	27653.0000
7251.5541	26000.0000
7251.5963	24402.0000
7251.6384	23092.0000
7251.6805	21981.0000
7251.7226	21744.0000
7251.7648	21641.0000
7251.8069	21870.0000
7251.8491	22288.0000
7251.8912	22464.0000
7251.9333	22205.0000
7251.9755	21827.0000
7252.0176	20999.0000
7252.0597	20184.0000
7252.1018	19577.0000
7252.1439	19306.0000
7252.1860	19724.0000
7252.2281	20587.0000
7252.2702	21588.0000
7252.3123	22970.0000
7252.3544	24022.0000
7252.3965	24742.0000
7252.4386	24737.0000
7252.4807	24371.0000
7252.5228	23610.0000
7252.5649	22910.0000
7252.6069	22553.0000
7252.6490	22503.0000
7252.6911	22698.0000
7252.7332	22874.0000
7252.7753	23379.0000
7252.8173	23261.0000
7252.8594	22243.0000
7252.9016	20054.0000
7252.9437	16748.0000
7252.9857	12841.0000
7253.0278	10352.0000
7253.0699	10521.0000
7253.1119	13427.0000
7253.1540	17320.0000
7253.1961	20629.0000
7253.2381	22883.0000
7253.2802	23657.0000
7253.3222	23462.0000
7253.3643	22862.0000
7253.4063	22079.0000
7253.4484	20615.0000
7253.4904	19485.0000
7253.5325	19260.0000
7253.5745	20328.0000
7253.6166	22350.0000
7253.6586	24093.0000
7253.7006	24669.0000
7253.7427	23980.0000
7253.7847	21057.0000
7253.8268	17579.0000
7253.8688	14738.0000
7253.9108	13827.0000
7253.9529	14837.0000
7253.9950	16442.0000
7254.0370	17620.0000
7254.0790	18229.0000
7254.1210	18550.0000
7254.1631	18575.0000
7254.2051	18525.0000
7254.2471	17565.0000
7254.2891	15369.0000
7254.3311	12509.0000
7254.3731	11230.0000
7254.4151	12472.0000
7254.4571	15835.0000
7254.4991	19905.0000
7254.5411	23233.0000
7254.5831	24948.0000
7254.6251	25758.0000
7254.6671	25550.0000
7254.7091	24944.0000
7254.7511	23903.0000
7254.7931	22571.0000
7254.8351	21802.0000
7254.8771	21467.0000
7254.9191	21572.0000
7254.9611	22779.0000
7255.0032	24643.0000
7255.0451	27188.0000
7255.0871	29915.0000
7255.1291	33206.0000
7255.1711	36494.0000
7255.2130	39457.0000
7255.2550	41467.0000
7255.2970	42285.0000
7255.3390	41617.0000
7255.3809	39706.0000
7255.4229	36942.0000
7255.4648	34491.0000
7255.5068	32241.0000
7255.5488	30454.0000
7255.5907	28980.0000
7255.6327	27210.0000
7255.6746	25955.0000
7255.7166	24641.0000
7255.7585	24206.0000
7255.8005	24162.0000
7255.8424	24641.0000
7255.8844	25294.0000
7255.9263	25555.0000
7255.9683	25397.0000
7256.0102	25224.0000
7256.0522	24754.0000
7256.0942	24374.0000
7256.1361	24924.0000
7256.1780	25710.0000
7256.2200	27170.0000
7256.2619	28522.0000
7256.3038	29860.0000
7256.3457	30634.0000
7256.3877	31000.0000
7256.4296	30881.0000
7256.4715	29970.0000
7256.5134	28630.0000
7256.5553	27531.0000
7256.5972	26770.0000
7256.6392	26414.0000
7256.6811	26615.0000
7256.7230	26728.0000
7256.7649	26948.0000
7256.8068	26738.0000
7256.8487	26354.0000
7256.8906	26347.0000
7256.9325	26668.0000
7256.9744	27546.0000
7257.0163	28652.0000
7257.0582	29526.0000
7257.1002	30428.0000
7257.1421	31046.0000
7257.1839	31145.0000
7257.2258	30908.0000
7257.2677	29899.0000
7257.3096	29025.0000
7257.3515	28067.0000
7257.3934	27338.0000
7257.4352	26704.0000
7257.4771	26074.0000
7257.5190	25042.0000
7257.5609	23656.0000
7257.6027	21862.0000
7257.6446	20373.0000
7257.6865	19236.0000
7257.7283	18694.0000
7257.7702	18655.0000
7257.8120	19380.0000
7257.8539	20229.0000
7257.8958	20817.0000
7257.9376	20519.0000
7257.9795	19939.0000
7258.0213	19760.0000
7258.0632	20665.0000
7258.1050	22825.0000
7258.1470	25540.0000
7258.1888	27464.0000
7258.2307	28386.0000
7258.2725	29138.0000
7258.3143	29777.0000
7258.3562	30192.0000
7258.3980	30266.0000
7258.4398	29698.0000
7258.4817	28334.0000
7258.5235	26088.0000
7258.5653	23625.0000
7258.6071	22815.0000
7258.6490	24347.0000
7258.6908	27153.0000
7258.7326	29538.0000
7258.7744	30723.0000
7258.8163	30965.0000
7258.8581	30254.0000
7258.8999	28861.0000
7258.9417	27641.0000
7258.9835	26531.0000
7259.0253	25680.0000
7259.0671	25383.0000
7259.1089	25267.0000
7259.1507	25321.0000
7259.1926	25060.0000
7259.2344	24586.0000
7259.2762	23780.0000
7259.3180	22947.0000
7259.3598	22684.0000
7259.4016	23198.0000
7259.4434	24190.0000
7259.4852	25540.0000
7259.5270	26659.0000
7259.5687	27794.0000
7259.6105	28321.0000
7259.6523	28023.0000
7259.6941	27469.0000
7259.7359	26846.0000
7259.7776	26997.0000
7259.8194	27989.0000
7259.8612	29530.0000
7259.9029	31006.0000
7259.9447	32002.0000
7259.9865	32534.0000
7260.0282	32270.0000
7260.0700	31784.0000
7260.1118	31245.0000
7260.1535	30818.0000
7260.1953	30911.0000
7260.2371	31126.0000
7260.2789	31235.0000
7260.3206	30684.0000
7260.3624	29386.0000
7260.4041	27304.0000
7260.4459	25238.0000
7260.4876	23434.0000
7260.5294	22607.0000
7260.5711	22345.0000
7260.6128	22750.0000
7260.6546	23467.0000
7260.6963	24770.0000
7260.7381	26650.0000
7260.7798	28776.0000
7260.8215	30383.0000
7260.8632	31588.0000
7260.9050	32377.0000
7260.9467	32887.0000
7260.9884	33184.0000
7261.0301	33944.0000
7261.0718	34103.0000
7261.1136	33946.0000
7261.1553	33240.0000
7261.1970	31949.0000
7261.2387	29637.0000
7261.2804	26828.0000
7261.3222	23861.0000
7261.3639	21258.0000
7261.4056	19683.0000
7261.4473	19666.0000
7261.4890	20311.0000
7261.5307	21263.0000
7261.5724	21652.0000
7261.6141	22171.0000
7261.6558	22927.0000
7261.6975	23539.0000
7261.7392	24205.0000
7261.7809	25097.0000
7261.8226	25765.0000
7261.8642	26292.0000
7261.9059	27138.0000
7261.9476	27582.0000
7261.9893	27353.0000
7262.0310	27216.0000
7262.0726	27137.0000
7262.1143	27894.0000
7262.1560	29392.0000
7262.1976	30922.0000
7262.2393	32116.0000
7262.2810	32961.0000
7262.3226	33657.0000
7262.3644	34219.0000
7262.4061	34202.0000
7262.4477	34464.0000
7262.4894	34479.0000
7262.5310	34021.0000
7262.5727	32397.0000
7262.6143	29881.0000
7262.6560	27340.0000
7262.6976	26307.0000
7262.7393	27066.0000
7262.7809	28714.0000
7262.8226	30672.0000
7262.8642	32000.0000
7262.9058	32443.0000
7262.9475	32140.0000
7262.9891	31689.0000
7263.0307	30968.0000
7263.0724	30247.0000
7263.1140	28921.0000
7263.1556	27735.0000
7263.1973	26009.0000
7263.2389	24584.0000
7263.2805	23105.0000
7263.3221	22201.0000
7263.3637	21805.0000
7263.4054	22088.0000
7263.4471	22868.0000
7263.4887	24237.0000
7263.5303	25479.0000
7263.5719	26374.0000
7263.6135	27797.0000
7263.6551	30020.0000
7263.6967	33100.0000
7263.7383	35360.0000
7263.7799	35828.0000
7263.8215	35142.0000
7263.8631	33072.0000
7263.9047	30650.0000
7263.9463	28181.0000
7263.9879	25989.0000
7264.0295	24562.0000
7264.0711	24160.0000
7264.1126	24545.0000
7264.1542	25502.0000
7264.1958	26933.0000
7264.2374	28334.0000
7264.2790	29983.0000
7264.3205	31685.0000
7264.3621	33453.0000
7264.4037	34742.0000
7264.4452	35784.0000
7264.4869	36137.0000
7264.5285	36077.0000
7264.5700	36391.0000
7264.6116	36893.0000
7264.6532	37068.0000
7264.6947	37182.0000
7264.7363	36891.0000
7264.7778	35448.0000
7264.8194	34357.0000
7264.8609	33232.0000
7264.9025	31313.0000
7264.9440	29137.0000
7264.9856	26877.0000
7265.0271	24453.0000
7265.0687	22543.0000
7265.1102	20942.0000
7265.1518	18421.0000
7265.1933	16329.0000
7265.2348	14510.0000
7265.2764	14426.0000
7265.3179	16098.0000
7265.3594	19222.0000
7265.4010	22330.0000
7265.4425	25093.0000
7265.4840	27323.0000
7265.5256	29461.0000
7265.5671	31439.0000
7265.6087	33142.0000
7265.6502	34649.0000
7265.6917	35411.0000
7265.7332	35622.0000
7265.7747	35464.0000
7265.8162	35098.0000
7265.8577	34678.0000
7265.8992	33685.0000
7265.9408	32689.0000
7265.9823	31523.0000
7266.0238	29816.0000
7266.0653	27158.0000
7266.1068	23138.0000
7266.1482	17903.0000
7266.1897	12492.0000
7266.2312	8948.0000
7266.2727	7677.0000
7266.3142	9316.0000
7266.3557	12536.0000
7266.3972	16120.0000
7266.4387	19188.0000
7266.4801	21525.0000
7266.5216	23450.0000
7266.5632	25046.0000
7266.6047	26252.0000
7266.6461	27737.0000
7266.6876	28867.0000
7266.7291	29714.0000
7266.7706	30250.0000
7266.8120	30165.0000
7266.8535	29567.0000
7266.8949	28842.0000
7266.9364	27968.0000
7266.9779	27075.0000
7267.0193	26102.0000
7267.0608	25590.0000
7267.1022	25343.0000
7267.1437	25119.0000
7267.1851	25285.0000
7267.2266	25566.0000
7267.2680	26039.0000
7267.3095	26701.0000
7267.3509	28128.0000
7267.3923	30109.0000
7267.4338	33001.0000
7267.4752	36133.0000
7267.5167	39057.0000
7267.5581	41680.0000
7267.5995	43173.0000
7267.6410	43121.0000
7267.6825	41706.0000
7267.7239	39950.0000
7267.7653	39025.0000
7267.8067	38777.0000
7267.8482	38366.0000
7267.8896	38040.0000
7267.9310	37591.0000
7267.9724	36918.0000
7268.0138	36019.0000
7268.0552	35627.0000
7268.0966	35703.0000
7268.1380	35968.0000
7268.1795	36280.0000
7268.2209	36481.0000
7268.2623	35903.0000
7268.3037	34962.0000
7268.3451	33772.0000
7268.3865	32477.0000
7268.4278	31748.0000
7268.4692	31710.0000
7268.5106	32086.0000
7268.5520	33075.0000
7268.5934	34649.0000
7268.6348	37186.0000
7268.6763	39696.0000
7268.7177	42453.0000
7268.7590	44709.0000
7268.8004	45741.0000
7268.8418	45648.0000
7268.8832	44810.0000
7268.9245	41916.0000
7268.9659	38472.0000
7269.0073	34733.0000
7269.0486	30594.0000
7269.0900	26906.0000
7269.1314	23714.0000
7269.1727	21516.0000
7269.2141	20326.0000
7269.2554	20237.0000
7269.2968	21071.0000
7269.3382	22528.0000
7269.3795	24829.0000
7269.4209	27405.0000
7269.4622	30460.0000
7269.5035	33337.0000
7269.5449	35827.0000
7269.5862	37574.0000
7269.6276	38748.0000
7269.6689	38550.0000
7269.7104	37729.0000
7269.7517	36228.0000
7269.7930	34559.0000
7269.8344	32536.0000
7269.8757	30362.0000
7269.9170	28113.0000
7269.9583	26585.0000
7269.9997	25501.0000
7270.0410	24526.0000
7270.0823	23924.0000
7270.1236	23683.0000
7270.1649	23463.0000
7270.2063	23282.0000
7270.2476	22973.0000
7270.2889	22271.0000
7270.3302	21047.0000
7270.3715	19952.0000
7270.4128	19566.0000
7270.4541	20109.0000
7270.4954	21483.0000
7270.5367	22792.0000
7270.5780	24069.0000
7270.6193	24991.0000
7270.6606	25388.0000
7270.7019	25146.0000
7270.7432	24299.0000
7270.7846	23291.0000
7270.8259	23172.0000
7270.8672	23864.0000
7270.9084	24434.0000
7270.9497	24992.0000
7270.9910	25115.0000
7271.0323	25045.0000
7271.0736	24595.0000
7271.1148	23613.0000
7271.1561	22831.0000
7271.1974	22412.0000
7271.2386	22228.0000
7271.2799	22580.0000
7271.3212	23235.0000
7271.3624	24177.0000
7271.4037	25135.0000
7271.4450	26057.0000
7271.4862	26974.0000
7271.5275	27794.0000
7271.5687	28290.0000
7271.6100	28678.0000
7271.6512	28742.0000
7271.6925	28864.0000
7271.7337	28706.0000
7271.7750	28316.0000
7271.8163	28133.0000
7271.8576	27753.0000
7271.8988	27079.0000
7271.9400	26706.0000
7271.9813	26474.0000
7272.0225	26130.0000
7272.0637	25764.0000
7272.1050	25663.0000
7272.1462	25484.0000
7272.1874	25646.0000
7272.2287	26210.0000
7272.2699	26648.0000
7272.3111	27138.0000
7272.3523	27635.0000
7272.3935	28239.0000
7272.4347	28661.0000
7272.4760	29073.0000
7272.5172	29903.0000
7272.5584	30646.0000
7272.5996	31064.0000
7272.6408	31420.0000
7272.6820	31545.0000
7272.7232	31233.0000
7272.7644	30788.0000
7272.8056	30682.0000
7272.8468	30983.0000
7272.8881	31153.0000
7272.9293	31194.0000
7272.9705	31048.0000
7273.0117	30611.0000
7273.0529	29508.0000
7273.0941	28242.0000
7273.1352	26873.0000
7273.1764	25777.0000
7273.2176	25173.0000
7273.2588	24716.0000
7273.3000	25114.0000
7273.3411	25658.0000
7273.3823	26485.0000
7273.4235	26363.0000
7273.4646	25044.0000
7273.5058	21306.0000
7273.5470	16135.0000
7273.5881	11942.0000
7273.6293	9970.0000
7273.6705	10539.0000
7273.7116	13516.0000
7273.7528	17563.0000
7273.7939	21367.0000
7273.8351	24055.0000
7273.8762	26145.0000
7273.9174	27523.0000
7273.9586	28692.0000
7273.9998	29918.0000
7274.0409	30544.0000
7274.0821	31097.0000
7274.1232	30819.0000
7274.1644	30389.0000
7274.2055	29521.0000
7274.2466	28491.0000
7274.2878	28132.0000
7274.3289	27788.0000
7274.3700	28196.0000
7274.4112	28683.0000
7274.4523	29063.0000
7274.4934	29972.0000
7274.5345	30348.0000
7274.5756	30443.0000
7274.6168	30522.0000
7274.6579	30559.0000
7274.6990	31272.0000
7274.7401	33137.0000
7274.7812	36015.0000
7274.8223	39142.0000
7274.8634	42310.0000
7274.9045	44908.0000
7274.9456	45958.0000
7274.9868	45683.0000
7275.0279	42905.0000
7275.0690	38941.0000
7275.1101	34523.0000
7275.1512	30432.0000
7275.1923	26679.0000
7275.2334	24154.0000
7275.2745	22803.0000
7275.3156	22196.0000
7275.3567	22088.0000
7275.3978	22265.0000
7275.4388	22839.0000
7275.4799	23537.0000
7275.5210	24089.0000
7275.5621	25070.0000
7275.6032	25688.0000
7275.6442	26517.0000
7275.6853	26871.0000
7275.7264	27244.0000
7275.7674	27399.0000
7275.8085	27479.0000
7275.8496	27519.0000
7275.8906	26718.0000
7275.9317	24731.0000
7275.9727	21368.0000
7276.0138	18021.0000
7276.0549	15721.0000
7276.0960	15820.0000
7276.1370	18521.0000
7276.1781	22030.0000
7276.2191	25089.0000
7276.2602	26895.0000
7276.3012	27673.0000
7276.3423	28035.0000
7276.3833	28048.0000
7276.4243	27487.0000
7276.4654	27257.0000
7276.5064	27721.0000
7276.5474	28118.0000
7276.5885	28751.0000
7276.6295	29414.0000
7276.6705	29793.0000
7276.7116	30084.0000
7276.7526	29730.0000
7276.7936	29258.0000
7276.8346	27756.0000
7276.8756	26048.0000
7276.9167	24224.0000
7276.9577	23368.0000
7276.9987	23851.0000
7277.0397	25255.0000
7277.0808	26305.0000
7277.1218	26334.0000
7277.1628	25444.0000
7277.2038	24326.0000
7277.2448	23528.0000
7277.2858	23106.0000
7277.3268	22619.0000
7277.3678	21524.0000
7277.4088	19959.0000
7277.4498	18174.0000
7277.4908	17290.0000
7277.5318	18052.0000
7277.5727	19792.0000
7277.6137	21601.0000
7277.6547	23147.0000
7277.6957	23746.0000
7277.7367	23425.0000
7277.7776	22490.0000
7277.8186	21746.0000
7277.8596	20968.0000
7277.9006	19378.0000
7277.9415	16578.0000
7277.9825	13226.0000
7278.0235	10782.0000
7278.0644	9887.0000
7278.1054	11265.0000
7278.1465	14621.0000
7278.1874	17253.0000
7278.2284	19223.0000
7278.2693	20919.0000
7278.3103	22070.0000
7278.3512	23437.0000
7278.3922	24340.0000
7278.4331	24923.0000
7278.4741	25283.0000
7278.5150	25486.0000
7278.5560	25639.0000
7278.5969	25278.0000
7278.6378	24701.0000
7278.6788	23628.0000
7278.7197	23128.0000
7278.7606	24124.0000
7278.8016	26306.0000
7278.8425	28122.0000
7278.8834	29118.0000
7278.9243	29223.0000
7278.9653	28565.0000
7279.0062	27679.0000
7279.0471	26892.0000
7279.0880	26878.0000
7279.1289	27254.0000
7279.1699	28043.0000
7279.2109	28953.0000
7279.2518	29986.0000
7279.2927	30258.0000
7279.3336	30017.0000
7279.3745	28776.0000
7279.4154	26906.0000
7279.4563	25192.0000
7279.4972	23569.0000
7279.5381	22877.0000
7279.5790	22628.0000
7279.6199	22908.0000
7279.6608	23489.0000
7279.7017	24430.0000
7279.7425	25531.0000
7279.7834	26790.0000
7279.8243	27928.0000
7279.8652	28781.0000
7279.9061	29231.0000
7279.9470	29290.0000
7279.9878	29126.0000
7280.0287	28750.0000
7280.0696	28430.0000
7280.1105	26886.0000
7280.1513	25358.0000
7280.1922	24529.0000
7280.2331	23192.0000
7280.2740	21857.0000
7280.3149	20302.0000
7280.3557	19630.0000
7280.3966	20318.0000
7280.4375	21693.0000
7280.4783	23518.0000
7280.5192	25125.0000
7280.5600	27203.0000
7280.6009	29187.0000
7280.6417	31124.0000
7280.6826	32701.0000
7280.7234	33438.0000
7280.7642	33421.0000
7280.8051	33072.0000
7280.8459	32490.0000
7280.8868	31391.0000
7280.9276	30511.0000
7280.9684	29759.0000
7281.0093	29147.0000
7281.0501	28657.0000
7281.0909	28248.0000
7281.1317	27665.0000
7281.1726	26939.0000
7281.2134	25741.0000
7281.2542	24502.0000
7281.2951	23819.0000
7281.3359	23946.0000
7281.3768	24907.0000
7281.4176	25969.0000
7281.4584	27064.0000
7281.4992	27429.0000
7281.5400	26841.0000
7281.5808	25812.0000
7281.6216	24430.0000
7281.6624	23579.0000
7281.7032	23177.0000
7281.7440	23190.0000
7281.7848	23808.0000
7281.8256	24677.0000
7281.8664	25872.0000
7281.9072	27342.0000
7281.9480	29034.0000
7281.9887	30445.0000
7282.0295	30931.0000
7282.0703	30636.0000
7282.1111	29800.0000
7282.1519	28707.0000
7282.1926	28200.0000
7282.2334	28372.0000
7282.2742	28814.0000
7282.3150	29692.0000
7282.3558	30169.0000
7282.3966	30191.0000
7282.4374	30086.0000
7282.4781	29179.0000
7282.5189	28553.0000
7282.5597	28059.0000
7282.6004	27688.0000
7282.6412	27650.0000
7282.6819	27804.0000
7282.7227	27852.0000
7282.7634	27666.0000
7282.8042	27228.0000
7282.8449	25486.0000
7282.8857	23675.0000
7282.9264	23278.0000
7282.9672	23957.0000
7283.0079	25714.0000
7283.0486	27999.0000
7283.0894	30013.0000
7283.1301	31324.0000
7283.1708	31726.0000
7283.2116	31789.0000
7283.2523	31325.0000
7283.2930	31067.0000
7283.3337	31247.0000
7283.3745	31615.0000
7283.4153	31790.0000
7283.4560	31823.0000
7283.4967	32126.0000
7283.5374	32207.0000
7283.5782	32431.0000
7283.6189	32904.0000
7283.6596	32934.0000
7283.7003	32386.0000
7283.7410	31270.0000
7283.7817	29293.0000
7283.8224	27379.0000
7283.8631	25905.0000
7283.9038	24777.0000
7283.9445	24047.0000
7283.9852	23811.0000
7284.0259	23775.0000
7284.0666	23757.0000
7284.1073	24259.0000
7284.1480	24730.0000
7284.1887	25557.0000
7284.2293	26194.0000
7284.2700	26675.0000
7284.3107	27542.0000
7284.3514	27875.0000
7284.3921	28486.0000
7284.4327	29174.0000
7284.4735	29516.0000
7284.5142	29866.0000
7284.5548	29908.0000
7284.5955	29497.0000
7284.6362	28468.0000
7284.6768	27542.0000
7284.7175	26347.0000
7284.7582	25395.0000
7284.7988	24773.0000
7284.8395	24742.0000
7284.8801	25440.0000
7284.9208	26635.0000
7284.9614	28274.0000
7285.0021	30059.0000
7285.0427	31876.0000
7285.0834	33313.0000
7285.1240	33920.0000
7285.1647	34172.0000
7285.2053	33864.0000
7285.2459	33215.0000
7285.2866	32588.0000
7285.3272	32077.0000
7285.3679	31243.0000
7285.4085	30697.0000
7285.4491	29906.0000
7285.4897	29371.0000
7285.5305	28505.0000
7285.5711	28005.0000
7285.6117	27982.0000
7285.6523	28404.0000
7285.6929	29047.0000
7285.7336	30169.0000
7285.7742	31616.0000
7285.8148	33205.0000
7285.8554	34597.0000
7285.8960	35246.0000
7285.9366	35169.0000
7285.9772	34244.0000
7286.0178	33040.0000
7286.0584	31378.0000
7286.0990	29574.0000
7286.1396	27747.0000
7286.1802	26371.0000
7286.2208	25061.0000
7286.2614	24274.0000
7286.3020	24075.0000
7286.3426	24775.0000
7286.3832	25810.0000
7286.4237	27552.0000
7286.4643	29473.0000
7286.5049	31307.0000
7286.5455	33203.0000
7286.5862	34584.0000
7286.6267	35501.0000
7286.6673	35932.0000
7286.7079	36277.0000
7286.7485	36883.0000
7286.7890	37588.0000
7286.8296	38114.0000
7286.8702	38155.0000
7286.9107	37474.0000
7286.9513	36321.0000
7286.9918	34444.0000
7287.0324	32531.0000
7287.0729	30876.0000
7287.1135	29603.0000
7287.1541	28702.0000
7287.1946	28659.0000
7287.2351	28892.0000
7287.2757	29483.0000
7287.3162	30033.0000
7287.3568	30330.0000
7287.3973	30103.0000
7287.4379	29688.0000
7287.4784	28913.0000
7287.5189	28654.0000
7287.5595	28448.0000
7287.6000	28345.0000
7287.6406	28522.0000
7287.6811	28836.0000
7287.7217	28987.0000
7287.7622	28554.0000
7287.8027	28013.0000
7287.8432	27113.0000
7287.8838	25442.0000
7287.9243	22397.0000
7287.9648	18413.0000
7288.0053	15879.0000
7288.0458	15903.0000
7288.0863	18792.0000
7288.1268	22773.0000
7288.1673	26237.0000
7288.2078	28497.0000
7288.2483	29469.0000
7288.2888	29101.0000
7288.3293	28326.0000
7288.3698	27039.0000
7288.4103	25739.0000
7288.4508	24308.0000
7288.4913	23008.0000
7288.5318	22211.0000
7288.5723	21799.0000
7288.6128	21779.0000
7288.6532	21244.0000
7288.6938	20173.0000
7288.7343	18831.0000
7288.7748	18784.0000
7288.8152	20102.0000
7288.8557	22748.0000
7288.8962	25890.0000
7288.9367	29193.0000
7288.9771	31726.0000
7289.0176	33746.0000
7289.0581	35207.0000
7289.0985	35945.0000
7289.1390	36574.0000
7289.1794	36461.0000
7289.2199	36001.0000
7289.2604	35728.0000
7289.3008	35077.0000
7289.3413	34118.0000
7289.3817	33387.0000
7289.4222	32819.0000
7289.4626	32669.0000
7289.5030	32266.0000
7289.5435	32070.0000
7289.5839	31717.0000
7289.6244	31554.0000
7289.6648	31257.0000
7289.7052	30959.0000
7289.7458	30976.0000
7289.7862	31340.0000
7289.8266	32505.0000
7289.8670	33932.0000
7289.9075	35523.0000
7289.9479	37147.0000
7289.9883	38166.0000
7290.0287	38348.0000
7290.0692	37528.0000
7290.1096	36583.0000
7290.1500	35250.0000
7290.1904	34639.0000
7290.2308	34392.0000
7290.2712	34429.0000
7290.3116	34496.0000
7290.3520	34025.0000
7290.3924	33083.0000
7290.4328	31952.0000
7290.4732	31063.0000
7290.5136	30105.0000
7290.5540	29171.0000
7290.5944	27706.0000
7290.6348	25961.0000
7290.6752	24658.0000
7290.7156	23297.0000
7290.7560	22410.0000
7290.7965	21550.0000
7290.8368	20933.0000
7290.8772	19674.0000
7290.9176	17406.0000
7290.9580	14382.0000
7290.9983	11469.0000
7291.0387	9713.0000
7291.0791	10130.0000
7291.1195	12348.0000
7291.1598	15838.0000
7291.2002	19716.0000
7291.2406	22727.0000
7291.2809	24716.0000
7291.3213	25580.0000
7291.3616	25480.0000
7291.4020	24981.0000
7291.4423	23916.0000
7291.4827	22961.0000
7291.5230	22417.0000
7291.5634	22355.0000
7291.6037	22627.0000
7291.6441	23233.0000
7291.6844	23724.0000
7291.7248	24593.0000
7291.7651	26445.0000
7291.8054	28757.0000
7291.8459	30278.0000
7291.8862	31145.0000
7291.9265	31053.0000
7291.9669	30610.0000
7292.0072	30114.0000
7292.0475	29933.0000
7292.0879	30451.0000
7292.1282	31289.0000
7292.1685	32309.0000
7292.2088	33231.0000
7292.2491	34518.0000
7292.2895	35234.0000
7292.3298	35477.0000
7292.3701	34603.0000
7292.4104	33406.0000
7292.4507	32029.0000
7292.4910	30435.0000
7292.5313	29112.0000
7292.5716	28239.0000
7292.6119	27607.0000
7292.6522	27470.0000
7292.6925	26873.0000
7292.7328	26089.0000
7292.7731	25199.0000
7292.8134	25412.0000
7292.8537	26740.0000
7292.8941	29246.0000
7292.9343	31634.0000
7292.9746	33301.0000
7293.0149	34022.0000
7293.0552	33448.0000
7293.0955	31825.0000
7293.1357	29741.0000
7293.1760	27391.0000
7293.2163	25004.0000
7293.2566	22819.0000
7293.2968	21255.0000
7293.3371	21367.0000
7293.3774	22888.0000
7293.4176	25298.0000
7293.4579	27607.0000
7293.4981	29222.0000
7293.5384	30397.0000
7293.5787	31228.0000
7293.6189	31859.0000
7293.6592	32528.0000
7293.6994	32704.0000
7293.7397	32445.0000
7293.7799	31700.0000
7293.8201	30555.0000
7293.8604	29079.0000
7293.9006	27498.0000
7293.9410	26304.0000
7293.9812	25623.0000
7294.0214	25854.0000
7294.0617	27233.0000
7294.1019	29419.0000
7294.1421	31292.0000
7294.1824	32679.0000
7294.2226	33495.0000
7294.2628	34842.0000
7294.3030	35189.0000
7294.3433	34948.0000
7294.3835	33298.0000
7294.4237	31676.0000
7294.4639	30084.0000
7294.5041	28792.0000
7294.5443	27942.0000
7294.5845	27700.0000
7294.6247	28401.0000
7294.6650	29676.0000
7294.7052	30595.0000
7294.7454	31751.0000
7294.7856	32819.0000
7294.8258	33671.0000
7294.8660	33859.0000
7294.9061	34362.0000
7294.9463	34480.0000
7294.9866	34776.0000
7295.0268	35826.0000
7295.0670	37325.0000
7295.1072	38181.0000
7295.1474	38433.0000
7295.1876	37813.0000
7295.2277	36280.0000
7295.2679	33963.0000
7295.3081	32197.0000
7295.3483	30452.0000
7295.3884	28861.0000
7295.4286	26849.0000
7295.4688	25405.0000
7295.5089	24100.0000
7295.5491	22786.0000
7295.5893	21178.0000
7295.6294	19460.0000
7295.6696	18679.0000
7295.7097	19312.0000
7295.7499	21223.0000
7295.7900	23791.0000
7295.8302	26398.0000
7295.8703	28940.0000
7295.9105	31183.0000
7295.9506	32979.0000
7295.9908	34791.0000
7296.0310	36048.0000
7296.0712	37064.0000
7296.1113	36798.0000
7296.1514	36117.0000
7296.1916	35111.0000
7296.2317	34693.0000
7296.2718	35748.0000
7296.3120	37442.0000
7296.3521	39265.0000
7296.3922	40373.0000
7296.4323	40519.0000
7296.4725	39832.0000
7296.5126	38658.0000
7296.5527	37273.0000
7296.5928	36366.0000
7296.6329	35282.0000
7296.6730	34662.0000
7296.7132	33844.0000
7296.7533	33175.0000
7296.7934	32612.0000
7296.8335	31437.0000
7296.8736	30388.0000
7296.9137	29554.0000
7296.9538	28945.0000
7296.9939	28412.0000
7297.0340	27427.0000
7297.0741	26277.0000
7297.1143	25472.0000
7297.1543	24630.0000
7297.1944	24396.0000
7297.2345	24513.0000
7297.2746	25087.0000
7297.3147	26153.0000
7297.3548	27696.0000
7297.3948	29726.0000
7297.4349	31626.0000
7297.4750	33603.0000
7297.5151	35862.0000
7297.5551	36996.0000
7297.5952	37402.0000
7297.6353	36983.0000
7297.6753	35888.0000
7297.7154	34249.0000
7297.7555	32176.0000
7297.7955	29907.0000
7297.8356	27947.0000
7297.8756	25858.0000
7297.9157	24634.0000
7297.9557	24096.0000
7297.9958	23986.0000
7298.0358	24505.0000
7298.0759	25273.0000
7298.1159	26376.0000
7298.1561	27868.0000
7298.1961	29292.0000
7298.2362	30798.0000
7298.2762	32399.0000
7298.3162	33634.0000
7298.3563	34494.0000
7298.3963	35542.0000
7298.4363	35657.0000
7298.4764	35050.0000
7298.5164	34371.0000
7298.5564	33208.0000
7298.5964	32161.0000
7298.6365	31215.0000
7298.6765	30339.0000
7298.7165	29598.0000
7298.7565	28858.0000
7298.7965	28300.0000
7298.8365	28353.0000
7298.8765	28899.0000
7298.9165	29352.0000
7298.9566	30049.0000
7298.9966	30489.0000
7299.0366	31199.0000
7299.0766	32165.0000
7299.1166	33049.0000
7299.1566	33853.0000
7299.1966	33654.0000
7299.2366	33402.0000
7299.2766	32649.0000
7299.3166	31734.0000
7299.3566	31057.0000
7299.3966	30384.0000
7299.4366	29663.0000
7299.4766	29049.0000
7299.5165	28406.0000
7299.5565	27998.0000
7299.5965	27567.0000
7299.6365	27459.0000
7299.6764	27300.0000
7299.7164	27173.0000
7299.7564	27340.0000
7299.7963	28078.0000
7299.8363	29039.0000
7299.8763	30207.0000
7299.9162	31233.0000
7299.9562	31518.0000
7299.9961	31535.0000
7300.0361	31150.0000
7300.0761	30122.0000
7300.1160	28737.0000
7300.1560	27527.0000
7300.1959	25901.0000
7300.2359	24234.0000
7300.2759	23132.0000
7300.3158	22338.0000
7300.3558	21583.0000
7300.3957	20747.0000
7300.4357	20018.0000
7300.4756	18933.0000
7300.5155	18412.0000
7300.5555	19024.0000
7300.5954	21236.0000
7300.6353	24569.0000
7300.6752	28621.0000
7300.7152	31734.0000
7300.7551	33999.0000
7300.7950	35650.0000
7300.8349	36202.0000
7300.8748	36101.0000
7300.9147	35257.0000
7300.9547	34343.0000
7300.9946	33160.0000
7301.0345	31537.0000
7301.0744	30072.0000
7301.1143	28622.0000
7301.1542	27358.0000
7301.1941	26353.0000
7301.2340	25435.0000
7301.2739	24959.0000
7301.3139	24913.0000
7301.3538	25621.0000
7301.3937	26614.0000
7301.4336	27507.0000
7301.4735	28840.0000
7301.5133	30490.0000
7301.5532	32639.0000
7301.5931	34908.0000
7301.6330	37319.0000
7301.6729	39118.0000
7301.7127	40706.0000
7301.7526	41642.0000
7301.7925	41576.0000
7301.8324	41131.0000
7301.8722	40250.0000
7301.9121	39096.0000
7301.9520	38122.0000
7301.9918	37642.0000
7302.0317	36802.0000
7302.0715	36165.0000
7302.1114	35686.0000
7302.1513	35822.0000
7302.1911	35860.0000
7302.2310	36323.0000
7302.2708	37001.0000
7302.3107	37319.0000
7302.3506	37044.0000
7302.3905	36135.0000
7302.4303	34566.0000
7302.4701	32660.0000
7302.5100	30970.0000
7302.5498	29549.0000
7302.5897	28510.0000
7302.6295	27693.0000
7302.6693	26711.0000
7302.7092	25607.0000
7302.7490	24689.0000
7302.7888	24142.0000
7302.8286	24329.0000
7302.8685	24106.0000
7302.9083	23840.0000
7302.9481	23624.0000
7302.9879	23809.0000
7303.0277	24108.0000
7303.0675	24973.0000
7303.1074	25652.0000
7303.1472	25814.0000
7303.1870	25869.0000
7303.2268	25666.0000
7303.2666	25651.0000
7303.3064	26330.0000
7303.3462	27757.0000
7303.3860	29700.0000
7303.4259	32075.0000
7303.4657	34609.0000
7303.5055	36543.0000
7303.5453	36953.0000
7303.5850	35948.0000
7303.6248	33486.0000
7303.6646	29982.0000
7303.7044	25727.0000
7303.7442	21116.0000
7303.7840	16769.0000
7303.8237	14237.0000
7303.8635	14193.0000
7303.9033	16297.0000
7303.9431	19648.0000
7303.9828	23376.0000
7304.0226	27391.0000
7304.0624	31325.0000
7304.1021	35354.0000
7304.1419	38916.0000
7304.1817	42007.0000
7304.2214	43990.0000
7304.2612	44888.0000
7304.3009	44331.0000
7304.3407	42309.0000
7304.3804	39952.0000
7304.4202	37553.0000
7304.4600	35020.0000
7304.4998	32067.0000
7304.5395	29985.0000
7304.5793	27977.0000
7304.6190	25851.0000
7304.6587	23756.0000
7304.6985	22217.0000
7304.7382	16362.0000
7304.7779	14451.0000
7304.8177	14378.0000
7304.8574	16160.0000
7304.8971	19279.0000
7304.9368	22423.0000
7304.9766	24478.0000
7305.0163	25360.0000
7305.0560	25205.0000
7305.0957	24821.0000
