R_Cam.22
5943.5727	632.0000
5943.6084	989.0000
5943.6441	1106.0000
5943.6798	1110.0000
5943.7154	1194.0000
5943.7511	1133.0000
5943.7868	1121.0000
5943.8225	1155.0000
5943.8582	1041.0000
5943.8938	1041.0000
5943.9295	1420.0000
5943.9652	1406.0000
5944.0009	1383.0000
5944.0365	1364.0000
5944.0722	1363.0000
5944.1079	1381.0000
5944.1435	1344.0000
5944.1792	1292.0000
5944.2149	1367.0000
5944.2505	1408.0000
5944.2862	1450.0000
5944.3219	1480.0000
5944.3576	1519.0000
5944.3933	1504.0000
5944.4289	1529.0000
5944.4646	1512.0000
5944.5002	1438.0000
5944.5359	1483.0000
5944.5715	1497.0000
5944.6072	1258.0000
5944.6428	1262.0000
5944.6785	1265.0000
5944.7141	1277.0000
5944.7497	1328.0000
5944.7854	1415.0000
5944.8210	1451.0000
5944.8567	1450.0000
5944.8923	1504.0000
5944.9279	1578.0000
5944.9636	1569.0000
5944.9992	1579.0000
5945.0348	1658.0000
5945.0704	1616.0000
5945.1061	1546.0000
5945.1417	1582.0000
5945.1773	1567.0000
5945.2129	1590.0000
5945.2486	1518.0000
5945.2842	1515.0000
5945.3198	1710.0000
5945.3554	1731.0000
5945.3911	1806.0000
5945.4267	1826.0000
5945.4623	1800.0000
5945.4980	1719.0000
5945.5336	1753.0000
5945.5692	1699.0000
5945.6048	1699.0000
5945.6404	1735.0000
5945.6760	1689.0000
5945.7116	1581.0000
5945.7472	1503.0000
5945.7828	1482.0000
5945.8184	1519.0000
5945.8540	1580.0000
5945.8896	1568.0000
5945.9252	1565.0000
5945.9607	1645.0000
5945.9963	1663.0000
5946.0319	1633.0000
5946.0675	1586.0000
5946.1031	1608.0000
5946.1387	1631.0000
5946.1743	1652.0000
5946.2098	1684.0000
5946.2454	1650.0000
5946.2810	1713.0000
5946.3166	1730.0000
5946.3521	1750.0000
5946.3877	1727.0000
5946.4234	1729.0000
5946.4589	1737.0000
5946.4945	1650.0000
5946.5301	1621.0000
5946.5656	1625.0000
5946.6012	1624.0000
5946.6368	1696.0000
5946.6723	1745.0000
5946.7079	1737.0000
5946.7434	1734.0000
5946.7790	1704.0000
5946.8146	1647.0000
5946.8501	1660.0000
5946.8857	1650.0000
5946.9212	1698.0000
5946.9568	1629.0000
5946.9923	1623.0000
5947.0279	1608.0000
5947.0634	1588.0000
5947.0989	1612.0000
5947.1345	1641.0000
5947.1700	1695.0000
5947.2056	1746.0000
5947.2411	1643.0000
5947.2766	1718.0000
5947.3122	1726.0000
5947.3477	1685.0000
5947.3832	1615.0000
5947.4188	1512.0000
5947.4543	1539.0000
5947.4899	1545.0000
5947.5254	1504.0000
5947.5610	1379.0000
5947.5965	1308.0000
5947.6320	1259.0000
5947.6675	1287.0000
5947.7030	1387.0000
5947.7385	1367.0000
5947.7741	1409.0000
5947.8096	1359.0000
5947.8451	1441.0000
5947.8806	1482.0000
5947.9161	1428.0000
5947.9516	1393.0000
5947.9871	1335.0000
5948.0226	1349.0000
5948.0581	1418.0000
5948.0936	1433.0000
5948.1291	1418.0000
5948.1646	1443.0000
5948.2001	1509.0000
5948.2356	1510.0000
5948.2711	1484.0000
5948.3066	1615.0000
5948.3421	1591.0000
5948.3776	1572.0000
5948.4131	1598.0000
5948.4485	1671.0000
5948.4840	1684.0000
5948.5196	1668.0000
5948.5551	1587.0000
5948.5906	1694.0000
5948.6261	1755.0000
5948.6615	1699.0000
5948.6970	1615.0000
5948.7325	1670.0000
5948.7680	1688.0000
5948.8034	1668.0000
5948.8389	1658.0000
5948.8744	1668.0000
5948.9098	1588.0000
5948.9453	1544.0000
5948.9808	1528.0000
5949.0162	1575.0000
5949.0517	1495.0000
5949.0871	1472.0000
5949.1226	1538.0000
5949.1580	1569.0000
5949.1935	1658.0000
5949.2290	1650.0000
5949.2644	1573.0000
5949.2999	1540.0000
5949.3353	1536.0000
5949.3708	1523.0000
5949.4062	1454.0000
5949.4416	1332.0000
5949.4771	1302.0000
5949.5125	1292.0000
5949.5480	1288.0000
5949.5835	1355.0000
5949.6189	1326.0000
5949.6544	1287.0000
5949.6898	1213.0000
5949.7252	1252.0000
5949.7607	1257.0000
5949.7961	1271.0000
5949.8315	1353.0000
5949.8670	1394.0000
5949.9024	1375.0000
5949.9378	1364.0000
5949.9732	1368.0000
5950.0086	1335.0000
5950.0441	1295.0000
5950.0795	1248.0000
5950.1149	1347.0000
5950.1503	1314.0000
5950.1857	1315.0000
5950.2211	1425.0000
5950.2565	1466.0000
5950.2919	1430.0000
5950.3274	1464.0000
5950.3628	1523.0000
5950.3982	1493.0000
5950.4336	1438.0000
5950.4690	1483.0000
5950.5044	1547.0000
5950.5398	1521.0000
5950.5752	1473.0000
5950.6106	1507.0000
5950.6460	1440.0000
5950.6814	1468.0000
5950.7168	1526.0000
5950.7522	1632.0000
5950.7876	1617.0000
5950.8230	1642.0000
5950.8584	1646.0000
5950.8938	1615.0000
5950.9291	1574.0000
5950.9645	1623.0000
5950.9999	1619.0000
5951.0353	1631.0000
5951.0706	1664.0000
5951.1060	1560.0000
5951.1414	1552.0000
5951.1768	1604.0000
5951.2121	1583.0000
5951.2475	1565.0000
5951.2829	1581.0000
5951.3182	1615.0000
5951.3536	1605.0000
5951.3890	1580.0000
5951.4243	1536.0000
5951.4597	1574.0000
5951.4950	1575.0000
5951.5304	1554.0000
5951.5657	1601.0000
5951.6011	1616.0000
5951.6364	1639.0000
5951.6718	1656.0000
5951.7072	1834.0000
5951.7426	1847.0000
5951.7779	1868.0000
5951.8133	1800.0000
5951.8486	1739.0000
5951.8840	1780.0000
5951.9193	1688.0000
5951.9546	1665.0000
5951.9900	1643.0000
5952.0253	1620.0000
5952.0606	1584.0000
5952.0960	1552.0000
5952.1313	1603.0000
5952.1666	1661.0000
5952.2020	1642.0000
5952.2373	1449.0000
5952.2726	1409.0000
5952.3079	1533.0000
5952.3433	1621.0000
5952.3786	1675.0000
5952.4139	1670.0000
5952.4492	1786.0000
5952.4845	1801.0000
5952.5198	1763.0000
5952.5552	1813.0000
5952.5905	1785.0000
5952.6258	1843.0000
5952.6611	1845.0000
5952.6964	1783.0000
5952.7318	1754.0000
5952.7671	1852.0000
5952.8024	1823.0000
5952.8377	1758.0000
5952.8730	1832.0000
5952.9083	1802.0000
5952.9436	1774.0000
5952.9789	1780.0000
5953.0142	1661.0000
5953.0495	1702.0000
5953.0848	1699.0000
5953.1201	1687.0000
5953.1553	1620.0000
5953.1906	1617.0000
5953.2259	1628.0000
5953.2612	1676.0000
5953.2965	1649.0000
5953.3317	1657.0000
5953.3670	1733.0000
5953.4023	1759.0000
5953.4376	1707.0000
5953.4729	1647.0000
5953.5081	1653.0000
5953.5434	1724.0000
5953.5787	1655.0000
5953.6139	1617.0000
5953.6492	1711.0000
5953.6845	1794.0000
5953.7197	1819.0000
5953.7550	1879.0000
5953.7903	1870.0000
5953.8256	1833.0000
5953.8609	1789.0000
5953.8961	1873.0000
5953.9314	1891.0000
5953.9666	1948.0000
5954.0019	1923.0000
5954.0371	1858.0000
5954.0724	1815.0000
5954.1076	1912.0000
5954.1429	2014.0000
5954.1781	1988.0000
5954.2134	1921.0000
5954.2486	1968.0000
5954.2838	2014.0000
5954.3191	2034.0000
5954.3543	1993.0000
5954.3895	1951.0000
5954.4248	1824.0000
5954.4600	1718.0000
5954.4952	1701.0000
5954.5305	1712.0000
5954.5657	1668.0000
5954.6009	1623.0000
5954.6361	1610.0000
5954.6714	1686.0000
5954.7066	1763.0000
5954.7418	1855.0000
5954.7770	1823.0000
5954.8122	1870.0000
5954.8476	1914.0000
5954.8828	1940.0000
5954.9180	1875.0000
5954.9532	1838.0000
5954.9884	1796.0000
5955.0236	1810.0000
5955.0588	1691.0000
5955.0940	1674.0000
5955.1292	1518.0000
5955.1644	1487.0000
5955.1996	1432.0000
5955.2348	1492.0000
5955.2700	1543.0000
5955.3052	1524.0000
5955.3404	1461.0000
5955.3756	1529.0000
5955.4108	1582.0000
5955.4460	1524.0000
5955.4812	1476.0000
5955.5164	1448.0000
5955.5515	1464.0000
5955.5867	1443.0000
5955.6219	1497.0000
5955.6571	1513.0000
5955.6923	1541.0000
5955.7275	1619.0000
5955.7626	1573.0000
5955.7978	1655.0000
5955.8330	1679.0000
5955.8681	1660.0000
5955.9034	1702.0000
5955.9386	1722.0000
5955.9738	1626.0000
5956.0089	1590.0000
5956.0441	1648.0000
5956.0792	1728.0000
5956.1144	1649.0000
5956.1496	1594.0000
5956.1847	1655.0000
5956.2199	1693.0000
5956.2550	1724.0000
5956.2902	1744.0000
5956.3253	1746.0000
5956.3605	1775.0000
5956.3956	1781.0000
5956.4308	1754.0000
5956.4659	1718.0000
5956.5011	1724.0000
5956.5362	1751.0000
5956.5714	1772.0000
5956.6065	1737.0000
5956.6416	1772.0000
5956.6768	1762.0000
5956.7119	1736.0000
5956.7471	1736.0000
5956.7822	1719.0000
5956.8173	1714.0000
5956.8525	1686.0000
5956.8876	1729.0000
5956.9227	1762.0000
5956.9579	1719.0000
5956.9931	1759.0000
5957.0282	1680.0000
5957.0633	1705.0000
5957.0984	1727.0000
5957.1335	1688.0000
5957.1687	1741.0000
5957.2038	1726.0000
5957.2389	1753.0000
5957.2740	1822.0000
5957.3091	1794.0000
5957.3442	1745.0000
5957.3793	1761.0000
5957.4144	1822.0000
5957.4495	1806.0000
5957.4846	1773.0000
5957.5197	1821.0000
5957.5548	1754.0000
5957.5899	1808.0000
5957.6250	1747.0000
5957.6601	1688.0000
5957.6952	1805.0000
5957.7303	1801.0000
5957.7654	1763.0000
5957.8005	1762.0000
5957.8356	1717.0000
5957.8707	1682.0000
5957.9058	1692.0000
5957.9408	1763.0000
5957.9759	1874.0000
5958.0111	1830.0000
5958.0462	1851.0000
5958.0813	1753.0000
5958.1163	1794.0000
5958.1514	1752.0000
5958.1865	1695.0000
5958.2216	1698.0000
5958.2566	1724.0000
5958.2917	1715.0000
5958.3268	1641.0000
5958.3618	1590.0000
5958.3969	1757.0000
5958.4320	1715.0000
5958.4670	1720.0000
5958.5021	1802.0000
5958.5371	1784.0000
5958.5722	1820.0000
5958.6072	1867.0000
5958.6423	1916.0000
5958.6773	1852.0000
5958.7124	1827.0000
5958.7474	1820.0000
5958.7825	1849.0000
5958.8175	1853.0000
5958.8526	1841.0000
5958.8876	1849.0000
5958.9227	1839.0000
5958.9577	1867.0000
5958.9927	1898.0000
5959.0278	1832.0000
5959.0629	1825.0000
5959.0980	1817.0000
5959.1330	1762.0000
5959.1680	1742.0000
5959.2030	1697.0000
5959.2381	1679.0000
5959.2731	1665.0000
5959.3081	1776.0000
5959.3432	1827.0000
5959.3782	1776.0000
5959.4132	1799.0000
5959.4482	1771.0000
5959.4832	1760.0000
5959.5182	1774.0000
5959.5533	1791.0000
5959.5883	1784.0000
5959.6233	1702.0000
5959.6583	1694.0000
5959.6933	1810.0000
5959.7283	1916.0000
5959.7633	1908.0000
5959.7983	1963.0000
5959.8333	1936.0000
5959.8683	1891.0000
5959.9033	1871.0000
5959.9383	1948.0000
5959.9733	1965.0000
5960.0083	1865.0000
5960.0433	1852.0000
5960.0783	1902.0000
5960.1134	1892.0000
5960.1484	1873.0000
5960.1834	1848.0000
5960.2184	1908.0000
5960.2533	1978.0000
5960.2883	2033.0000
5960.3233	2021.0000
5960.3583	2042.0000
5960.3933	2040.0000
5960.4282	2002.0000
5960.4632	1984.0000
5960.4982	1912.0000
5960.5332	1881.0000
5960.5681	1972.0000
5960.6031	1924.0000
5960.6381	1937.0000
5960.6730	2008.0000
5960.7080	1994.0000
5960.7430	2050.0000
5960.7779	2035.0000
5960.8129	2137.0000
5960.8479	2133.0000
5960.8828	2098.0000
5960.9178	2046.0000
5960.9527	1955.0000
5960.9877	1917.0000
5961.0226	1978.0000
5961.0576	2012.0000
5961.0925	1919.0000
5961.1275	1881.0000
5961.1625	1832.0000
5961.1975	1846.0000
5961.2324	1855.0000
5961.2674	1895.0000
5961.3023	2015.0000
5961.3372	2091.0000
5961.3722	2198.0000
5961.4071	2228.0000
5961.4420	2245.0000
5961.4770	2180.0000
5961.5119	2213.0000
5961.5468	2262.0000
5961.5818	2168.0000
5961.6167	2090.0000
5961.6516	1942.0000
5961.6865	1982.0000
5961.7215	1960.0000
5961.7564	1942.0000
5961.7913	1987.0000
5961.8262	2119.0000
5961.8611	2109.0000
5961.8960	2104.0000
5961.9310	2195.0000
5961.9659	2117.0000
5962.0008	2117.0000
5962.0357	2166.0000
5962.0706	2045.0000
5962.1055	2052.0000
5962.1404	2026.0000
5962.1753	2021.0000
5962.2103	2049.0000
5962.2452	2004.0000
5962.2801	2109.0000
5962.3150	2113.0000
5962.3499	2113.0000
5962.3848	2177.0000
5962.4197	2268.0000
5962.4546	2372.0000
5962.4895	2450.0000
5962.5243	2395.0000
5962.5592	2291.0000
5962.5941	2287.0000
5962.6290	2226.0000
5962.6639	2080.0000
5962.6988	2074.0000
5962.7336	2061.0000
5962.7685	1958.0000
5962.8034	1902.0000
5962.8383	1957.0000
5962.8731	2054.0000
5962.9080	1995.0000
5962.9429	2065.0000
5962.9777	1932.0000
5963.0126	1878.0000
5963.0475	2011.0000
5963.0823	2091.0000
5963.1172	2101.0000
5963.1521	2062.0000
5963.1869	2029.0000
5963.2218	2115.0000
5963.2566	2106.0000
5963.2916	2066.0000
5963.3264	2040.0000
5963.3613	2037.0000
5963.3961	2003.0000
5963.4310	1976.0000
5963.4658	1967.0000
5963.5007	2003.0000
5963.5355	2169.0000
5963.5704	2224.0000
5963.6052	2166.0000
5963.6400	2228.0000
5963.6749	2273.0000
5963.7097	2152.0000
5963.7446	2199.0000
5963.7794	2134.0000
5963.8142	2112.0000
5963.8490	2098.0000
5963.8839	2171.0000
5963.9187	2170.0000
5963.9535	2171.0000
5963.9884	2126.0000
5964.0232	2127.0000
5964.0580	2156.0000
5964.0928	2049.0000
5964.1276	2063.0000
5964.1625	2238.0000
5964.1973	2324.0000
5964.2321	2249.0000
5964.2669	2256.0000
5964.3017	2244.0000
5964.3366	2190.0000
5964.3714	2212.0000
5964.4062	2192.0000
5964.4410	2152.0000
5964.4758	2121.0000
5964.5106	2150.0000
5964.5454	2089.0000
5964.5802	2161.0000
5964.6150	2156.0000
5964.6498	2117.0000
5964.6846	2128.0000
5964.7194	2200.0000
5964.7542	2131.0000
5964.7890	2086.0000
5964.8238	2230.0000
5964.8586	2178.0000
5964.8934	2197.0000
5964.9281	2210.0000
5964.9629	2220.0000
5964.9977	2218.0000
5965.0325	2122.0000
5965.0673	2189.0000
5965.1020	2092.0000
5965.1368	2188.0000
5965.1716	2211.0000
5965.2064	2155.0000
5965.2411	2112.0000
5965.2759	2192.0000
5965.3107	2238.0000
5965.3454	2276.0000
5965.3803	2367.0000
5965.4151	2325.0000
5965.4498	2448.0000
5965.4846	2319.0000
5965.5193	2303.0000
5965.5541	2311.0000
5965.5889	2279.0000
5965.6236	2251.0000
5965.6584	2284.0000
5965.6931	2303.0000
5965.7279	2318.0000
5965.7626	2349.0000
5965.7974	2370.0000
5965.8321	2394.0000
5965.8668	2423.0000
5965.9016	2346.0000
5965.9363	2271.0000
5965.9711	2243.0000
5966.0058	2255.0000
5966.0405	2354.0000
5966.0753	2387.0000
5966.1100	2423.0000
5966.1447	2402.0000
5966.1795	2339.0000
5966.2142	2449.0000
5966.2489	2397.0000
5966.2837	2347.0000
5966.3184	2321.0000
5966.3531	2281.0000
5966.3878	2263.0000
5966.4226	2283.0000
5966.4574	2289.0000
5966.4921	2345.0000
5966.5268	2434.0000
5966.5615	2332.0000
5966.5962	2237.0000
5966.6309	2298.0000
5966.6656	2283.0000
5966.7003	2218.0000
5966.7350	2236.0000
5966.7698	2231.0000
5966.8045	2389.0000
5966.8392	2415.0000
5966.8739	2440.0000
5966.9086	2465.0000
5966.9433	2415.0000
5966.9779	2374.0000
5967.0126	2425.0000
5967.0473	2322.0000
5967.0820	2353.0000
5967.1167	2288.0000
5967.1514	2273.0000
5967.1861	2310.0000
5967.2208	2346.0000
5967.2555	2365.0000
5967.2901	2448.0000
5967.3248	2396.0000
5967.3595	2398.0000
5967.3942	2457.0000
5967.4289	2399.0000
5967.4635	2452.0000
5967.4983	2474.0000
5967.5330	2504.0000
5967.5676	2533.0000
5967.6023	2622.0000
5967.6370	2480.0000
5967.6716	2480.0000
5967.7063	2477.0000
5967.7410	2492.0000
5967.7756	2341.0000
5967.8103	2237.0000
5967.8449	2333.0000
5967.8796	2321.0000
5967.9143	2352.0000
5967.9489	2400.0000
5967.9836	2415.0000
5968.0182	2373.0000
5968.0529	2383.0000
5968.0875	2301.0000
5968.1222	2282.0000
5968.1568	2346.0000
5968.1914	2326.0000
5968.2261	2284.0000
5968.2607	2251.0000
5968.2954	2204.0000
5968.3300	2293.0000
5968.3646	2256.0000
5968.3993	2240.0000
5968.4339	2392.0000
5968.4685	2407.0000
5968.5032	2444.0000
5968.5379	2352.0000
5968.5725	2374.0000
5968.6071	2380.0000
5968.6418	2281.0000
5968.6764	2261.0000
5968.7110	2335.0000
5968.7456	2391.0000
5968.7802	2316.0000
5968.8149	2308.0000
5968.8495	2367.0000
5968.8841	2197.0000
5968.9187	2253.0000
5968.9533	2383.0000
5968.9879	2388.0000
5969.0225	2472.0000
5969.0571	2529.0000
5969.0917	2582.0000
5969.1263	2694.0000
5969.1609	2669.0000
5969.1955	2631.0000
5969.2301	2583.0000
5969.2647	2496.0000
5969.2993	2455.0000
5969.3339	2511.0000
5969.3685	2432.0000
5969.4031	2443.0000
5969.4377	2425.0000
5969.4723	2372.0000
5969.5069	2399.0000
5969.5414	2352.0000
5969.5761	2363.0000
5969.6107	2367.0000
5969.6453	2394.0000
5969.6799	2364.0000
5969.7144	2394.0000
5969.7490	2337.0000
5969.7836	2357.0000
5969.8182	2352.0000
5969.8527	2424.0000
5969.8873	2526.0000
5969.9219	2576.0000
5969.9564	2511.0000
5969.9910	2643.0000
5970.0256	2679.0000
5970.0601	2633.0000
5970.0947	2668.0000
5970.1293	2590.0000
5970.1638	2534.0000
5970.1984	2454.0000
5970.2329	2621.0000
5970.2675	2564.0000
5970.3020	2487.0000
5970.3366	2508.0000
5970.3711	2559.0000
5970.4057	2518.0000
5970.4402	2541.0000
5970.4748	2492.0000
5970.5093	2464.0000
5970.5438	2515.0000
5970.5784	2560.0000
5970.6129	2523.0000
5970.6476	2549.0000
5970.6821	2601.0000
5970.7166	2587.0000
5970.7512	2688.0000
5970.7857	2607.0000
5970.8202	2690.0000
5970.8547	2735.0000
5970.8893	2739.0000
5970.9238	2654.0000
5970.9583	2687.0000
5970.9928	2781.0000
5971.0274	2798.0000
5971.0619	2831.0000
5971.0964	2831.0000
5971.1309	2753.0000
5971.1654	2691.0000
5971.1999	2659.0000
5971.2344	2528.0000
5971.2690	2585.0000
5971.3035	2497.0000
5971.3380	2504.0000
5971.3725	2519.0000
5971.4070	2562.0000
5971.4415	2537.0000
5971.4760	2595.0000
5971.5105	2604.0000
5971.5450	2629.0000
5971.5795	2567.0000
5971.6140	2574.0000
5971.6485	2634.0000
5971.6830	2633.0000
5971.7175	2653.0000
5971.7520	2690.0000
5971.7865	2632.0000
5971.8210	2636.0000
5971.8555	2642.0000
5971.8900	2454.0000
5971.9244	2272.0000
5971.9589	2125.0000
5971.9934	2073.0000
5972.0279	2002.0000
5972.0624	1844.0000
5972.0968	1804.0000
5972.1313	1751.0000
5972.1658	1697.0000
5972.2002	1669.0000
5972.2347	1643.0000
5972.2692	1587.0000
5972.3036	1513.0000
5972.3381	1605.0000
5972.3726	1545.0000
5972.4070	1552.0000
5972.4415	1533.0000
5972.4759	1532.0000
5972.5104	1606.0000
5972.5448	1566.0000
5972.5793	1602.0000
5972.6137	1593.0000
5972.6482	1542.0000
5972.6826	1591.0000
5972.7171	1613.0000
5972.7516	1643.0000
5972.7861	1579.0000
5972.8205	1539.0000
5972.8550	1613.0000
5972.8894	1664.0000
5972.9238	1659.0000
5972.9583	1607.0000
5972.9927	1598.0000
5973.0271	1616.0000
5973.0616	1668.0000
5973.0960	1687.0000
5973.1304	1691.0000
5973.1649	1697.0000
5973.1993	1727.0000
5973.2337	1709.0000
5973.2681	1705.0000
5973.3025	1655.0000
5973.3370	1635.0000
5973.3714	1600.0000
5973.4058	1678.0000
5973.4402	1715.0000
5973.4746	1689.0000
5973.5090	1643.0000
5973.5434	1662.0000
5973.5779	1673.0000
5973.6123	1688.0000
5973.6467	1648.0000
5973.6811	1648.0000
5973.7155	1652.0000
5973.7499	1695.0000
5973.7843	1695.0000
5973.8188	1639.0000
5973.8532	1685.0000
5973.8876	1675.0000
5973.9220	1666.0000
5973.9564	1711.0000
5973.9907	1689.0000
5974.0251	1760.0000
5974.0595	1784.0000
5974.0939	1698.0000
5974.1283	1691.0000
5974.1627	1746.0000
5974.1971	1711.0000
5974.2314	1678.0000
5974.2658	1766.0000
5974.3002	1738.0000
5974.3346	1721.0000
5974.3689	1689.0000
5974.4033	1728.0000
5974.4377	1733.0000
5974.4721	1746.0000
5974.5064	1786.0000
5974.5408	1817.0000
5974.5752	1805.0000
5974.6095	1841.0000
5974.6439	1797.0000
5974.6782	1732.0000
5974.7126	1704.0000
5974.7470	1765.0000
5974.7813	1732.0000
5974.8157	1675.0000
5974.8501	1763.0000
5974.8845	1882.0000
5974.9188	1878.0000
5974.9532	1831.0000
5974.9875	1860.0000
5975.0219	1842.0000
5975.0562	1756.0000
5975.0906	1835.0000
5975.1249	1756.0000
5975.1592	1686.0000
5975.1936	1865.0000
5975.2279	1858.0000
5975.2622	1822.0000
5975.2966	1818.0000
5975.3309	1814.0000
5975.3652	1845.0000
5975.3996	1839.0000
5975.4339	1894.0000
5975.4682	1810.0000
5975.5025	1745.0000
5975.5369	1753.0000
5975.5712	1797.0000
5975.6055	1864.0000
5975.6398	1753.0000
5975.6741	1640.0000
5975.7085	1718.0000
5975.7428	1852.0000
5975.7771	1868.0000
5975.8114	1871.0000
5975.8457	1827.0000
5975.8800	1984.0000
5975.9144	1957.0000
5975.9487	1971.0000
5975.9830	2034.0000
5976.0173	2028.0000
5976.0516	2050.0000
5976.0859	2017.0000
5976.1202	2011.0000
5976.1545	2118.0000
5976.1888	2053.0000
5976.2231	2028.0000
5976.2574	2063.0000
5976.2917	2078.0000
5976.3260	2056.0000
5976.3603	2010.0000
5976.3946	2092.0000
5976.4288	2042.0000
5976.4631	2087.0000
5976.4974	2051.0000
5976.5317	2122.0000
5976.5660	2062.0000
5976.6002	2081.0000
5976.6345	2214.0000
5976.6688	2245.0000
5976.7031	2099.0000
5976.7373	2168.0000
5976.7716	2144.0000
5976.8059	2178.0000
5976.8401	2279.0000
5976.8744	2183.0000
5976.9087	2218.0000
5976.9429	2291.0000
5976.9773	2363.0000
5977.0115	2313.0000
5977.0458	2271.0000
5977.0800	2269.0000
5977.1143	2221.0000
5977.1486	2273.0000
5977.1828	2280.0000
5977.2171	2294.0000
5977.2513	2256.0000
5977.2855	2343.0000
5977.3198	2362.0000
5977.3540	2317.0000
5977.3883	2330.0000
5977.4225	2353.0000
5977.4568	2283.0000
5977.4910	2301.0000
5977.5252	2280.0000
5977.5595	2240.0000
5977.5937	2383.0000
5977.6279	2390.0000
5977.6622	2428.0000
5977.6964	2348.0000
5977.7306	2368.0000
5977.7648	2403.0000
5977.7991	2387.0000
5977.8333	2401.0000
5977.8675	2465.0000
5977.9017	2554.0000
5977.9359	2602.0000
5977.9702	2648.0000
5978.0045	2694.0000
5978.0387	2704.0000
5978.0729	2812.0000
5978.1071	2942.0000
5978.1413	2895.0000
5978.1755	2802.0000
5978.2097	2836.0000
5978.2439	2876.0000
5978.2781	2833.0000
5978.3123	2833.0000
5978.3465	2816.0000
5978.3807	2831.0000
5978.4149	2820.0000
5978.4491	2763.0000
5978.4833	2846.0000
5978.5175	2785.0000
5978.5517	2711.0000
5978.5859	2750.0000
5978.6201	2780.0000
5978.6543	2708.0000
5978.6884	2682.0000
5978.7226	2677.0000
5978.7568	2683.0000
5978.7910	2615.0000
5978.8252	2578.0000
5978.8594	2716.0000
5978.8935	2658.0000
5978.9277	2623.0000
5978.9619	2684.0000
5978.9960	2664.0000
5979.0302	2653.0000
5979.0645	2639.0000
5979.0986	2674.0000
5979.1328	2581.0000
5979.1670	2616.0000
5979.2011	2674.0000
5979.2353	2685.0000
5979.2695	2526.0000
5979.3036	2461.0000
5979.3378	2608.0000
5979.3719	2606.0000
5979.4061	2562.0000
5979.4402	2472.0000
5979.4744	2529.0000
5979.5085	2506.0000
5979.5427	2498.0000
5979.5768	2477.0000
5979.6110	2514.0000
5979.6451	2531.0000
5979.6792	2470.0000
5979.7134	2481.0000
5979.7475	2438.0000
5979.7817	2465.0000
5979.8158	2416.0000
5979.8499	2361.0000
5979.8841	2379.0000
5979.9182	2415.0000
5979.9523	2449.0000
5979.9865	2479.0000
5980.0206	2450.0000
5980.0547	2458.0000
5980.0888	2479.0000
5980.1230	2434.0000
5980.1572	2453.0000
5980.1913	2456.0000
5980.2254	2434.0000
5980.2595	2468.0000
5980.2936	2444.0000
5980.3277	2438.0000
5980.3619	2435.0000
5980.3960	2405.0000
5980.4301	2377.0000
5980.4642	2410.0000
5980.4983	2464.0000
5980.5324	2415.0000
5980.5665	2442.0000
5980.6006	2361.0000
5980.6347	2372.0000
5980.6688	2342.0000
5980.7029	2354.0000
5980.7370	2461.0000
5980.7711	2431.0000
5980.8052	2379.0000
5980.8392	2267.0000
5980.8733	2387.0000
5980.9074	2418.0000
5980.9415	2370.0000
5980.9756	2306.0000
5981.0097	2275.0000
5981.0438	2357.0000
5981.0778	2390.0000
5981.1119	2398.0000
5981.1460	2286.0000
5981.1802	2212.0000
5981.2142	2319.0000
5981.2483	2336.0000
5981.2824	2353.0000
5981.3164	2421.0000
5981.3505	2342.0000
5981.3846	2383.0000
5981.4186	2445.0000
5981.4527	2354.0000
5981.4868	2328.0000
5981.5208	2309.0000
5981.5549	2330.0000
5981.5889	2274.0000
5981.6230	2353.0000
5981.6570	2330.0000
5981.6911	2328.0000
5981.7252	2329.0000
5981.7592	2421.0000
5981.7932	2321.0000
5981.8273	2381.0000
5981.8613	2323.0000
5981.8954	2362.0000
5981.9294	2378.0000
5981.9635	2400.0000
5981.9975	2274.0000
5982.0315	2384.0000
5982.0656	2390.0000
5982.0996	2385.0000
5982.1336	2389.0000
5982.1677	2404.0000
5982.2017	2367.0000
5982.2358	2338.0000
5982.2699	2334.0000
5982.3039	2380.0000
5982.3379	2335.0000
5982.3719	2394.0000
5982.4059	2368.0000
5982.4400	2326.0000
5982.4740	2386.0000
5982.5080	2365.0000
5982.5420	2383.0000
5982.5760	2427.0000
5982.6100	2363.0000
5982.6441	2347.0000
5982.6781	2368.0000
5982.7121	2363.0000
5982.7461	2376.0000
5982.7801	2350.0000
5982.8141	2342.0000
5982.8481	2348.0000
5982.8821	2408.0000
5982.9161	2312.0000
5982.9501	2344.0000
5982.9841	2437.0000
5983.0181	2375.0000
5983.0521	2364.0000
5983.0860	2349.0000
5983.1200	2382.0000
5983.1540	2311.0000
5983.1880	2262.0000
5983.2220	2296.0000
5983.2560	2277.0000
5983.2901	2282.0000
5983.3240	2280.0000
5983.3580	2284.0000
5983.3920	2296.0000
5983.4260	2263.0000
5983.4599	2345.0000
5983.4939	2357.0000
5983.5279	2292.0000
5983.5619	2331.0000
5983.5958	2305.0000
5983.6298	2389.0000
5983.6637	2395.0000
5983.6977	2353.0000
5983.7317	2398.0000
5983.7656	2405.0000
5983.7996	2374.0000
5983.8336	2386.0000
5983.8675	2383.0000
5983.9015	2323.0000
5983.9354	2346.0000
5983.9694	2295.0000
5984.0033	2383.0000
5984.0373	2453.0000
5984.0712	2430.0000
5984.1052	2409.0000
5984.1391	2397.0000
5984.1730	2493.0000
5984.2070	2491.0000
5984.2409	2487.0000
5984.2749	2429.0000
5984.3088	2401.0000
5984.3428	2384.0000
5984.3768	2372.0000
5984.4107	2407.0000
5984.4446	2379.0000
5984.4786	2269.0000
5984.5125	2191.0000
5984.5464	2130.0000
5984.5803	2140.0000
5984.6143	2171.0000
5984.6482	2169.0000
5984.6821	2156.0000
5984.7160	2174.0000
5984.7499	2196.0000
5984.7838	2291.0000
5984.8178	2308.0000
5984.8517	2367.0000
5984.8856	2364.0000
5984.9195	2401.0000
5984.9534	2425.0000
5984.9873	2507.0000
5985.0212	2561.0000
5985.0551	2554.0000
5985.0890	2528.0000
5985.1229	2507.0000
5985.1568	2418.0000
5985.1907	2494.0000
5985.2246	2534.0000
5985.2585	2466.0000
5985.2924	2347.0000
5985.3263	2321.0000
5985.3602	2355.0000
5985.3942	2343.0000
5985.4280	2351.0000
5985.4619	2353.0000
5985.4958	2378.0000
5985.5297	2408.0000
5985.5636	2434.0000
5985.5975	2471.0000
5985.6313	2357.0000
5985.6652	2430.0000
5985.6991	2454.0000
5985.7330	2337.0000
5985.7668	2444.0000
5985.8007	2533.0000
5985.8346	2590.0000
5985.8684	2536.0000
5985.9023	2500.0000
5985.9362	2606.0000
5985.9700	2760.0000
5986.0039	2695.0000
5986.0377	2720.0000
5986.0716	2639.0000
5986.1055	2660.0000
5986.1393	2698.0000
5986.1732	2723.0000
5986.2070	2630.0000
5986.2409	2552.0000
5986.2747	2675.0000
5986.3086	2675.0000
5986.3424	2575.0000
5986.3762	2751.0000
5986.4101	2735.0000
5986.4440	2695.0000
5986.4779	2602.0000
5986.5117	2557.0000
5986.5455	2600.0000
5986.5794	2505.0000
5986.6132	2400.0000
5986.6470	2429.0000
5986.6809	2461.0000
5986.7147	2449.0000
5986.7485	2525.0000
5986.7824	2528.0000
5986.8162	2627.0000
5986.8500	2544.0000
5986.8838	2526.0000
5986.9177	2512.0000
5986.9515	2528.0000
5986.9853	2535.0000
5987.0191	2507.0000
5987.0529	2555.0000
5987.0867	2532.0000
5987.1205	2493.0000
5987.1543	2518.0000
5987.1882	2627.0000
5987.2220	2646.0000
5987.2558	2646.0000
5987.2896	2625.0000
5987.3234	2570.0000
5987.3572	2507.0000
5987.3910	2430.0000
5987.4248	2471.0000
5987.4586	2384.0000
5987.4925	2344.0000
5987.5263	2179.0000
5987.5600	2202.0000
5987.5938	2123.0000
5987.6276	2016.0000
5987.6614	1948.0000
5987.6952	1953.0000
5987.7290	1882.0000
5987.7628	1846.0000
5987.7965	1875.0000
5987.8303	1895.0000
5987.8641	1889.0000
5987.8979	1992.0000
5987.9317	1882.0000
5987.9654	1873.0000
5987.9992	1839.0000
5988.0330	1881.0000
5988.0667	1933.0000
5988.1005	1962.0000
5988.1343	1899.0000
5988.1680	1927.0000
5988.2018	1965.0000
5988.2356	1959.0000
5988.2693	2085.0000
5988.3031	2020.0000
5988.3368	2046.0000
5988.3706	2013.0000
5988.4043	2035.0000
5988.4381	2093.0000
5988.4718	2039.0000
5988.5056	2032.0000
5988.5394	1996.0000
5988.5732	2029.0000
5988.6069	2000.0000
5988.6407	2051.0000
5988.6744	2055.0000
5988.7082	2128.0000
5988.7419	2161.0000
5988.7756	2114.0000
5988.8094	2138.0000
5988.8431	2038.0000
5988.8768	2057.0000
5988.9106	2126.0000
5988.9443	2079.0000
5988.9780	2104.0000
5989.0117	2120.0000
5989.0455	2080.0000
5989.0792	2103.0000
5989.1129	2055.0000
5989.1466	2124.0000
5989.1804	2100.0000
5989.2141	2105.0000
5989.2478	2091.0000
5989.2815	2180.0000
5989.3152	2199.0000
5989.3489	2216.0000
5989.3826	2216.0000
5989.4164	2300.0000
5989.4501	2214.0000
5989.4838	2209.0000
5989.5175	2273.0000
5989.5512	2135.0000
5989.5850	2202.0000
5989.6187	2308.0000
5989.6524	2234.0000
5989.6861	2237.0000
5989.7198	2222.0000
5989.7535	2132.0000
5989.7871	2231.0000
5989.8208	2218.0000
5989.8545	2261.0000
5989.8882	2239.0000
5989.9219	2185.0000
5989.9556	2147.0000
5989.9893	2137.0000
5990.0229	2179.0000
5990.0566	2156.0000
5990.0903	2199.0000
5990.1240	2277.0000
5990.1577	2318.0000
5990.1913	2230.0000
5990.2250	2205.0000
5990.2587	2177.0000
5990.2923	2194.0000
5990.3260	2256.0000
5990.3597	2339.0000
5990.3933	2256.0000
5990.4270	2270.0000
5990.4607	2298.0000
5990.4943	2328.0000
5990.5280	2278.0000
5990.5616	2240.0000
5990.5953	2327.0000
5990.6290	2322.0000
5990.6627	2318.0000
5990.6964	2308.0000
5990.7300	2330.0000
5990.7637	2497.0000
5990.7973	2565.0000
5990.8309	2618.0000
5990.8646	2424.0000
5990.8982	2476.0000
5990.9319	2478.0000
5990.9655	2443.0000
5990.9991	2521.0000
5991.0328	2585.0000
5991.0664	2504.0000
5991.1000	2472.0000
5991.1337	2538.0000
5991.1673	2582.0000
5991.2009	2525.0000
5991.2346	2458.0000
5991.2682	2527.0000
5991.3018	2503.0000
5991.3354	2373.0000
5991.3691	2440.0000
5991.4027	2509.0000
5991.4363	2393.0000
5991.4699	2379.0000
5991.5035	2413.0000
5991.5371	2447.0000
5991.5708	2434.0000
5991.6044	2428.0000
5991.6380	2442.0000
5991.6716	2462.0000
5991.7053	2514.0000
5991.7389	2496.0000
5991.7725	2607.0000
5991.8061	2661.0000
5991.8397	2557.0000
5991.8733	2601.0000
5991.9069	2636.0000
5991.9405	2670.0000
5991.9741	2571.0000
5992.0077	2572.0000
5992.0413	2569.0000
5992.0748	2601.0000
5992.1084	2591.0000
5992.1420	2557.0000
5992.1756	2578.0000
5992.2092	2721.0000
5992.2428	2713.0000
5992.2764	2767.0000
5992.3099	2781.0000
5992.3435	2769.0000
5992.3771	2771.0000
5992.4107	2822.0000
5992.4442	2706.0000
5992.4778	2626.0000
5992.5114	2635.0000
5992.5449	2573.0000
5992.5785	2570.0000
5992.6121	2761.0000
5992.6456	2853.0000
5992.6792	2879.0000
5992.7128	2943.0000
5992.7464	3016.0000
5992.7800	3071.0000
5992.8135	3189.0000
5992.8471	3292.0000
5992.8806	3117.0000
5992.9142	3101.0000
5992.9477	3070.0000
5992.9813	2995.0000
5993.0148	3012.0000
5993.0484	2982.0000
5993.0819	3084.0000
5993.1155	3139.0000
5993.1490	3148.0000
5993.1825	3193.0000
5993.2161	3132.0000
5993.2496	3129.0000
5993.2832	3181.0000
5993.3167	3102.0000
5993.3502	3137.0000
5993.3837	3103.0000
5993.4173	3104.0000
5993.4508	2982.0000
5993.4843	3062.0000
5993.5179	2997.0000
5993.5514	3080.0000
5993.5849	3120.0000
5993.6184	3105.0000
5993.6519	3162.0000
5993.6855	3125.0000
5993.7190	3012.0000
5993.7525	3007.0000
5993.7860	3029.0000
5993.8196	3016.0000
5993.8531	2968.0000
5993.8866	2877.0000
5993.9201	2842.0000
5993.9536	2925.0000
5993.9871	2807.0000
5994.0206	2792.0000
5994.0541	2925.0000
5994.0876	2879.0000
5994.1211	2857.0000
5994.1546	2893.0000
5994.1881	2800.0000
5994.2216	2891.0000
5994.2551	2863.0000
5994.2886	2932.0000
5994.3221	2853.0000
5994.3556	2788.0000
5994.3891	2777.0000
5994.4225	2867.0000
5994.4560	2858.0000
5994.4895	2915.0000
5994.5230	3012.0000
5994.5565	2975.0000
5994.5899	3086.0000
5994.6234	3150.0000
5994.6569	3192.0000
5994.6904	3098.0000
5994.7238	3029.0000
5994.7573	2984.0000
5994.7908	2954.0000
5994.8242	2897.0000
5994.8578	2882.0000
5994.8912	2897.0000
5994.9247	2850.0000
5994.9582	2830.0000
5994.9916	2783.0000
5995.0251	2766.0000
5995.0585	2703.0000
5995.0920	2758.0000
5995.1254	2759.0000
5995.1589	2807.0000
5995.1923	2820.0000
5995.2258	2833.0000
5995.2592	2824.0000
5995.2927	2800.0000
5995.3261	2733.0000
5995.3596	2800.0000
5995.3930	2826.0000
5995.4264	2963.0000
5995.4599	2961.0000
5995.4933	2950.0000
5995.5267	2968.0000
5995.5602	2883.0000
5995.5936	2877.0000
5995.6270	2875.0000
5995.6605	2853.0000
5995.6939	2830.0000
5995.7273	2805.0000
5995.7607	2676.0000
5995.7942	2637.0000
5995.8276	2694.0000
5995.8610	2727.0000
5995.8945	2829.0000
5995.9279	2785.0000
5995.9613	2809.0000
5995.9948	2811.0000
5996.0282	2916.0000
5996.0616	2841.0000
5996.0950	2820.0000
5996.1284	2824.0000
5996.1618	2830.0000
5996.1952	2778.0000
5996.2286	2790.0000
5996.2620	2824.0000
5996.2954	2760.0000
5996.3288	2739.0000
5996.3622	2704.0000
5996.3956	2732.0000
5996.4290	2730.0000
5996.4624	2797.0000
5996.4958	2815.0000
5996.5291	2779.0000
5996.5625	2775.0000
5996.5959	2774.0000
5996.6293	2727.0000
5996.6627	2640.0000
5996.6961	2720.0000
5996.7294	2755.0000
5996.7628	2589.0000
5996.7962	2577.0000
5996.8296	2635.0000
5996.8629	2691.0000
5996.8963	2788.0000
5996.9297	2733.0000
5996.9632	2688.0000
5996.9965	2654.0000
5997.0299	2600.0000
5997.0633	2661.0000
5997.0966	2613.0000
5997.1300	2623.0000
5997.1633	2676.0000
5997.1967	2694.0000
5997.2301	2724.0000
5997.2634	2669.0000
5997.2968	2709.0000
5997.3301	2739.0000
5997.3635	2804.0000
5997.3968	2892.0000
5997.4302	2946.0000
5997.4635	2958.0000
5997.4969	2869.0000
5997.5302	2895.0000
5997.5635	2832.0000
5997.5969	2783.0000
5997.6302	2760.0000
5997.6636	2715.0000
5997.6969	2794.0000
5997.7302	2834.0000
5997.7636	2727.0000
5997.7969	2742.0000
5997.8302	2840.0000
5997.8635	2714.0000
5997.8969	2718.0000
5997.9302	2795.0000
5997.9635	2805.0000
5997.9968	2763.0000
5998.0303	2790.0000
5998.0636	2833.0000
5998.0969	2748.0000
5998.1302	2702.0000
5998.1635	2645.0000
5998.1968	2672.0000
5998.2301	2722.0000
5998.2635	2811.0000
5998.2968	2873.0000
5998.3301	2945.0000
5998.3634	2906.0000
5998.3967	2891.0000
5998.4300	2909.0000
5998.4633	2920.0000
5998.4966	2845.0000
5998.5299	2784.0000
5998.5632	2721.0000
5998.5965	2760.0000
5998.6298	2771.0000
5998.6631	2732.0000
5998.6963	2767.0000
5998.7296	2734.0000
5998.7629	2751.0000
5998.7962	2868.0000
5998.8295	2867.0000
5998.8628	2854.0000
5998.8960	2855.0000
5998.9293	2847.0000
5998.9626	2874.0000
5998.9959	2899.0000
5999.0292	2872.0000
5999.0625	2714.0000
5999.0958	2655.0000
5999.1291	2611.0000
5999.1623	2665.0000
5999.1956	2665.0000
5999.2289	2649.0000
5999.2621	2709.0000
5999.2954	2702.0000
5999.3287	2824.0000
5999.3619	2756.0000
5999.3952	2771.0000
5999.4284	2910.0000
5999.4617	2997.0000
5999.4949	2991.0000
5999.5282	3067.0000
5999.5614	3026.0000
5999.5947	2913.0000
5999.6279	2925.0000
5999.6612	2897.0000
5999.6944	2849.0000
5999.7277	2807.0000
5999.7609	2824.0000
5999.7942	2922.0000
5999.8274	2844.0000
5999.8606	2770.0000
5999.8939	2799.0000
5999.9271	2828.0000
5999.9603	2844.0000
5999.9936	2817.0000
6000.0268	2713.0000
6000.0600	2626.0000
6000.0933	2691.0000
6000.1266	2638.0000
6000.1598	2647.0000
6000.1930	2627.0000
6000.2262	2664.0000
6000.2595	2630.0000
6000.2927	2600.0000
6000.3259	2542.0000
6000.3591	2642.0000
6000.3923	2664.0000
6000.4255	2650.0000
6000.4587	2619.0000
6000.4920	2747.0000
6000.5252	2712.0000
6000.5584	2695.0000
6000.5916	2726.0000
6000.6248	2600.0000
6000.6580	2575.0000
6000.6912	2691.0000
6000.7244	2771.0000
6000.7576	2728.0000
6000.7908	2702.0000
6000.8240	2719.0000
6000.8571	2680.0000
6000.8903	2690.0000
6000.9235	2723.0000
6000.9567	2605.0000
6000.9899	2690.0000
6001.0231	2643.0000
6001.0563	2616.0000
6001.0894	2693.0000
6001.1226	2651.0000
6001.1558	2638.0000
6001.1891	2660.0000
6001.2223	2688.0000
6001.2554	2632.0000
6001.2886	2653.0000
6001.3218	2694.0000
6001.3549	2773.0000
6001.3881	2748.0000
6001.4213	2729.0000
6001.4544	2690.0000
6001.4876	2679.0000
6001.5208	2692.0000
6001.5539	2616.0000
6001.5871	2596.0000
6001.6202	2650.0000
6001.6534	2654.0000
6001.6865	2667.0000
6001.7197	2695.0000
6001.7528	2788.0000
6001.7860	2899.0000
6001.8191	2862.0000
6001.8523	2846.0000
6001.8854	2872.0000
6001.9186	2898.0000
6001.9517	2841.0000
6001.9849	2764.0000
6002.0180	2721.0000
6002.0511	2639.0000
6002.0843	2584.0000
6002.1174	2635.0000
6002.1505	2689.0000
6002.1837	2778.0000
6002.2169	2838.0000
6002.2500	2845.0000
6002.2831	2941.0000
6002.3163	2901.0000
6002.3494	2860.0000
6002.3825	2857.0000
6002.4156	2877.0000
6002.4488	2841.0000
6002.4819	2899.0000
6002.5150	2842.0000
6002.5481	2785.0000
6002.5812	2719.0000
6002.6143	2867.0000
6002.6474	2994.0000
6002.6805	2937.0000
6002.7137	3014.0000
6002.7468	3092.0000
6002.7799	3109.0000
6002.8130	3048.0000
6002.8461	2993.0000
6002.8792	2959.0000
6002.9123	2978.0000
6002.9454	2953.0000
6002.9785	2855.0000
6003.0115	2895.0000
6003.0446	2799.0000
6003.0777	2874.0000
6003.1108	2919.0000
6003.1439	3028.0000
6003.1770	3049.0000
6003.2101	3002.0000
6003.2432	3027.0000
6003.2763	3068.0000
6003.3094	3162.0000
6003.3425	3015.0000
6003.3756	2846.0000
6003.4086	2797.0000
6003.4417	2763.0000
6003.4748	2574.0000
6003.5079	2456.0000
6003.5409	2403.0000
6003.5740	2304.0000
6003.6071	2193.0000
6003.6401	2192.0000
6003.6732	2191.0000
6003.7063	2224.0000
6003.7393	2108.0000
6003.7724	2122.0000
6003.8054	2223.0000
6003.8385	2184.0000
6003.8715	2228.0000
6003.9046	2217.0000
6003.9376	2219.0000
6003.9707	2247.0000
6004.0037	2329.0000
6004.0368	2328.0000
6004.0698	2388.0000
6004.1029	2389.0000
6004.1359	2492.0000
6004.1690	2566.0000
6004.2020	2605.0000
6004.2350	2603.0000
6004.2681	2714.0000
6004.3011	2788.0000
6004.3342	2800.0000
6004.3673	2831.0000
6004.4003	2734.0000
6004.4333	2663.0000
6004.4664	2570.0000
6004.4994	2535.0000
6004.5324	2513.0000
6004.5654	2430.0000
6004.5984	2355.0000
6004.6315	2397.0000
6004.6645	2355.0000
6004.6975	2317.0000
6004.7305	2287.0000
6004.7635	2296.0000
6004.7965	2311.0000
6004.8295	2350.0000
6004.8626	2289.0000
6004.8956	2220.0000
6004.9286	2285.0000
6004.9616	2315.0000
6004.9946	2303.0000
6005.0276	2307.0000
6005.0606	2372.0000
6005.0936	2367.0000
6005.1266	2383.0000
6005.1596	2397.0000
6005.1926	2397.0000
6005.2255	2347.0000
6005.2585	2412.0000
6005.2915	2427.0000
6005.3245	2377.0000
6005.3575	2368.0000
6005.3906	2376.0000
6005.4236	2301.0000
6005.4565	2280.0000
6005.4895	2314.0000
6005.5225	2339.0000
6005.5555	2386.0000
6005.5885	2390.0000
6005.6214	2373.0000
6005.6544	2479.0000
6005.6874	2376.0000
6005.7203	2351.0000
6005.7533	2346.0000
6005.7863	2435.0000
6005.8192	2408.0000
6005.8522	2435.0000
6005.8852	2424.0000
6005.9181	2373.0000
6005.9511	2425.0000
6005.9840	2474.0000
6006.0170	2355.0000
6006.0499	2299.0000
6006.0829	2301.0000
6006.1158	2355.0000
6006.1488	2336.0000
6006.1817	2391.0000
6006.2147	2380.0000
6006.2476	2458.0000
6006.2806	2456.0000
6006.3135	2416.0000
6006.3465	2389.0000
6006.3794	2341.0000
6006.4123	2409.0000
6006.4454	2464.0000
6006.4783	2503.0000
6006.5112	2509.0000
6006.5442	2450.0000
6006.5771	2391.0000
6006.6100	2350.0000
6006.6430	2387.0000
6006.6759	2340.0000
6006.7088	2324.0000
6006.7417	2319.0000
6006.7746	2369.0000
6006.8076	2404.0000
6006.8405	2366.0000
6006.8734	2434.0000
6006.9063	2476.0000
6006.9392	2392.0000
6006.9721	2375.0000
6007.0050	2505.0000
6007.0380	2453.0000
6007.0709	2378.0000
6007.1038	2356.0000
6007.1367	2480.0000
6007.1696	2374.0000
6007.2025	2361.0000
6007.2354	2425.0000
6007.2683	2526.0000
6007.3012	2510.0000
6007.3341	2651.0000
6007.3670	2624.0000
6007.3998	2570.0000
6007.4327	2547.0000
6007.4656	2500.0000
6007.4986	2484.0000
6007.5315	2538.0000
6007.5644	2526.0000
6007.5973	2545.0000
6007.6301	2585.0000
6007.6630	2536.0000
6007.6959	2616.0000
6007.7288	2640.0000
6007.7617	2675.0000
6007.7945	2707.0000
6007.8274	2667.0000
6007.8603	2640.0000
6007.8931	2674.0000
6007.9260	2718.0000
6007.9589	2652.0000
6007.9917	2635.0000
6008.0246	2547.0000
6008.0575	2508.0000
6008.0903	2534.0000
6008.1232	2508.0000
6008.1560	2533.0000
6008.1889	2514.0000
6008.2217	2597.0000
6008.2546	2680.0000
6008.2874	2749.0000
6008.3203	2796.0000
6008.3531	2798.0000
6008.3860	2943.0000
6008.4188	2935.0000
6008.4517	2858.0000
6008.4845	2828.0000
6008.5174	2764.0000
6008.5503	2677.0000
6008.5831	2617.0000
6008.6160	2543.0000
6008.6488	2555.0000
6008.6816	2657.0000
6008.7145	2654.0000
6008.7473	2653.0000
6008.7801	2707.0000
6008.8129	2779.0000
6008.8458	2848.0000
6008.8786	2805.0000
6008.9114	2767.0000
6008.9442	2785.0000
6008.9771	2812.0000
6009.0099	2736.0000
6009.0427	2669.0000
6009.0755	2640.0000
6009.1083	2532.0000
6009.1411	2554.0000
6009.1739	2616.0000
6009.2067	2625.0000
6009.2396	2610.0000
6009.2724	2660.0000
6009.3052	2710.0000
6009.3380	2751.0000
6009.3708	2660.0000
6009.4036	2726.0000
6009.4364	2753.0000
6009.4692	2739.0000
6009.5020	2650.0000
6009.5347	2602.0000
6009.5675	2629.0000
6009.6004	2591.0000
6009.6332	2575.0000
6009.6660	2643.0000
6009.6988	2703.0000
6009.7316	2678.0000
6009.7644	2667.0000
6009.7971	2676.0000
6009.8299	2766.0000
6009.8627	2710.0000
6009.8955	2644.0000
6009.9282	2609.0000
6009.9610	2552.0000
6009.9938	2526.0000
6010.0266	2542.0000
6010.0593	2597.0000
6010.0921	2537.0000
6010.1249	2541.0000
6010.1576	2629.0000
6010.1904	2602.0000
6010.2232	2632.0000
6010.2559	2720.0000
6010.2887	2763.0000
6010.3214	2701.0000
6010.3542	2659.0000
6010.3869	2723.0000
6010.4197	2771.0000
6010.4524	2636.0000
6010.4852	2580.0000
6010.5179	2635.0000
6010.5507	2639.0000
6010.5834	2602.0000
6010.6162	2586.0000
6010.6490	2635.0000
6010.6817	2577.0000
6010.7145	2550.0000
6010.7472	2633.0000
6010.7800	2649.0000
6010.8127	2752.0000
6010.8454	2782.0000
6010.8782	2710.0000
6010.9109	2842.0000
6010.9436	2808.0000
6010.9763	2743.0000
6011.0091	2676.0000
6011.0418	2533.0000
6011.0745	2587.0000
6011.1072	2608.0000
6011.1399	2569.0000
6011.1727	2495.0000
6011.2054	2529.0000
6011.2381	2509.0000
6011.2708	2485.0000
6011.3035	2559.0000
6011.3362	2613.0000
6011.3689	2642.0000
6011.4016	2656.0000
6011.4343	2566.0000
6011.4671	2571.0000
6011.4998	2622.0000
6011.5325	2601.0000
6011.5652	2645.0000
6011.5979	2656.0000
6011.6305	2612.0000
6011.6632	2549.0000
6011.6960	2552.0000
6011.7287	2522.0000
6011.7614	2519.0000
6011.7941	2530.0000
6011.8268	2494.0000
6011.8595	2576.0000
6011.8922	2654.0000
6011.9248	2668.0000
6011.9575	2705.0000
6011.9902	2662.0000
6012.0229	2601.0000
6012.0556	2610.0000
6012.0882	2691.0000
6012.1209	2768.0000
6012.1536	2783.0000
6012.1862	2748.0000
6012.2189	2739.0000
6012.2516	2710.0000
6012.2842	2690.0000
6012.3169	2641.0000
6012.3496	2624.0000
6012.3822	2654.0000
6012.4149	2672.0000
6012.4476	2724.0000
6012.4802	2589.0000
6012.5129	2640.0000
6012.5455	2676.0000
6012.5782	2631.0000
6012.6108	2593.0000
6012.6435	2629.0000
6012.6761	2608.0000
6012.7088	2567.0000
6012.7415	2566.0000
6012.7742	2566.0000
6012.8068	2480.0000
6012.8394	2498.0000
6012.8721	2513.0000
6012.9047	2523.0000
6012.9373	2564.0000
6012.9700	2609.0000
6013.0026	2678.0000
6013.0352	2726.0000
6013.0679	2687.0000
6013.1005	2599.0000
6013.1331	2548.0000
6013.1657	2598.0000
6013.1984	2028.0000
6013.2310	2013.0000
6013.2636	1952.0000
6013.2962	1947.0000
6013.3288	2007.0000
6013.3615	1916.0000
6013.3941	1834.0000
6013.4267	1916.0000
6013.4593	1973.0000
6013.4919	1961.0000
