R_Cam.18
5657.8117	436.0000
5657.8456	651.0000
5657.8796	721.0000
5657.9135	704.0000
5657.9474	727.0000
5657.9815	845.0000
5658.0154	781.0000
5658.0494	767.0000
5658.0833	711.0000
5658.1172	729.0000
5658.1512	935.0000
5658.1851	953.0000
5658.2190	1012.0000
5658.2530	1125.0000
5658.2869	1100.0000
5658.3208	1086.0000
5658.3548	1127.0000
5658.3887	1115.0000
5658.4226	1133.0000
5658.4565	1030.0000
5658.4904	1054.0000
5658.5244	1042.0000
5658.5583	1029.0000
5658.5922	1002.0000
5658.6261	883.0000
5658.6600	946.0000
5658.6939	954.0000
5658.7279	965.0000
5658.7618	1031.0000
5658.7957	1141.0000
5658.8296	1080.0000
5658.8635	1015.0000
5658.8974	1016.0000
5658.9313	1046.0000
5658.9652	989.0000
5658.9991	1063.0000
5659.0331	1064.0000
5659.0670	1020.0000
5659.1009	1008.0000
5659.1348	1086.0000
5659.1687	1034.0000
5659.2026	1009.0000
5659.2365	1057.0000
5659.2703	1099.0000
5659.3042	1122.0000
5659.3381	1090.0000
5659.3720	1128.0000
5659.4059	1240.0000
5659.4398	1171.0000
5659.4736	1213.0000
5659.5075	1220.0000
5659.5414	1226.0000
5659.5753	1114.0000
5659.6091	1108.0000
5659.6430	1135.0000
5659.6769	1170.0000
5659.7108	1210.0000
5659.7446	1169.0000
5659.7785	1146.0000
5659.8124	1103.0000
5659.8462	1112.0000
5659.8801	1088.0000
5659.9140	1044.0000
5659.9478	1098.0000
5659.9817	1139.0000
5660.0155	1174.0000
5660.0494	1205.0000
5660.0833	1200.0000
5660.1172	1172.0000
5660.1510	1277.0000
5660.1849	1299.0000
5660.2187	1184.0000
5660.2526	1224.0000
5660.2864	1331.0000
5660.3203	1344.0000
5660.3541	1272.0000
5660.3880	1283.0000
5660.4218	1279.0000
5660.4557	1234.0000
5660.4895	1169.0000
5660.5233	1279.0000
5660.5572	1245.0000
5660.5910	1277.0000
5660.6248	1292.0000
5660.6587	1276.0000
5660.6925	1280.0000
5660.7263	1311.0000
5660.7601	1311.0000
5660.7940	1371.0000
5660.8278	1261.0000
5660.8616	1318.0000
5660.8954	1298.0000
5660.9293	1311.0000
5660.9631	1207.0000
5660.9969	1249.0000
5661.0307	1375.0000
5661.0645	1340.0000
5661.0983	1292.0000
5661.1322	1377.0000
5661.1661	1348.0000
5661.1999	1302.0000
5661.2337	1284.0000
5661.2675	1185.0000
5661.3013	1231.0000
5661.3351	1198.0000
5661.3689	1158.0000
5661.4027	1200.0000
5661.4365	1148.0000
5661.4703	1097.0000
5661.5041	1123.0000
5661.5379	1227.0000
5661.5717	1264.0000
5661.6054	1267.0000
5661.6392	1290.0000
5661.6730	1258.0000
5661.7068	1272.0000
5661.7406	1334.0000
5661.7744	1294.0000
5661.8082	1258.0000
5661.8420	1285.0000
5661.8757	1270.0000
5661.9095	1165.0000
5661.9433	1135.0000
5661.9771	1206.0000
5662.0108	1298.0000
5662.0446	1288.0000
5662.0784	1289.0000
5662.1122	1374.0000
5662.1459	1366.0000
5662.1798	1372.0000
5662.2136	1310.0000
5662.2473	1323.0000
5662.2811	1390.0000
5662.3148	1377.0000
5662.3486	1309.0000
5662.3824	1330.0000
5662.4161	1343.0000
5662.4499	1284.0000
5662.4836	1289.0000
5662.5174	1357.0000
5662.5511	1360.0000
5662.5849	1412.0000
5662.6186	1380.0000
5662.6524	1405.0000
5662.6861	1348.0000
5662.7199	1339.0000
5662.7536	1350.0000
5662.7874	1250.0000
5662.8211	1195.0000
5662.8548	1205.0000
5662.8886	1160.0000
5662.9223	1142.0000
5662.9561	1173.0000
5662.9898	1295.0000
5663.0235	1242.0000
5663.0572	1256.0000
5663.0910	1282.0000
5663.1247	1313.0000
5663.1584	1242.0000
5663.1922	1263.0000
5663.2260	1220.0000
5663.2597	1256.0000
5663.2934	1238.0000
5663.3271	1185.0000
5663.3609	1113.0000
5663.3946	1168.0000
5663.4283	1210.0000
5663.4620	1234.0000
5663.4957	1202.0000
5663.5294	1233.0000
5663.5631	1290.0000
5663.5968	1241.0000
5663.6306	1172.0000
5663.6643	1248.0000
5663.6980	1305.0000
5663.7317	1207.0000
5663.7654	1250.0000
5663.7991	1213.0000
5663.8328	1146.0000
5663.8665	1062.0000
5663.9002	1012.0000
5663.9339	1052.0000
5663.9675	977.0000
5664.0012	915.0000
5664.0349	914.0000
5664.0686	928.0000
5664.1023	901.0000
5664.1360	916.0000
5664.1697	952.0000
5664.2034	972.0000
5664.2370	992.0000
5664.2707	966.0000
5664.3045	946.0000
5664.3382	1019.0000
5664.3718	1081.0000
5664.4055	1103.0000
5664.4392	1029.0000
5664.4729	1084.0000
5664.5065	1157.0000
5664.5402	1153.0000
5664.5739	1147.0000
5664.6075	1087.0000
5664.6412	1092.0000
5664.6749	1113.0000
5664.7085	1113.0000
5664.7422	1052.0000
5664.7758	1132.0000
5664.8095	1116.0000
5664.8432	1078.0000
5664.8768	1106.0000
5664.9105	1130.0000
5664.9441	1129.0000
5664.9778	1103.0000
5665.0114	1107.0000
5665.0451	1151.0000
5665.0787	1052.0000
5665.1124	1121.0000
5665.1460	1086.0000
5665.1796	1072.0000
5665.2133	1140.0000
5665.2469	1177.0000
5665.2806	1147.0000
5665.3142	1104.0000
5665.3479	1140.0000
5665.3816	1126.0000
5665.4152	1184.0000
5665.4488	1155.0000
5665.4825	1166.0000
5665.5161	1240.0000
5665.5497	1224.0000
5665.5833	1225.0000
5665.6170	1245.0000
5665.6506	1307.0000
5665.6842	1347.0000
5665.7178	1359.0000
5665.7514	1338.0000
5665.7851	1311.0000
5665.8187	1231.0000
5665.8523	1292.0000
5665.8859	1278.0000
5665.9195	1263.0000
5665.9531	1317.0000
5665.9867	1307.0000
5666.0203	1226.0000
5666.0539	1246.0000
5666.0875	1203.0000
5666.1211	1184.0000
5666.1547	1214.0000
5666.1883	1216.0000
5666.2219	1208.0000
5666.2555	1181.0000
5666.2891	1147.0000
5666.3227	1151.0000
5666.3563	1197.0000
5666.3900	1268.0000
5666.4236	1309.0000
5666.4572	1317.0000
5666.4908	1398.0000
5666.5244	1430.0000
5666.5580	1286.0000
5666.5915	1220.0000
5666.6251	1338.0000
5666.6587	1349.0000
5666.6923	1353.0000
5666.7259	1265.0000
5666.7594	1291.0000
5666.7930	1331.0000
5666.8266	1318.0000
5666.8601	1218.0000
5666.8937	1206.0000
5666.9273	1195.0000
5666.9609	1312.0000
5666.9944	1314.0000
5667.0280	1272.0000
5667.0615	1187.0000
5667.0951	1258.0000
5667.1287	1242.0000
5667.1622	1229.0000
5667.1958	1293.0000
5667.2293	1319.0000
5667.2629	1349.0000
5667.2964	1381.0000
5667.3300	1372.0000
5667.3635	1261.0000
5667.3971	1237.0000
5667.4306	1158.0000
5667.4643	1225.0000
5667.4978	1215.0000
5667.5314	1192.0000
5667.5649	1289.0000
5667.5985	1249.0000
5667.6320	1253.0000
5667.6655	1340.0000
5667.6991	1436.0000
5667.7326	1461.0000
5667.7661	1463.0000
5667.7997	1282.0000
5667.8332	1286.0000
5667.8667	1295.0000
5667.9003	1362.0000
5667.9338	1381.0000
5667.9673	1362.0000
5668.0008	1368.0000
5668.0344	1393.0000
5668.0679	1481.0000
5668.1014	1449.0000
5668.1349	1347.0000
5668.1684	1353.0000
5668.2019	1238.0000
5668.2355	1164.0000
5668.2690	1304.0000
5668.3025	1314.0000
5668.3360	1250.0000
5668.3695	1138.0000
5668.4030	1162.0000
5668.4365	1143.0000
5668.4700	1166.0000
5668.5036	1241.0000
5668.5371	1201.0000
5668.5706	1209.0000
5668.6041	1259.0000
5668.6376	1236.0000
5668.6711	1146.0000
5668.7046	1164.0000
5668.7381	1250.0000
5668.7716	1244.0000
5668.8051	1188.0000
5668.8386	1293.0000
5668.8720	1330.0000
5668.9055	1389.0000
5668.9390	1266.0000
5668.9725	1293.0000
5669.0060	1361.0000
5669.0395	1289.0000
5669.0729	1237.0000
5669.1064	1174.0000
5669.1399	1221.0000
5669.1734	1252.0000
5669.2068	1253.0000
5669.2403	1239.0000
5669.2738	1257.0000
5669.3072	1292.0000
5669.3407	1329.0000
5669.3742	1266.0000
5669.4076	1249.0000
5669.4411	1213.0000
5669.4746	1261.0000
5669.5080	1185.0000
5669.5415	1179.0000
5669.5750	1246.0000
5669.6085	1313.0000
5669.6419	1163.0000
5669.6754	1192.0000
5669.7088	1182.0000
5669.7423	1251.0000
5669.7757	1316.0000
5669.8092	1237.0000
5669.8426	1280.0000
5669.8761	1340.0000
5669.9095	1316.0000
5669.9430	1334.0000
5669.9764	1439.0000
5670.0098	1522.0000
5670.0433	1466.0000
5670.0767	1401.0000
5670.1101	1419.0000
5670.1436	1331.0000
5670.1770	1272.0000
5670.2104	1370.0000
5670.2439	1376.0000
5670.2773	1444.0000
5670.3107	1479.0000
5670.3441	1518.0000
5670.3776	1488.0000
5670.4110	1519.0000
5670.4444	1494.0000
5670.4778	1399.0000
5670.5112	1389.0000
5670.5447	1402.0000
5670.5781	1374.0000
5670.6116	1415.0000
5670.6450	1308.0000
5670.6784	1298.0000
5670.7118	1309.0000
5670.7452	1297.0000
5670.7786	1270.0000
5670.8120	1283.0000
5670.8454	1294.0000
5670.8788	1307.0000
5670.9122	1338.0000
5670.9456	1358.0000
5670.9790	1359.0000
5671.0124	1320.0000
5671.0458	1415.0000
5671.0792	1396.0000
5671.1126	1316.0000
5671.1460	1318.0000
5671.1794	1336.0000
5671.2128	1243.0000
5671.2462	1389.0000
5671.2796	1402.0000
5671.3129	1363.0000
5671.3463	1425.0000
5671.3797	1492.0000
5671.4131	1482.0000
5671.4465	1430.0000
5671.4798	1398.0000
5671.5132	1379.0000
5671.5466	1368.0000
5671.5800	1431.0000
5671.6133	1407.0000
5671.6467	1383.0000
5671.6802	1342.0000
5671.7135	1284.0000
5671.7469	1229.0000
5671.7803	1225.0000
5671.8136	1208.0000
5671.8470	1224.0000
5671.8803	1249.0000
5671.9137	1276.0000
5671.9470	1294.0000
5671.9804	1369.0000
5672.0138	1467.0000
5672.0471	1497.0000
5672.0805	1481.0000
5672.1138	1391.0000
5672.1472	1366.0000
5672.1805	1380.0000
5672.2138	1412.0000
5672.2472	1437.0000
5672.2805	1469.0000
5672.3139	1411.0000
5672.3472	1549.0000
5672.3806	1565.0000
5672.4139	1548.0000
5672.4472	1505.0000
5672.4806	1566.0000
5672.5139	1604.0000
5672.5472	1592.0000
5672.5805	1603.0000
5672.6139	1605.0000
5672.6472	1543.0000
5672.6805	1450.0000
5672.7140	1495.0000
5672.7473	1542.0000
5672.7806	1427.0000
5672.8139	1416.0000
5672.8472	1560.0000
5672.8805	1498.0000
5672.9139	1479.0000
5672.9472	1474.0000
5672.9805	1450.0000
5673.0138	1379.0000
5673.0471	1429.0000
5673.0804	1396.0000
5673.1137	1379.0000
5673.1470	1444.0000
5673.1803	1513.0000
5673.2136	1457.0000
5673.2469	1476.0000
5673.2802	1491.0000
5673.3135	1453.0000
5673.3468	1542.0000
5673.3801	1640.0000
5673.4134	1639.0000
5673.4467	1634.0000
5673.4800	1631.0000
5673.5133	1641.0000
5673.5466	1638.0000
5673.5799	1605.0000
5673.6132	1571.0000
5673.6464	1583.0000
5673.6797	1637.0000
5673.7130	1707.0000
5673.7463	1664.0000
5673.7797	1758.0000
5673.8129	1723.0000
5673.8462	1770.0000
5673.8795	1785.0000
5673.9128	1784.0000
5673.9460	1687.0000
5673.9793	1630.0000
5674.0126	1605.0000
5674.0458	1517.0000
5674.0791	1536.0000
5674.1124	1603.0000
5674.1456	1585.0000
5674.1789	1518.0000
5674.2121	1604.0000
5674.2454	1608.0000
5674.2787	1578.0000
5674.3119	1638.0000
5674.3452	1623.0000
5674.3784	1612.0000
5674.4117	1673.0000
5674.4449	1652.0000
5674.4782	1634.0000
5674.5114	1556.0000
5674.5447	1570.0000
5674.5779	1640.0000
5674.6112	1606.0000
5674.6444	1701.0000
5674.6776	1732.0000
5674.7109	1738.0000
5674.7441	1669.0000
5674.7773	1713.0000
5674.8107	1686.0000
5674.8439	1587.0000
5674.8771	1659.0000
5674.9104	1684.0000
5674.9436	1650.0000
5674.9768	1665.0000
5675.0101	1721.0000
5675.0433	1714.0000
5675.0765	1709.0000
5675.1097	1678.0000
5675.1429	1789.0000
5675.1762	1760.0000
5675.2094	1763.0000
5675.2426	1742.0000
5675.2758	1841.0000
5675.3090	1799.0000
5675.3422	1723.0000
5675.3754	1742.0000
5675.4087	1691.0000
5675.4419	1682.0000
5675.4751	1698.0000
5675.5083	1682.0000
5675.5415	1675.0000
5675.5747	1588.0000
5675.6079	1635.0000
5675.6411	1641.0000
5675.6743	1629.0000
5675.7075	1641.0000
5675.7407	1670.0000
5675.7739	1644.0000
5675.8071	1674.0000
5675.8402	1678.0000
5675.8735	1571.0000
5675.9067	1545.0000
5675.9399	1625.0000
5675.9731	1610.0000
5676.0063	1751.0000
5676.0395	1787.0000
5676.0726	1706.0000
5676.1058	1745.0000
5676.1390	1763.0000
5676.1722	1626.0000
5676.2053	1666.0000
5676.2385	1690.0000
5676.2717	1674.0000
5676.3049	1756.0000
5676.3380	1781.0000
5676.3712	1782.0000
5676.4044	1756.0000
5676.4375	1715.0000
5676.4707	1839.0000
5676.5038	1842.0000
5676.5370	1770.0000
5676.5702	1834.0000
5676.6033	1811.0000
5676.6365	1742.0000
5676.6696	1762.0000
5676.7028	1767.0000
5676.7359	1739.0000
5676.7691	1672.0000
5676.8022	1699.0000
5676.8354	1686.0000
5676.8685	1750.0000
5676.9017	1736.0000
5676.9349	1692.0000
5676.9681	1746.0000
5677.0012	1858.0000
5677.0343	1984.0000
5677.0675	1957.0000
5677.1006	1808.0000
5677.1338	1735.0000
5677.1669	1901.0000
5677.2000	1845.0000
5677.2332	1793.0000
5677.2663	1789.0000
5677.2994	1716.0000
5677.3325	1746.0000
5677.3657	1739.0000
5677.3988	1701.0000
5677.4319	1812.0000
5677.4650	1900.0000
5677.4981	1909.0000
5677.5313	1991.0000
5677.5644	1998.0000
5677.5975	2016.0000
5677.6306	1991.0000
5677.6637	1930.0000
5677.6968	1879.0000
5677.7299	1920.0000
5677.7630	1874.0000
5677.7962	1882.0000
5677.8293	1915.0000
5677.8624	1899.0000
5677.8955	1981.0000
5677.9286	1936.0000
5677.9617	1819.0000
5677.9949	1891.0000
5678.0280	1927.0000
5678.0611	1969.0000
5678.0941	1882.0000
5678.1272	1809.0000
5678.1603	1868.0000
5678.1934	1915.0000
5678.2265	1884.0000
5678.2596	1805.0000
5678.2927	1919.0000
5678.3258	1947.0000
5678.3588	1915.0000
5678.3919	1968.0000
5678.4250	1835.0000
5678.4581	1870.0000
5678.4912	1890.0000
5678.5242	1970.0000
5678.5573	1981.0000
5678.5904	1981.0000
5678.6235	2003.0000
5678.6565	1987.0000
5678.6896	1985.0000
5678.7227	2012.0000
5678.7557	1958.0000
5678.7888	1915.0000
5678.8218	1880.0000
5678.8549	1883.0000
5678.8880	1824.0000
5678.9210	1789.0000
5678.9541	1828.0000
5678.9871	1902.0000
5679.0203	1897.0000
5679.0533	1894.0000
5679.0864	1867.0000
5679.1194	1903.0000
5679.1525	1860.0000
5679.1855	1897.0000
5679.2186	1923.0000
5679.2516	1956.0000
5679.2847	1994.0000
5679.3177	1854.0000
5679.3507	1894.0000
5679.3838	1885.0000
5679.4168	1895.0000
5679.4499	1830.0000
5679.4829	1862.0000
5679.5159	1894.0000
5679.5490	1870.0000
5679.5820	1974.0000
5679.6150	2031.0000
5679.6480	2023.0000
5679.6811	2013.0000
5679.7141	1984.0000
5679.7471	1988.0000
5679.7801	1937.0000
5679.8132	1996.0000
5679.8462	2110.0000
5679.8792	2077.0000
5679.9122	2135.0000
5679.9452	2194.0000
5679.9782	2090.0000
5680.0112	2157.0000
5680.0442	2130.0000
5680.0774	2027.0000
5680.1104	1904.0000
5680.1434	1984.0000
5680.1764	2011.0000
5680.2094	1923.0000
5680.2424	1973.0000
5680.2754	2049.0000
5680.3084	2164.0000
5680.3414	2143.0000
5680.3744	2162.0000
5680.4074	2104.0000
5680.4404	2091.0000
5680.4733	2092.0000
5680.5063	2084.0000
5680.5393	1996.0000
5680.5723	1979.0000
5680.6053	1987.0000
5680.6383	1980.0000
5680.6713	1926.0000
5680.7042	2069.0000
5680.7372	1929.0000
5680.7702	1918.0000
5680.8032	1939.0000
5680.8362	1971.0000
5680.8691	1967.0000
5680.9021	1961.0000
5680.9351	1878.0000
5680.9680	1906.0000
5681.0010	1919.0000
5681.0340	2033.0000
5681.0669	2118.0000
5681.0999	2094.0000
5681.1330	2040.0000
5681.1659	2014.0000
5681.1989	2009.0000
5681.2318	2050.0000
5681.2648	2113.0000
5681.2978	2033.0000
5681.3307	2042.0000
5681.3637	2152.0000
5681.3966	2132.0000
5681.4296	2178.0000
5681.4625	2111.0000
5681.4955	2099.0000
5681.5284	2103.0000
5681.5614	2083.0000
5681.5943	2084.0000
5681.6272	1992.0000
5681.6602	2016.0000
5681.6931	2060.0000
5681.7261	2029.0000
5681.7590	2043.0000
5681.7919	2140.0000
5681.8249	2068.0000
5681.8578	2160.0000
5681.8907	2128.0000
5681.9236	2044.0000
5681.9566	2103.0000
5681.9895	2210.0000
5682.0224	2216.0000
5682.0553	2213.0000
5682.0883	2201.0000
5682.1212	2180.0000
5682.1541	2190.0000
5682.1871	2116.0000
5682.2200	2039.0000
5682.2529	1924.0000
5682.2859	1966.0000
5682.3188	1912.0000
5682.3517	1915.0000
5682.3846	2003.0000
5682.4175	2061.0000
5682.4504	2105.0000
5682.4833	2093.0000
5682.5162	2161.0000
5682.5491	2220.0000
5682.5820	2147.0000
5682.6149	2139.0000
5682.6478	1970.0000
5682.6807	1932.0000
5682.7136	1965.0000
5682.7465	2005.0000
5682.7794	2009.0000
5682.8123	2112.0000
5682.8452	2173.0000
5682.8780	2169.0000
5682.9109	2231.0000
5682.9438	2305.0000
5682.9767	2371.0000
5683.0096	2360.0000
5683.0425	2311.0000
5683.0753	2249.0000
5683.1082	2240.0000
5683.1411	2230.0000
5683.1740	2154.0000
5683.2068	2118.0000
5683.2398	2109.0000
5683.2727	2192.0000
5683.3055	2216.0000
5683.3384	2355.0000
5683.3713	2475.0000
5683.4041	2502.0000
5683.4370	2430.0000
5683.4699	2414.0000
5683.5027	2366.0000
5683.5356	2307.0000
5683.5684	2349.0000
5683.6013	2299.0000
5683.6342	2138.0000
5683.6670	2236.0000
5683.6999	2215.0000
5683.7327	2229.0000
5683.7656	2334.0000
5683.7984	2441.0000
5683.8312	2517.0000
5683.8641	2516.0000
5683.8969	2532.0000
5683.9298	2458.0000
5683.9626	2414.0000
5683.9955	2313.0000
5684.0283	2224.0000
5684.0611	2273.0000
5684.0940	2226.0000
5684.1268	2204.0000
5684.1596	2245.0000
5684.1925	2296.0000
5684.2253	2287.0000
5684.2581	2293.0000
5684.2910	2312.0000
5684.3239	2436.0000
5684.3567	2521.0000
5684.3895	2515.0000
5684.4223	2479.0000
5684.4551	2456.0000
5684.4880	2507.0000
5684.5208	2436.0000
5684.5536	2287.0000
5684.5864	2271.0000
5684.6192	2268.0000
5684.6520	2211.0000
5684.6848	2242.0000
5684.7176	2232.0000
5684.7504	2206.0000
5684.7833	2254.0000
5684.8161	2337.0000
5684.8489	2341.0000
5684.8817	2417.0000
5684.9145	2552.0000
5684.9472	2503.0000
5684.9800	2511.0000
5685.0128	2518.0000
5685.0456	2544.0000
5685.0784	2489.0000
5685.1112	2425.0000
5685.1440	2391.0000
5685.1768	2449.0000
5685.2096	2449.0000
5685.2424	2413.0000
5685.2751	2476.0000
5685.3079	2458.0000
5685.3408	2439.0000
5685.3736	2441.0000
5685.4064	2411.0000
5685.4391	2359.0000
5685.4719	2377.0000
5685.5047	2346.0000
5685.5375	2359.0000
5685.5702	2329.0000
5685.6030	2332.0000
5685.6358	2315.0000
5685.6685	2240.0000
5685.7013	2307.0000
5685.7341	2328.0000
5685.7668	2322.0000
5685.7996	2333.0000
5685.8323	2384.0000
5685.8651	2468.0000
5685.8978	2465.0000
5685.9306	2363.0000
5685.9634	2457.0000
5685.9961	2430.0000
5686.0289	2462.0000
5686.0616	2459.0000
5686.0943	2426.0000
5686.1271	2445.0000
5686.1598	2526.0000
5686.1926	2542.0000
5686.2253	2554.0000
5686.2581	2648.0000
5686.2908	2608.0000
5686.3235	2658.0000
5686.3563	2686.0000
5686.3891	2689.0000
5686.4218	2634.0000
5686.4546	2506.0000
5686.4873	2406.0000
5686.5200	2340.0000
5686.5528	2273.0000
5686.5855	2234.0000
5686.6182	2249.0000
5686.6509	2293.0000
5686.6836	2389.0000
5686.7164	2419.0000
5686.7491	2509.0000
5686.7818	2577.0000
5686.8145	2554.0000
5686.8472	2596.0000
5686.8799	2610.0000
5686.9127	2673.0000
5686.9454	2654.0000
5686.9781	2639.0000
5687.0108	2652.0000
5687.0435	2632.0000
5687.0762	2601.0000
5687.1089	2549.0000
5687.1416	2667.0000
5687.1743	2717.0000
5687.2070	2754.0000
5687.2397	2859.0000
5687.2724	2924.0000
5687.3051	2753.0000
5687.3378	2705.0000
5687.3705	2699.0000
5687.4032	2499.0000
5687.4358	2322.0000
5687.4686	2212.0000
5687.5013	2069.0000
5687.5340	2044.0000
5687.5667	2005.0000
5687.5994	2072.0000
5687.6320	2095.0000
5687.6647	2071.0000
5687.6974	2065.0000
5687.7301	2236.0000
5687.7627	2283.0000
5687.7954	2321.0000
5687.8281	2392.0000
5687.8608	2414.0000
5687.8934	2332.0000
5687.9261	2272.0000
5687.9588	2243.0000
5687.9914	2173.0000
5688.0241	2033.0000
5688.0568	1947.0000
5688.0894	1940.0000
5688.1221	1982.0000
5688.1547	1968.0000
5688.1874	1949.0000
5688.2200	1952.0000
5688.2527	1930.0000
5688.2853	2100.0000
5688.3180	2031.0000
5688.3506	2188.0000
5688.3833	2265.0000
5688.4159	2288.0000
5688.4486	2154.0000
5688.4812	2214.0000
5688.5140	2159.0000
5688.5466	2238.0000
5688.5792	2404.0000
5688.6119	2444.0000
5688.6445	2489.0000
5688.6771	2455.0000
5688.7098	2600.0000
5688.7424	2634.0000
5688.7750	2698.0000
5688.8077	2627.0000
5688.8403	2557.0000
5688.8729	2592.0000
5688.9055	2548.0000
5688.9382	2568.0000
5688.9708	2544.0000
5689.0034	2519.0000
5689.0360	2403.0000
5689.0686	2358.0000
5689.1013	2430.0000
5689.1339	2375.0000
5689.1665	2463.0000
5689.1991	2547.0000
5689.2317	2573.0000
5689.2643	2571.0000
5689.2969	2600.0000
5689.3295	2569.0000
5689.3621	2530.0000
5689.3947	2599.0000
5689.4273	2551.0000
5689.4599	2501.0000
5689.4925	2509.0000
5689.5251	2485.0000
5689.5578	2466.0000
5689.5904	2475.0000
5689.6230	2424.0000
5689.6556	2420.0000
5689.6882	2536.0000
5689.7208	2663.0000
5689.7534	2549.0000
5689.7859	2554.0000
5689.8185	2551.0000
5689.8511	2593.0000
5689.8837	2581.0000
5689.9163	2544.0000
5689.9489	2518.0000
5689.9814	2455.0000
5690.0140	2460.0000
5690.0466	2443.0000
5690.0792	2397.0000
5690.1117	2466.0000
5690.1443	2508.0000
5690.1769	2421.0000
5690.2094	2418.0000
5690.2420	2515.0000
5690.2746	2542.0000
5690.3071	2570.0000
5690.3397	2557.0000
5690.3722	2529.0000
5690.4048	2508.0000
5690.4374	2517.0000
5690.4699	2491.0000
5690.5025	2480.0000
5690.5350	2507.0000
5690.5676	2513.0000
5690.6002	2549.0000
5690.6328	2603.0000
5690.6653	2574.0000
5690.6979	2565.0000
5690.7304	2605.0000
5690.7629	2599.0000
5690.7955	2539.0000
5690.8280	2531.0000
5690.8606	2474.0000
5690.8931	2491.0000
5690.9256	2459.0000
5690.9582	2410.0000
5690.9907	2411.0000
5691.0232	2420.0000
5691.0558	2342.0000
5691.0883	2396.0000
5691.1208	2401.0000
5691.1533	2361.0000
5691.1859	2492.0000
5691.2184	2587.0000
5691.2509	2549.0000
5691.2834	2560.0000
5691.3159	2661.0000
5691.3485	2605.0000
5691.3810	2581.0000
5691.4135	2632.0000
5691.4460	2550.0000
5691.4785	2568.0000
5691.5110	2584.0000
5691.5435	2565.0000
5691.5760	2637.0000
5691.6085	2642.0000
5691.6410	2698.0000
5691.6736	2643.0000
5691.7061	2701.0000
5691.7386	2714.0000
5691.7711	2765.0000
5691.8036	2748.0000
5691.8361	2687.0000
5691.8686	2683.0000
5691.9011	2639.0000
5691.9336	2596.0000
5691.9661	2579.0000
5691.9986	2564.0000
5692.0311	2569.0000
5692.0636	2607.0000
5692.0960	2617.0000
5692.1285	2764.0000
5692.1610	2768.0000
5692.1935	2843.0000
5692.2260	2821.0000
5692.2584	2720.0000
5692.2909	2736.0000
5692.3234	2683.0000
5692.3559	2654.0000
5692.3883	2593.0000
5692.4208	2636.0000
5692.4533	2649.0000
5692.4857	2663.0000
5692.5182	2542.0000
5692.5507	2505.0000
5692.5831	2536.0000
5692.6156	2477.0000
5692.6480	2573.0000
5692.6805	2484.0000
5692.7131	2555.0000
5692.7455	2537.0000
5692.7780	2479.0000
5692.8104	2530.0000
5692.8429	2531.0000
5692.8753	2522.0000
5692.9078	2562.0000
5692.9402	2556.0000
5692.9727	2615.0000
5693.0051	2686.0000
5693.0375	2597.0000
5693.0700	2460.0000
5693.1024	2525.0000
5693.1349	2547.0000
5693.1673	2453.0000
5693.1997	2482.0000
5693.2322	2489.0000
5693.2646	2462.0000
5693.2970	2523.0000
5693.3294	2552.0000
5693.3619	2563.0000
5693.3943	2603.0000
5693.4267	2624.0000
5693.4591	2589.0000
5693.4916	2466.0000
5693.5240	2433.0000
5693.5564	2528.0000
5693.5888	2601.0000
5693.6212	2576.0000
5693.6537	2584.0000
5693.6861	2602.0000
5693.7185	2611.0000
5693.7509	2580.0000
5693.7834	2602.0000
5693.8158	2562.0000
5693.8482	2560.0000
5693.8806	2638.0000
5693.9130	2690.0000
5693.9454	2688.0000
5693.9778	2747.0000
5694.0102	2812.0000
5694.0426	2794.0000
5694.0750	2838.0000
5694.1074	2954.0000
5694.1398	2978.0000
5694.1722	2923.0000
5694.2046	2687.0000
5694.2370	2710.0000
5694.2694	2697.0000
5694.3017	2561.0000
5694.3341	2513.0000
5694.3665	2575.0000
5694.3989	2541.0000
5694.4313	2507.0000
5694.4637	2430.0000
5694.4960	2431.0000
5694.5284	2438.0000
5694.5608	2537.0000
5694.5932	2568.0000
5694.6255	2452.0000
5694.6579	2531.0000
5694.6903	2507.0000
5694.7226	2539.0000
5694.7550	2550.0000
5694.7874	2398.0000
5694.8198	2404.0000
5694.8522	2450.0000
5694.8845	2556.0000
5694.9169	2529.0000
5694.9493	2590.0000
5694.9816	2655.0000
5695.0140	2649.0000
5695.0463	2628.0000
5695.0787	2642.0000
5695.1110	2800.0000
5695.1434	2757.0000
5695.1757	2845.0000
5695.2081	2925.0000
5695.2404	3030.0000
5695.2728	2844.0000
5695.3051	2784.0000
5695.3374	2739.0000
5695.3698	2691.0000
5695.4021	2696.0000
5695.4344	2632.0000
5695.4668	2615.0000
5695.4991	2683.0000
5695.5314	2757.0000
5695.5638	2832.0000
5695.5961	2944.0000
5695.6284	3016.0000
5695.6608	2862.0000
5695.6931	2738.0000
5695.7254	2726.0000
5695.7577	2622.0000
5695.7900	2588.0000
5695.8224	2521.0000
5695.8547	2512.0000
5695.8871	2581.0000
5695.9194	2667.0000
5695.9517	2685.0000
5695.9840	2657.0000
5696.0163	2753.0000
5696.0486	2807.0000
5696.0810	2852.0000
5696.1133	2750.0000
5696.1456	2713.0000
5696.1779	2697.0000
5696.2102	2735.0000
5696.2425	2742.0000
5696.2748	2702.0000
5696.3071	2601.0000
5696.3394	2495.0000
5696.3717	2445.0000
5696.4039	2461.0000
5696.4362	2503.0000
5696.4685	2492.0000
5696.5008	2595.0000
5696.5331	2579.0000
5696.5654	2608.0000
5696.5977	2612.0000
5696.6299	2671.0000
5696.6622	2730.0000
5696.6945	2821.0000
5696.7268	2768.0000
5696.7591	2818.0000
5696.7913	2868.0000
5696.8236	2771.0000
5696.8559	2731.0000
5696.8882	2662.0000
5696.9205	2618.0000
5696.9528	2708.0000
5696.9851	2696.0000
5697.0173	2779.0000
5697.0496	2797.0000
5697.0819	2787.0000
5697.1141	2885.0000
5697.1464	2963.0000
5697.1786	3040.0000
5697.2109	3059.0000
5697.2431	3115.0000
5697.2754	3128.0000
5697.3076	3133.0000
5697.3399	3155.0000
5697.3721	3185.0000
5697.4044	3079.0000
5697.4366	2939.0000
5697.4689	2894.0000
5697.5011	2855.0000
5697.5334	2660.0000
5697.5656	2656.0000
5697.5978	2710.0000
5697.6301	2619.0000
5697.6623	2509.0000
5697.6946	2549.0000
5697.7268	2497.0000
5697.7590	2419.0000
5697.7913	2508.0000
5697.8235	2550.0000
5697.8557	2540.0000
5697.8879	2581.0000
5697.9202	2554.0000
5697.9524	2540.0000
5697.9847	2464.0000
5698.0169	2500.0000
5698.0491	2438.0000
5698.0814	2382.0000
5698.1136	2439.0000
5698.1458	2464.0000
5698.1780	2427.0000
5698.2102	2361.0000
5698.2424	2411.0000
5698.2746	2495.0000
5698.3068	2453.0000
5698.3391	2555.0000
5698.3713	2671.0000
5698.4035	2666.0000
5698.4357	2635.0000
5698.4679	2645.0000
5698.5001	2573.0000
5698.5323	2672.0000
5698.5645	2671.0000
5698.5966	2591.0000
5698.6288	2536.0000
5698.6610	2481.0000
5698.6932	2577.0000
5698.7254	2561.0000
5698.7576	2552.0000
5698.7898	2680.0000
5698.8220	2571.0000
5698.8542	2642.0000
5698.8863	2709.0000
5698.9185	2735.0000
5698.9507	2824.0000
5698.9829	2918.0000
5699.0150	2907.0000
5699.0473	2857.0000
5699.0795	2824.0000
5699.1117	2856.0000
5699.1438	2808.0000
5699.1760	2887.0000
5699.2082	3016.0000
5699.2403	3050.0000
5699.2725	3183.0000
5699.3047	3256.0000
5699.3368	3215.0000
5699.3690	3097.0000
5699.4011	2974.0000
5699.4333	2999.0000
5699.4655	2878.0000
5699.4976	2839.0000
5699.5298	2788.0000
5699.5619	2927.0000
5699.5941	3095.0000
5699.6262	2952.0000
5699.6584	3006.0000
5699.6905	3086.0000
5699.7226	3105.0000
5699.7548	3091.0000
5699.7869	3182.0000
5699.8191	3174.0000
5699.8512	3123.0000
5699.8833	3117.0000
5699.9155	3191.0000
5699.9476	3115.0000
5699.9797	2981.0000
5700.0119	2832.0000
5700.0440	2841.0000
5700.0762	2837.0000
5700.1084	2829.0000
5700.1405	2762.0000
5700.1726	2808.0000
5700.2047	2759.0000
5700.2369	2704.0000
5700.2690	2800.0000
5700.3011	2865.0000
5700.3332	2981.0000
5700.3653	3028.0000
5700.3974	3022.0000
5700.4295	3132.0000
5700.4617	3201.0000
5700.4938	3221.0000
5700.5259	3129.0000
5700.5580	3068.0000
5700.5901	3073.0000
5700.6222	3100.0000
5700.6543	3099.0000
5700.6864	3071.0000
5700.7185	3087.0000
5700.7506	3103.0000
5700.7827	3081.0000
5700.8148	3145.0000
5700.8469	3131.0000
5700.8790	3161.0000
5700.9111	3058.0000
5700.9431	3076.0000
5700.9752	3264.0000
5701.0073	3233.0000
5701.0394	3209.0000
5701.0715	3263.0000
5701.1036	3337.0000
5701.1358	3195.0000
5701.1678	3187.0000
5701.1999	3173.0000
5701.2320	3013.0000
5701.2641	2949.0000
5701.2961	2944.0000
5701.3282	2930.0000
5701.3603	2877.0000
5701.3923	2903.0000
5701.4244	3031.0000
5701.4565	2975.0000
5701.4885	2988.0000
5701.5206	2989.0000
5701.5527	2947.0000
5701.5847	2965.0000
5701.6168	2974.0000
5701.6488	3008.0000
5701.6809	3185.0000
5701.7130	3174.0000
5701.7450	3236.0000
5701.7771	3303.0000
5701.8091	3320.0000
5701.8412	3424.0000
5701.8732	3320.0000
5701.9053	3289.0000
5701.9373	3341.0000
5701.9693	3275.0000
5702.0014	3248.0000
5702.0334	3365.0000
5702.0655	3334.0000
5702.0975	3322.0000
5702.1295	3406.0000
5702.1616	3415.0000
5702.1937	3272.0000
5702.2257	3261.0000
5702.2578	3279.0000
5702.2898	3260.0000
5702.3218	3199.0000
5702.3538	3180.0000
5702.3859	3094.0000
5702.4179	2904.0000
5702.4499	2847.0000
5702.4819	2856.0000
5702.5139	2818.0000
5702.5460	2813.0000
5702.5780	2873.0000
5702.6100	2930.0000
5702.6420	3052.0000
5702.6740	3081.0000
5702.7060	3136.0000
5702.7380	3255.0000
5702.7700	3373.0000
5702.8020	3382.0000
5702.8341	3451.0000
5702.8661	3412.0000
5702.8981	3328.0000
5702.9301	3292.0000
5702.9621	3208.0000
5702.9941	3160.0000
5703.0260	3096.0000
5703.0580	3073.0000
5703.0900	3091.0000
5703.1220	3170.0000
5703.1540	3194.0000
5703.1860	3127.0000
5703.2180	3141.0000
5703.2501	3144.0000
5703.2821	3128.0000
5703.3140	3212.0000
5703.3460	3236.0000
5703.3780	3198.0000
5703.4100	3139.0000
5703.4420	3145.0000
5703.4739	3155.0000
5703.5059	3069.0000
5703.5379	2960.0000
5703.5698	2933.0000
5703.6018	2811.0000
5703.6338	2933.0000
5703.6658	3001.0000
5703.6977	3033.0000
5703.7297	3113.0000
5703.7616	3030.0000
5703.7936	2954.0000
5703.8256	2780.0000
5703.8575	2863.0000
5703.8895	2976.0000
5703.9214	2976.0000
5703.9534	2977.0000
5703.9853	3181.0000
5704.0173	3098.0000
5704.0492	3108.0000
5704.0812	3176.0000
5704.1131	3122.0000
5704.1451	3276.0000
5704.1770	3260.0000
5704.2090	3366.0000
5704.2409	3280.0000
5704.2728	3248.0000
5704.3049	3342.0000
5704.3368	3369.0000
5704.3687	3287.0000
5704.4007	3320.0000
5704.4326	3350.0000
5704.4645	3292.0000
5704.4965	3187.0000
5704.5284	3136.0000
5704.5603	3138.0000
5704.5922	3134.0000
5704.6242	3082.0000
5704.6561	3081.0000
5704.6880	3025.0000
5704.7199	3016.0000
5704.7518	2966.0000
5704.7838	2957.0000
5704.8157	3016.0000
5704.8476	3090.0000
5704.8795	3117.0000
5704.9114	3068.0000
5704.9433	3071.0000
5704.9752	3164.0000
5705.0071	3027.0000
5705.0390	3016.0000
5705.0709	2983.0000
5705.1028	2974.0000
5705.1347	2929.0000
5705.1666	2940.0000
5705.1985	3034.0000
5705.2304	3080.0000
5705.2623	3113.0000
5705.2942	3172.0000
5705.3261	3213.0000
5705.3581	3299.0000
5705.3900	3371.0000
5705.4219	3418.0000
5705.4538	3415.0000
5705.4856	3379.0000
5705.5175	3446.0000
5705.5494	3400.0000
5705.5813	3364.0000
5705.6132	3330.0000
5705.6450	3310.0000
5705.6769	3129.0000
5705.7088	3105.0000
5705.7407	3234.0000
5705.7725	3222.0000
5705.8044	3136.0000
5705.8363	3171.0000
5705.8681	3205.0000
5705.9000	3199.0000
5705.9319	3206.0000
5705.9637	3356.0000
5705.9956	3360.0000
5706.0275	3394.0000
5706.0593	3477.0000
5706.0912	3477.0000
5706.1230	3439.0000
5706.1549	3375.0000
5706.1867	3357.0000
5706.2186	3270.0000
5706.2504	3253.0000
5706.2823	3307.0000
5706.3141	3211.0000
5706.3460	3215.0000
5706.3778	3143.0000
5706.4098	3117.0000
5706.4416	3116.0000
5706.4734	3063.0000
5706.5053	2986.0000
5706.5371	2869.0000
5706.5689	2944.0000
5706.6008	2838.0000
5706.6326	2834.0000
5706.6644	2979.0000
5706.6963	2979.0000
5706.7281	3152.0000
5706.7599	3197.0000
5706.7917	3296.0000
5706.8236	3344.0000
5706.8554	3499.0000
5706.8872	3464.0000
5706.9190	3401.0000
5706.9508	3310.0000
5706.9827	3226.0000
5707.0145	3148.0000
5707.0463	3126.0000
5707.0781	3012.0000
5707.1099	3102.0000
5707.1417	3159.0000
5707.1735	3150.0000
5707.2053	3151.0000
5707.2371	3220.0000
5707.2689	3206.0000
5707.3007	3313.0000
5707.3325	3311.0000
5707.3643	3357.0000
5707.3961	3293.0000
5707.4279	3267.0000
5707.4598	3316.0000
5707.4916	3342.0000
5707.5234	3287.0000
5707.5552	3198.0000
5707.5870	3283.0000
5707.6188	3260.0000
5707.6506	3352.0000
5707.6823	3417.0000
5707.7141	3539.0000
5707.7459	3718.0000
5707.7777	3709.0000
5707.8095	3695.0000
5707.8412	3713.0000
5707.8730	3629.0000
5707.9048	3607.0000
5707.9366	3642.0000
5707.9683	3595.0000
5708.0001	3536.0000
5708.0319	3443.0000
5708.0636	3444.0000
5708.0954	3596.0000
5708.1272	3433.0000
5708.1589	3400.0000
5708.1907	3349.0000
5708.2224	3383.0000
5708.2542	3384.0000
5708.2860	3459.0000
5708.3177	3571.0000
5708.3495	3600.0000
5708.3812	3517.0000
5708.4130	3614.0000
5708.4447	3660.0000
5708.4765	3596.0000
5708.5083	3407.0000
5708.5401	3370.0000
5708.5718	3257.0000
5708.6035	3237.0000
5708.6353	3146.0000
5708.6670	3200.0000
5708.6988	3365.0000
5708.7305	3469.0000
5708.7622	3445.0000
5708.7940	3535.0000
5708.8257	3583.0000
5708.8574	3458.0000
5708.8892	3397.0000
5708.9209	3331.0000
5708.9526	3360.0000
5708.9843	3190.0000
5709.0161	3176.0000
5709.0478	3109.0000
5709.0795	3140.0000
5709.1112	3231.0000
5709.1429	3232.0000
5709.1747	3397.0000
5709.2064	3417.0000
5709.2381	3439.0000
5709.2698	3423.0000
5709.3015	3455.0000
5709.3332	3459.0000
5709.3649	3402.0000
5709.3966	3274.0000
5709.4283	3219.0000
5709.4600	3323.0000
5709.4917	3387.0000
5709.5234	3356.0000
5709.5552	3462.0000
5709.5869	3597.0000
5709.6186	3773.0000
5709.6503	3867.0000
5709.6820	4087.0000
5709.7137	4074.0000
5709.7454	4099.0000
5709.7771	4096.0000
5709.8088	3987.0000
5709.8405	3987.0000
5709.8721	3848.0000
5709.9038	3756.0000
5709.9355	3665.0000
5709.9672	3417.0000
5709.9989	3369.0000
5710.0305	3292.0000
5710.0622	3281.0000
5710.0939	3295.0000
5710.1256	3289.0000
5710.1572	3502.0000
5710.1889	3592.0000
5710.2206	3556.0000
5710.2522	3704.0000
5710.2839	3691.0000
5710.3156	3677.0000
5710.3472	3689.0000
5710.3789	3689.0000
5710.4105	3643.0000
5710.4422	3528.0000
5710.4739	3548.0000
5710.5055	3667.0000
5710.5372	3717.0000
5710.5688	3672.0000
5710.6006	3705.0000
5710.6322	3750.0000
5710.6639	3762.0000
5710.6955	3668.0000
5710.7272	3739.0000
5710.7588	3682.0000
5710.7904	3630.0000
5710.8221	3458.0000
5710.8537	3396.0000
5710.8854	3419.0000
5710.9170	3364.0000
5710.9486	3382.0000
5710.9803	3309.0000
5711.0119	3322.0000
5711.0435	3333.0000
5711.0752	3322.0000
5711.1068	3433.0000
5711.1384	3533.0000
5711.1700	3672.0000
5711.2017	3782.0000
5711.2333	3833.0000
5711.2649	3781.0000
5711.2965	3936.0000
5711.3281	3851.0000
5711.3597	3851.0000
5711.3914	3840.0000
5711.4230	3624.0000
5711.4546	3530.0000
5711.4862	3485.0000
5711.5178	3490.0000
5711.5494	3471.0000
5711.5810	3499.0000
5711.6126	3448.0000
5711.6442	3421.0000
5711.6759	3415.0000
5711.7075	3354.0000
5711.7391	3271.0000
5711.7707	3100.0000
5711.8023	3078.0000
5711.8339	3111.0000
5711.8655	3187.0000
5711.8971	3148.0000
5711.9287	3249.0000
5711.9603	3237.0000
5711.9919	3379.0000
5712.0234	3440.0000
5712.0550	3402.0000
5712.0866	3532.0000
5712.1182	3534.0000
5712.1498	3585.0000
5712.1813	3622.0000
5712.2129	3716.0000
5712.2445	3753.0000
5712.2761	3734.0000
5712.3076	3805.0000
5712.3392	3834.0000
5712.3708	3811.0000
5712.4024	3746.0000
5712.4339	3758.0000
5712.4655	3740.0000
5712.4970	3729.0000
5712.5286	3730.0000
5712.5602	3567.0000
5712.5917	3475.0000
5712.6233	3331.0000
5712.6548	3225.0000
5712.6864	3108.0000
5712.7181	2942.0000
5712.7496	2854.0000
5712.7812	2916.0000
5712.8127	2806.0000
5712.8442	2839.0000
5712.8758	2803.0000
5712.9073	2761.0000
5712.9389	2684.0000
5712.9704	2642.0000
5713.0020	2596.0000
5713.0335	2666.0000
5713.0650	2722.0000
5713.0966	2657.0000
5713.1281	2760.0000
5713.1596	2840.0000
5713.1912	2949.0000
5713.2227	2984.0000
5713.2542	3013.0000
5713.2858	3019.0000
5713.3173	3175.0000
5713.3488	3177.0000
5713.3803	3148.0000
5713.4119	3161.0000
5713.4434	3101.0000
5713.4749	3116.0000
5713.5064	3069.0000
5713.5379	3062.0000
5713.5694	3040.0000
5713.6010	2906.0000
5713.6325	2905.0000
5713.6640	2810.0000
5713.6955	2721.0000
5713.7270	2672.0000
5713.7586	2624.0000
5713.7901	2573.0000
5713.8216	2573.0000
5713.8531	2577.0000
5713.8846	2496.0000
5713.9161	2584.0000
5713.9476	2528.0000
5713.9791	2578.0000
5714.0106	2612.0000
5714.0421	2594.0000
5714.0736	2591.0000
5714.1051	2723.0000
5714.1365	2704.0000
5714.1680	2771.0000
5714.1995	2842.0000
5714.2310	2894.0000
5714.2625	2921.0000
5714.2940	2986.0000
5714.3254	3064.0000
5714.3569	3028.0000
5714.3884	3124.0000
5714.4199	3068.0000
5714.4513	3068.0000
5714.4828	3071.0000
5714.5143	3044.0000
5714.5458	3103.0000
5714.5772	3149.0000
5714.6087	3120.0000
5714.6401	3086.0000
5714.6716	3093.0000
5714.7031	3017.0000
5714.7345	3007.0000
5714.7660	2949.0000
5714.7974	2912.0000
5714.8290	2906.0000
5714.8605	2884.0000
5714.8919	2868.0000
5714.9234	2873.0000
5714.9548	2973.0000
5714.9863	3003.0000
5715.0177	3041.0000
5715.0492	3065.0000
5715.0806	2933.0000
5715.1120	2882.0000
5715.1435	2844.0000
5715.1749	2752.0000
5715.2064	2745.0000
5715.2378	2717.0000
5715.2692	2711.0000
5715.3007	2774.0000
5715.3321	2918.0000
5715.3635	2980.0000
5715.3950	3038.0000
5715.4264	3156.0000
5715.4578	3140.0000
5715.4892	3170.0000
5715.5207	3197.0000
5715.5521	3154.0000
5715.5835	3175.0000
5715.6149	3182.0000
5715.6463	3217.0000
5715.6778	3173.0000
5715.7092	3260.0000
5715.7406	3242.0000
5715.7720	3181.0000
5715.8034	3075.0000
5715.8348	3039.0000
5715.8663	2920.0000
5715.8977	2868.0000
5715.9291	2848.0000
5715.9605	2861.0000
5715.9919	2885.0000
5716.0233	2994.0000
5716.0547	3105.0000
5716.0861	3071.0000
5716.1175	3030.0000
5716.1489	3108.0000
5716.1803	3081.0000
5716.2117	2965.0000
5716.2431	2912.0000
5716.2745	2896.0000
5716.3059	2876.0000
5716.3373	2935.0000
5716.3687	2954.0000
5716.4000	3019.0000
5716.4314	3022.0000
5716.4628	3101.0000
5716.4942	3204.0000
5716.5256	3298.0000
5716.5569	3352.0000
5716.5883	3326.0000
5716.6197	3411.0000
5716.6510	3484.0000
5716.6824	3361.0000
5716.7138	3329.0000
5716.7452	3252.0000
5716.7765	3115.0000
5716.8079	3032.0000
5716.8392	3017.0000
5716.8706	3093.0000
5716.9020	3128.0000
5716.9334	3182.0000
5716.9648	3258.0000
5716.9961	3366.0000
5717.0275	3311.0000
5717.0588	3188.0000
5717.0902	3090.0000
5717.1215	3004.0000
5717.1529	2915.0000
5717.1842	2795.0000
5717.2156	2693.0000
5717.2469	2555.0000
5717.2783	2552.0000
5717.3096	2493.0000
5717.3409	2416.0000
5717.3723	2352.0000
5717.4036	2383.0000
5717.4350	2436.0000
5717.4663	2476.0000
5717.4976	2469.0000
5717.5290	2487.0000
5717.5603	2459.0000
5717.5916	2486.0000
5717.6229	2643.0000
5717.6543	2608.0000
5717.6856	2620.0000
5717.7169	2583.0000
5717.7482	2558.0000
5717.7795	2577.0000
5717.8109	2580.0000
5717.8422	2555.0000
5717.8735	2518.0000
5717.9048	2502.0000
5717.9361	2454.0000
5717.9674	2380.0000
5717.9988	2335.0000
5718.0301	2272.0000
5718.0614	2065.0000
5718.0928	1890.0000
5718.1241	1726.0000
5718.1554	1538.0000
5718.1867	1606.0000
5718.2180	1589.0000
5718.2493	1548.0000
5718.2805	1516.0000
5718.3118	1453.0000
5718.3431	1451.0000
5718.3744	1419.0000
5718.4057	1486.0000
5718.4370	1519.0000
5718.4683	1467.0000
5718.4996	1514.0000
5718.5309	1495.0000
5718.5621	1571.0000
5718.5934	1643.0000
5718.6247	1655.0000
5718.6560	1605.0000
5718.6873	1569.0000
5718.7185	1616.0000
5718.7498	1634.0000
5718.7811	1674.0000
5718.8123	1624.0000
5718.8436	1658.0000
5718.8749	1674.0000
5718.9061	1691.0000
5718.9374	1750.0000
5718.9687	1752.0000
5718.9999	1816.0000
5719.0313	1739.0000
5719.0626	1751.0000
5719.0938	1755.0000
5719.1251	1745.0000
5719.1563	1845.0000
5719.1876	1809.0000
5719.2188	1758.0000
5719.2501	1789.0000
5719.2813	1853.0000
5719.3126	1914.0000
5719.3438	1843.0000
5719.3751	1810.0000
5719.4063	1784.0000
5719.4376	1823.0000
5719.4688	1952.0000
5719.5000	1894.0000
5719.5313	1922.0000
5719.5625	1904.0000
5719.5937	1870.0000
5719.6250	1866.0000
5719.6562	1894.0000
5719.6874	1925.0000
5719.7187	1932.0000
5719.7499	1850.0000
5719.7811	1885.0000
5719.8123	1886.0000
5719.8436	1920.0000
5719.8748	1924.0000
5719.9060	1923.0000
5719.9372	1951.0000
5719.9684	1968.0000
5719.9996	1925.0000
5720.0309	1848.0000
5720.0621	1942.0000
5720.0934	1914.0000
5720.1246	1905.0000
5720.1558	1922.0000
5720.1870	2017.0000
5720.2182	2103.0000
5720.2494	2056.0000
5720.2806	2041.0000
5720.3118	2028.0000
5720.3430	2048.0000
5720.3742	2092.0000
5720.4054	2006.0000
5720.4366	1979.0000
5720.4678	1951.0000
5720.4990	2011.0000
5720.5302	1963.0000
5720.5614	2007.0000
5720.5926	2046.0000
5720.6237	2015.0000
5720.6549	1957.0000
5720.6861	1953.0000
5720.7173	1972.0000
5720.7485	2004.0000
5720.7797	1966.0000
5720.8108	2110.0000
5720.8420	2036.0000
5720.8732	2051.0000
5720.9044	2097.0000
5720.9355	2128.0000
5720.9667	2128.0000
5720.9979	2100.0000
5721.0290	2053.0000
5721.0602	2096.0000
5721.0914	2138.0000
5721.1225	2160.0000
5721.1538	2256.0000
5721.1849	2279.0000
5721.2161	2277.0000
5721.2473	2282.0000
5721.2784	2353.0000
5721.3096	2348.0000
5721.3407	2260.0000
5721.3719	2223.0000
5721.4030	2206.0000
5721.4342	2200.0000
5721.4653	2261.0000
5721.4965	2198.0000
5721.5276	2198.0000
5721.5587	2232.0000
5721.5899	2271.0000
5721.6210	2349.0000
5721.6522	2421.0000
5721.6833	2426.0000
5721.7144	2504.0000
5721.7456	2550.0000
5721.7767	2426.0000
5721.8078	2426.0000
5721.8390	2384.0000
5721.8701	2252.0000
5721.9012	2258.0000
5721.9323	2198.0000
5721.9635	2144.0000
5721.9946	2114.0000
5722.0257	2142.0000
5722.0568	2222.0000
5722.0879	2232.0000
5722.1191	2327.0000
5722.1502	2384.0000
5722.1814	2411.0000
5722.2125	2431.0000
5722.2436	2393.0000
5722.2747	2361.0000
5722.3058	2385.0000
5722.3369	2386.0000
5722.3680	2300.0000
5722.3991	2307.0000
5722.4302	2274.0000
5722.4613	2340.0000
5722.4924	2368.0000
5722.5235	2521.0000
5722.5546	2520.0000
5722.5857	2577.0000
5722.6168	2572.0000
5722.6479	2528.0000
5722.6790	2560.0000
5722.7101	2532.0000
5722.7412	2537.0000
5722.7722	2557.0000
5722.8033	2543.0000
5722.8344	2502.0000
5722.8655	2489.0000
5722.8966	2420.0000
5722.9276	2485.0000
5722.9587	2491.0000
5722.9898	2503.0000
5723.0209	2613.0000
5723.0519	2625.0000
5723.0830	2537.0000
5723.1141	2538.0000
5723.1452	2497.0000
5723.1762	2497.0000
5723.2073	2490.0000
5723.2384	2392.0000
5723.2695	2435.0000
5723.3006	2338.0000
5723.3316	2306.0000
5723.3627	2432.0000
5723.3937	2482.0000
5723.4248	2439.0000
5723.4558	2370.0000
5723.4869	2444.0000
5723.5179	2389.0000
5723.5490	2391.0000
5723.5800	2386.0000
5723.6111	2324.0000
5723.6421	2279.0000
5723.6732	2223.0000
5723.7042	2166.0000
5723.7353	2073.0000
5723.7663	1986.0000
5723.7973	1852.0000
5723.8284	1733.0000
5723.8594	1739.0000
5723.8904	1630.0000
5723.9215	1569.0000
5723.9525	1528.0000
5723.9835	1509.0000
5724.0145	1462.0000
5724.0456	1202.0000
5724.0766	1216.0000
5724.1076	1213.0000
5724.1386	1237.0000
5724.1697	1258.0000
5724.2007	1251.0000
5724.2317	1186.0000
5724.2627	1144.0000
5724.2938	1145.0000
5724.3248	1110.0000
