R_Cam.7
4997.1193	30.0000
4997.1492	60.0000
4997.1792	46.0000
4997.2091	46.0000
4997.2390	79.0000
4997.2689	124.0000
4997.2989	126.0000
4997.3288	97.0000
4997.3587	119.0000
4997.3886	117.0000
4997.4186	148.0000
4997.4485	191.0000
4997.4784	216.0000
4997.5083	239.0000
4997.5382	295.0000
4997.5681	288.0000
4997.5980	373.0000
4997.6280	514.0000
4997.6579	561.0000
4997.6878	633.0000
4997.7177	698.0000
4997.7476	637.0000
4997.7775	632.0000
4997.8074	543.0000
4997.8373	510.0000
4997.8672	377.0000
4997.8972	373.0000
4997.9271	422.0000
4997.9570	412.0000
4997.9869	380.0000
4998.0168	325.0000
4998.0467	330.0000
4998.0766	342.0000
4998.1065	306.0000
4998.1363	308.0000
4998.1662	296.0000
4998.1961	390.0000
4998.2260	400.0000
4998.2559	395.0000
4998.2858	358.0000
4998.3157	270.0000
4998.3455	220.0000
4998.3754	223.0000
4998.4053	144.0000
4998.4352	182.0000
4998.4651	214.0000
4998.4949	206.0000
4998.5248	212.0000
4998.5547	264.0000
4998.5845	279.0000
4998.6144	211.0000
4998.6443	261.0000
4998.6742	268.0000
4998.7040	216.0000
4998.7339	196.0000
4998.7637	165.0000
4998.7936	184.0000
4998.8235	192.0000
4998.8533	146.0000
4998.8832	227.0000
4998.9131	86.0000
4998.9429	73.0000
4998.9729	70.0000
4999.0027	142.0000
4999.0326	225.0000
4999.0624	144.0000
4999.0923	132.0000
4999.1221	125.0000
4999.1520	160.0000
4999.1818	94.0000
4999.2117	87.0000
4999.2415	125.0000
4999.2714	116.0000
4999.3012	209.0000
4999.3310	198.0000
4999.3609	112.0000
4999.3907	114.0000
4999.4206	100.0000
4999.4504	63.0000
4999.4802	64.0000
4999.5101	115.0000
4999.5399	136.0000
4999.5697	124.0000
4999.5996	70.0000
4999.6294	65.0000
4999.6592	120.0000
4999.6890	165.0000
4999.7189	128.0000
4999.7487	82.0000
4999.7785	133.0000
4999.8083	114.0000
4999.8381	47.0000
4999.8680	40.0000
4999.8978	86.0000
4999.9276	119.0000
4999.9574	121.0000
4999.9872	127.0000
5000.0171	138.0000
5000.0470	207.0000
5000.0768	279.0000
5000.1066	208.0000
5000.1364	138.0000
5000.1662	117.0000
5000.1960	119.0000
5000.2258	148.0000
5000.2556	141.0000
5000.2854	140.0000
5000.3152	122.0000
5000.3450	108.0000
5000.3748	123.0000
5000.4046	111.0000
5000.4344	76.0000
5000.4642	143.0000
5000.4940	141.0000
5000.5238	104.0000
5000.5536	130.0000
5000.5834	150.0000
5000.6132	217.0000
5000.6429	266.0000
5000.6727	237.0000
5000.7025	208.0000
5000.7323	285.0000
5000.7621	273.0000
5000.7919	271.0000
5000.8216	331.0000
5000.8514	264.0000
5000.8812	203.0000
5000.9110	181.0000
5000.9407	166.0000
5000.9705	192.0000
5001.0003	194.0000
5001.0301	178.0000
5001.0599	132.0000
5001.0897	206.0000
5001.1195	220.0000
5001.1492	197.0000
5001.1790	217.0000
5001.2088	230.0000
5001.2385	193.0000
5001.2683	161.0000
5001.2981	139.0000
5001.3278	226.0000
5001.3576	216.0000
5001.3873	186.0000
5001.4171	193.0000
5001.4468	240.0000
5001.4766	272.0000
5001.5063	239.0000
5001.5361	121.0000
5001.5658	128.0000
5001.5956	168.0000
5001.6253	134.0000
5001.6551	147.0000
5001.6848	138.0000
5001.7146	129.0000
5001.7443	109.0000
5001.7741	132.0000
5001.8038	108.0000
5001.8335	85.0000
5001.8633	136.0000
5001.8930	79.0000
5001.9227	61.0000
5001.9525	142.0000
5001.9822	161.0000
5002.0119	148.0000
5002.0417	122.0000
5002.0714	121.0000
5002.1011	90.0000
5002.1310	212.0000
5002.1607	206.0000
5002.1904	158.0000
5002.2201	177.0000
5002.2498	120.0000
5002.2796	108.0000
5002.3093	240.0000
5002.3390	226.0000
5002.3687	197.0000
5002.3984	196.0000
5002.4282	300.0000
5002.4579	274.0000
5002.4876	194.0000
5002.5173	213.0000
5002.5470	174.0000
5002.5767	228.0000
5002.6064	181.0000
5002.6361	145.0000
5002.6658	111.0000
5002.6955	110.0000
5002.7252	150.0000
5002.7549	120.0000
5002.7846	112.0000
5002.8143	122.0000
5002.8440	106.0000
5002.8737	122.0000
5002.9034	105.0000
5002.9331	106.0000
5002.9628	112.0000
5002.9925	92.0000
5003.0222	144.0000
5003.0519	137.0000
5003.0816	142.0000
5003.1112	184.0000
5003.1409	197.0000
5003.1707	186.0000
5003.2004	202.0000
5003.2301	117.0000
5003.2598	100.0000
5003.2894	147.0000
5003.3191	88.0000
5003.3488	78.0000
5003.3785	168.0000
5003.4081	155.0000
5003.4378	121.0000
5003.4675	121.0000
5003.4971	108.0000
5003.5268	112.0000
5003.5565	121.0000
5003.5862	107.0000
5003.6158	164.0000
5003.6455	140.0000
5003.6751	112.0000
5003.7048	111.0000
5003.7345	130.0000
5003.7641	51.0000
5003.7938	188.0000
5003.8234	177.0000
5003.8531	189.0000
5003.8827	121.0000
5003.9124	161.0000
5003.9421	150.0000
5003.9717	159.0000
5004.0014	165.0000
5004.0310	126.0000
5004.0606	103.0000
5004.0903	145.0000
5004.1199	67.0000
5004.1496	81.0000
5004.1792	109.0000
5004.2089	169.0000
5004.2386	113.0000
5004.2682	104.0000
5004.2979	124.0000
5004.3275	174.0000
5004.3572	174.0000
5004.3868	150.0000
5004.4164	190.0000
5004.4460	172.0000
5004.4757	103.0000
5004.5053	201.0000
5004.5349	147.0000
5004.5646	143.0000
5004.5942	133.0000
5004.6238	152.0000
5004.6534	144.0000
5004.6830	163.0000
5004.7127	164.0000
5004.7423	167.0000
5004.7719	166.0000
5004.8015	142.0000
5004.8311	135.0000
5004.8608	131.0000
5004.8904	146.0000
5004.9200	207.0000
5004.9496	248.0000
5004.9792	181.0000
5005.0088	148.0000
5005.0384	193.0000
5005.0680	216.0000
5005.0976	239.0000
5005.1272	226.0000
5005.1568	229.0000
5005.1864	180.0000
5005.2160	204.0000
5005.2456	170.0000
5005.2753	214.0000
5005.3049	172.0000
5005.3345	189.0000
5005.3641	237.0000
5005.3937	214.0000
5005.4233	277.0000
5005.4529	333.0000
5005.4825	306.0000
5005.5120	259.0000
5005.5416	253.0000
5005.5712	224.0000
5005.6008	149.0000
5005.6304	168.0000
5005.6600	130.0000
5005.6895	172.0000
5005.7191	191.0000
5005.7487	197.0000
5005.7783	125.0000
5005.8078	113.0000
5005.8374	103.0000
5005.8670	198.0000
5005.8966	223.0000
5005.9261	221.0000
5005.9557	252.0000
5005.9853	271.0000
5006.0148	272.0000
5006.0444	370.0000
5006.0740	312.0000
5006.1035	303.0000
5006.1331	216.0000
5006.1626	178.0000
5006.1922	168.0000
5006.2218	274.0000
5006.2513	254.0000
5006.2809	147.0000
5006.3104	131.0000
5006.3401	114.0000
5006.3696	166.0000
5006.3992	187.0000
5006.4287	166.0000
5006.4583	164.0000
5006.4878	140.0000
5006.5174	165.0000
5006.5469	217.0000
5006.5764	191.0000
5006.6060	263.0000
5006.6355	235.0000
5006.6651	297.0000
5006.6946	287.0000
5006.7241	198.0000
5006.7537	247.0000
5006.7832	302.0000
5006.8127	247.0000
5006.8423	208.0000
5006.8718	238.0000
5006.9013	241.0000
5006.9309	241.0000
5006.9604	196.0000
5006.9899	179.0000
5007.0194	124.0000
5007.0490	125.0000
5007.0785	188.0000
5007.1080	171.0000
5007.1375	125.0000
5007.1670	206.0000
5007.1966	206.0000
5007.2261	164.0000
5007.2556	147.0000
5007.2851	163.0000
5007.3146	146.0000
5007.3441	191.0000
5007.3737	157.0000
5007.4032	197.0000
5007.4327	203.0000
5007.4622	203.0000
5007.4918	222.0000
5007.5213	278.0000
5007.5508	278.0000
5007.5803	278.0000
5007.6098	247.0000
5007.6393	306.0000
5007.6688	295.0000
5007.6982	294.0000
5007.7277	301.0000
5007.7572	298.0000
5007.7867	273.0000
5007.8162	213.0000
5007.8457	270.0000
5007.8752	268.0000
5007.9047	285.0000
5007.9342	174.0000
5007.9637	185.0000
5007.9931	177.0000
5008.0226	93.0000
5008.0521	167.0000
5008.0816	261.0000
5008.1111	230.0000
5008.1405	237.0000
5008.1700	229.0000
5008.1995	222.0000
5008.2290	297.0000
5008.2584	289.0000
5008.2879	144.0000
5008.3174	177.0000
5008.3468	276.0000
5008.3763	259.0000
5008.4058	299.0000
5008.4353	347.0000
5008.4648	404.0000
5008.4943	462.0000
5008.5237	503.0000
5008.5532	437.0000
5008.5826	376.0000
5008.6121	322.0000
5008.6416	268.0000
5008.6710	241.0000
5008.7005	267.0000
5008.7299	312.0000
5008.7594	283.0000
5008.7888	226.0000
5008.8183	236.0000
5008.8477	269.0000
5008.8772	264.0000
5008.9066	260.0000
5008.9361	242.0000
5008.9655	236.0000
5008.9949	195.0000
5009.0244	239.0000
5009.0538	259.0000
5009.0833	259.0000
5009.1127	287.0000
5009.1421	333.0000
5009.1716	380.0000
5009.2010	350.0000
5009.2304	319.0000
5009.2599	294.0000
5009.2893	355.0000
5009.3187	307.0000
5009.3481	330.0000
5009.3776	298.0000
5009.4070	292.0000
5009.4364	207.0000
5009.4658	250.0000
5009.4954	157.0000
5009.5248	205.0000
5009.5542	173.0000
5009.5836	146.0000
5009.6130	115.0000
5009.6424	130.0000
5009.6719	223.0000
5009.7013	180.0000
5009.7307	204.0000
5009.7601	276.0000
5009.7895	340.0000
5009.8189	321.0000
5009.8483	380.0000
5009.8777	350.0000
5009.9071	353.0000
5009.9365	448.0000
5009.9659	403.0000
5009.9953	315.0000
5010.0247	326.0000
5010.0541	231.0000
5010.0835	259.0000
5010.1129	350.0000
5010.1423	381.0000
5010.1717	309.0000
5010.2011	309.0000
5010.2305	263.0000
5010.2599	245.0000
5010.2892	307.0000
5010.3186	261.0000
5010.3480	289.0000
5010.3774	289.0000
5010.4068	271.0000
5010.4362	261.0000
5010.4655	266.0000
5010.4949	344.0000
5010.5243	352.0000
5010.5538	310.0000
5010.5831	280.0000
5010.6125	321.0000
5010.6419	359.0000
5010.6713	360.0000
5010.7006	370.0000
5010.7300	407.0000
5010.7594	428.0000
5010.7887	425.0000
5010.8181	379.0000
5010.8475	320.0000
5010.8768	329.0000
5010.9062	303.0000
5010.9355	327.0000
5010.9649	288.0000
5010.9943	278.0000
5011.0236	266.0000
5011.0530	217.0000
5011.0823	309.0000
5011.1117	326.0000
5011.1410	288.0000
5011.1704	277.0000
5011.1997	274.0000
5011.2291	212.0000
5011.2584	179.0000
5011.2878	301.0000
5011.3171	237.0000
5011.3465	273.0000
5011.3758	307.0000
5011.4051	346.0000
5011.4345	423.0000
5011.4638	364.0000
5011.4932	326.0000
5011.5225	290.0000
5011.5518	368.0000
5011.5813	282.0000
5011.6106	212.0000
5011.6399	224.0000
5011.6692	310.0000
5011.6986	270.0000
5011.7279	154.0000
5011.7572	189.0000
5011.7865	251.0000
5011.8159	300.0000
5011.8452	274.0000
5011.8745	233.0000
5011.9038	301.0000
5011.9332	371.0000
5011.9625	289.0000
5011.9918	257.0000
5012.0211	247.0000
5012.0504	197.0000
5012.0797	237.0000
5012.1090	304.0000
5012.1383	281.0000
5012.1676	194.0000
5012.1970	226.0000
5012.2263	290.0000
5012.2556	300.0000
5012.2849	255.0000
5012.3142	253.0000
5012.3435	229.0000
5012.3728	286.0000
5012.4021	261.0000
5012.4314	276.0000
5012.4607	314.0000
5012.4900	243.0000
5012.5192	264.0000
5012.5485	250.0000
5012.5778	231.0000
5012.6071	323.0000
5012.6365	422.0000
5012.6658	415.0000
5012.6951	312.0000
5012.7244	371.0000
5012.7536	410.0000
5012.7829	353.0000
5012.8122	404.0000
5012.8415	342.0000
5012.8708	249.0000
5012.9000	254.0000
5012.9293	250.0000
5012.9586	252.0000
5012.9879	247.0000
5013.0171	258.0000
5013.0464	215.0000
5013.0757	264.0000
5013.1049	290.0000
5013.1342	368.0000
5013.1635	349.0000
5013.1927	288.0000
5013.2220	301.0000
5013.2513	312.0000
5013.2805	330.0000
5013.3098	313.0000
5013.3391	303.0000
5013.3683	347.0000
5013.3976	370.0000
5013.4268	385.0000
5013.4561	348.0000
5013.4853	489.0000
5013.5146	602.0000
5013.5438	564.0000
5013.5731	648.0000
5013.6023	608.0000
5013.6316	585.0000
5013.6608	484.0000
5013.6902	369.0000
5013.7194	478.0000
5013.7486	492.0000
5013.7779	395.0000
5013.8071	454.0000
5013.8364	517.0000
5013.8656	522.0000
5013.8948	477.0000
5013.9241	360.0000
5013.9533	287.0000
5013.9825	252.0000
5014.0117	279.0000
5014.0410	246.0000
5014.0702	305.0000
5014.0994	262.0000
5014.1287	187.0000
5014.1579	170.0000
5014.1871	188.0000
5014.2163	181.0000
5014.2455	168.0000
5014.2748	179.0000
5014.3040	187.0000
5014.3332	156.0000
5014.3624	133.0000
5014.3916	165.0000
5014.4208	155.0000
5014.4500	145.0000
5014.4793	184.0000
5014.5085	264.0000
5014.5377	337.0000
5014.5669	339.0000
5014.5961	335.0000
5014.6253	289.0000
5014.6545	244.0000
5014.6837	251.0000
5014.7129	185.0000
5014.7422	286.0000
5014.7714	324.0000
5014.8006	382.0000
5014.8298	408.0000
5014.8590	409.0000
5014.8882	455.0000
5014.9174	462.0000
5014.9465	505.0000
5014.9757	516.0000
5015.0049	461.0000
5015.0341	416.0000
5015.0633	427.0000
5015.0925	352.0000
5015.1217	306.0000
5015.1508	365.0000
5015.1800	372.0000
5015.2092	379.0000
5015.2384	373.0000
5015.2676	382.0000
5015.2967	391.0000
5015.3259	359.0000
5015.3551	424.0000
5015.3842	452.0000
5015.4134	429.0000
5015.4426	310.0000
5015.4718	387.0000
5015.5009	372.0000
5015.5301	407.0000
5015.5592	381.0000
5015.5884	432.0000
5015.6176	362.0000
5015.6467	370.0000
5015.6759	374.0000
5015.7050	377.0000
5015.7342	440.0000
5015.7634	415.0000
5015.7926	454.0000
5015.8218	483.0000
5015.8509	516.0000
5015.8801	527.0000
5015.9092	543.0000
5015.9384	579.0000
5015.9675	580.0000
5015.9967	449.0000
5016.0258	343.0000
5016.0549	341.0000
5016.0841	212.0000
5016.1132	159.0000
5016.1424	221.0000
5016.1715	204.0000
5016.2006	243.0000
5016.2298	245.0000
5016.2589	276.0000
5016.2880	249.0000
5016.3172	237.0000
5016.3463	218.0000
5016.3754	266.0000
5016.4046	230.0000
5016.4337	228.0000
5016.4628	301.0000
5016.4919	375.0000
5016.5211	367.0000
5016.5502	352.0000
5016.5793	367.0000
5016.6084	383.0000
5016.6375	506.0000
5016.6667	480.0000
5016.6958	500.0000
5016.7249	499.0000
5016.7540	515.0000
5016.7831	473.0000
5016.8122	437.0000
5016.8413	466.0000
5016.8705	333.0000
5016.8996	272.0000
5016.9287	251.0000
5016.9578	371.0000
5016.9870	359.0000
5017.0161	374.0000
5017.0452	409.0000
5017.0743	382.0000
5017.1034	420.0000
5017.1324	376.0000
5017.1615	458.0000
5017.1906	448.0000
5017.2197	410.0000
5017.2488	391.0000
5017.2779	344.0000
5017.3070	302.0000
5017.3361	328.0000
5017.3652	303.0000
5017.3943	310.0000
5017.4233	321.0000
5017.4524	353.0000
5017.4815	445.0000
5017.5106	449.0000
5017.5397	448.0000
5017.5687	416.0000
5017.5978	412.0000
5017.6269	386.0000
5017.6560	335.0000
5017.6850	378.0000
5017.7141	389.0000
5017.7432	433.0000
5017.7723	327.0000
5017.8013	287.0000
5017.8304	312.0000
5017.8595	388.0000
5017.8885	358.0000
5017.9177	333.0000
5017.9467	375.0000
5017.9758	396.0000
5018.0049	403.0000
5018.0339	431.0000
5018.0630	462.0000
5018.0920	359.0000
5018.1211	351.0000
5018.1501	305.0000
5018.1792	330.0000
5018.2082	293.0000
5018.2373	318.0000
5018.2663	288.0000
5018.2954	315.0000
5018.3244	354.0000
5018.3535	397.0000
5018.3825	449.0000
5018.4116	468.0000
5018.4406	473.0000
5018.4696	424.0000
5018.4987	454.0000
5018.5277	488.0000
5018.5568	485.0000
5018.5858	460.0000
5018.6148	382.0000
5018.6438	347.0000
5018.6729	316.0000
5018.7019	263.0000
5018.7309	317.0000
5018.7600	311.0000
5018.7890	319.0000
5018.8180	326.0000
5018.8470	291.0000
5018.8761	351.0000
5018.9051	340.0000
5018.9341	331.0000
5018.9632	359.0000
5018.9922	441.0000
5019.0212	500.0000
5019.0503	554.0000
5019.0793	514.0000
5019.1083	471.0000
5019.1373	414.0000
5019.1663	399.0000
5019.1953	413.0000
5019.2243	363.0000
5019.2533	360.0000
5019.2823	429.0000
5019.3113	410.0000
5019.3403	400.0000
5019.3693	504.0000
5019.3983	468.0000
5019.4273	425.0000
5019.4563	478.0000
5019.4853	508.0000
5019.5143	606.0000
5019.5433	538.0000
5019.5723	509.0000
5019.6013	553.0000
5019.6303	593.0000
5019.6593	506.0000
5019.6883	501.0000
5019.7172	471.0000
5019.7462	398.0000
5019.7752	431.0000
5019.8042	413.0000
5019.8332	380.0000
5019.8621	388.0000
5019.8911	339.0000
5019.9201	263.0000
5019.9491	218.0000
5019.9781	261.0000
5020.0071	260.0000
5020.0361	164.0000
5020.0651	171.0000
5020.0940	235.0000
5020.1230	221.0000
5020.1520	262.0000
5020.1809	281.0000
5020.2099	289.0000
5020.2389	304.0000
5020.2678	360.0000
5020.2968	330.0000
5020.3257	349.0000
5020.3547	331.0000
5020.3837	348.0000
5020.4126	415.0000
5020.4416	363.0000
5020.4705	411.0000
5020.4995	368.0000
5020.5284	319.0000
5020.5574	371.0000
5020.5863	396.0000
5020.6153	459.0000
5020.6442	501.0000
5020.6732	582.0000
5020.7021	618.0000
5020.7310	552.0000
5020.7600	522.0000
5020.7889	475.0000
5020.8179	464.0000
5020.8468	448.0000
5020.8757	264.0000
5020.9047	378.0000
5020.9336	336.0000
5020.9625	376.0000
5020.9915	471.0000
5021.0204	545.0000
5021.0493	640.0000
5021.0783	687.0000
5021.1073	837.0000
5021.1362	869.0000
5021.1651	841.0000
5021.1940	776.0000
5021.2230	671.0000
5021.2519	495.0000
5021.2808	436.0000
5021.3097	400.0000
5021.3386	359.0000
5021.3675	417.0000
5021.3964	404.0000
5021.4254	307.0000
5021.4543	277.0000
5021.4832	324.0000
5021.5121	342.0000
5021.5410	479.0000
5021.5699	445.0000
5021.5988	478.0000
5021.6277	600.0000
5021.6566	536.0000
5021.6855	523.0000
5021.7144	570.0000
5021.7433	586.0000
5021.7722	520.0000
5021.8011	457.0000
5021.8300	382.0000
5021.8589	295.0000
5021.8878	365.0000
5021.9167	347.0000
5021.9456	276.0000
5021.9744	261.0000
5022.0033	448.0000
5022.0322	491.0000
5022.0611	471.0000
5022.0900	456.0000
5022.1190	541.0000
5022.1478	634.0000
5022.1767	654.0000
5022.2056	610.0000
5022.2345	623.0000
5022.2633	573.0000
5022.2922	486.0000
5022.3211	439.0000
5022.3500	372.0000
5022.3788	289.0000
5022.4077	255.0000
5022.4366	283.0000
5022.4654	353.0000
5022.4943	382.0000
5022.5232	298.0000
5022.5520	349.0000
5022.5809	385.0000
5022.6097	448.0000
5022.6386	507.0000
5022.6675	494.0000
5022.6963	426.0000
5022.7252	399.0000
5022.7540	415.0000
5022.7829	356.0000
5022.8117	284.0000
5022.8406	330.0000
5022.8694	349.0000
5022.8983	418.0000
5022.9271	361.0000
5022.9560	289.0000
5022.9848	273.0000
5023.0137	329.0000
5023.0425	421.0000
5023.0713	433.0000
5023.1002	540.0000
5023.1290	554.0000
5023.1578	509.0000
5023.1868	628.0000
5023.2156	733.0000
5023.2444	776.0000
5023.2733	759.0000
5023.3021	873.0000
5023.3309	922.0000
5023.3598	820.0000
5023.3886	825.0000
5023.4174	669.0000
5023.4462	505.0000
5023.4751	349.0000
5023.5039	334.0000
5023.5327	271.0000
5023.5615	279.0000
5023.5903	325.0000
5023.6192	395.0000
5023.6480	439.0000
5023.6768	504.0000
5023.7056	493.0000
5023.7344	518.0000
5023.7632	556.0000
5023.7920	538.0000
5023.8208	596.0000
5023.8496	587.0000
5023.8784	612.0000
5023.9072	648.0000
5023.9360	707.0000
5023.9648	660.0000
5023.9936	746.0000
5024.0224	784.0000
5024.0512	691.0000
5024.0800	557.0000
5024.1088	511.0000
5024.1376	483.0000
5024.1664	475.0000
5024.1952	442.0000
5024.2241	430.0000
5024.2529	397.0000
5024.2817	368.0000
5024.3105	411.0000
5024.3392	464.0000
5024.3680	447.0000
5024.3968	390.0000
5024.4256	400.0000
5024.4544	443.0000
5024.4831	347.0000
5024.5119	274.0000
5024.5407	322.0000
5024.5695	298.0000
5024.5982	371.0000
5024.6270	421.0000
5024.6558	451.0000
5024.6846	505.0000
5024.7133	510.0000
5024.7421	449.0000
5024.7709	444.0000
5024.7996	410.0000
5024.8284	384.0000
5024.8571	329.0000
5024.8859	323.0000
5024.9147	382.0000
5024.9434	381.0000
5024.9722	400.0000
5025.0009	492.0000
5025.0297	497.0000
5025.0584	463.0000
5025.0872	494.0000
5025.1159	623.0000
5025.1447	660.0000
5025.1734	609.0000
5025.2022	630.0000
5025.2309	586.0000
5025.2597	503.0000
5025.2885	420.0000
5025.3173	422.0000
5025.3460	489.0000
5025.3747	474.0000
5025.4035	442.0000
5025.4322	375.0000
5025.4609	322.0000
5025.4897	388.0000
5025.5184	376.0000
5025.5471	349.0000
5025.5759	340.0000
5025.6046	284.0000
5025.6333	378.0000
5025.6621	365.0000
5025.6908	372.0000
5025.7195	387.0000
5025.7482	341.0000
5025.7770	381.0000
5025.8057	421.0000
5025.8344	501.0000
5025.8631	549.0000
5025.8918	577.0000
5025.9205	591.0000
5025.9493	526.0000
5025.9780	472.0000
5026.0067	537.0000
5026.0354	559.0000
5026.0641	503.0000
5026.0928	508.0000
5026.1215	436.0000
5026.1502	466.0000
5026.1789	510.0000
5026.2076	533.0000
5026.2363	592.0000
5026.2650	592.0000
5026.2937	612.0000
5026.3225	577.0000
5026.3512	475.0000
5026.3799	485.0000
5026.4086	472.0000
5026.4373	440.0000
5026.4660	465.0000
5026.4947	456.0000
5026.5234	546.0000
5026.5521	513.0000
5026.5807	540.0000
5026.6094	547.0000
5026.6381	524.0000
5026.6668	569.0000
5026.6955	583.0000
5026.7242	676.0000
5026.7528	673.0000
5026.7815	703.0000
5026.8102	746.0000
5026.8389	668.0000
5026.8675	596.0000
5026.8962	538.0000
5026.9249	574.0000
5026.9535	632.0000
5026.9822	667.0000
5027.0109	735.0000
5027.0395	773.0000
5027.0682	815.0000
5027.0969	853.0000
5027.1255	767.0000
5027.1542	768.0000
5027.1829	716.0000
5027.2115	699.0000
5027.2402	655.0000
5027.2688	626.0000
5027.2975	634.0000
5027.3261	543.0000
5027.3548	532.0000
5027.3835	536.0000
5027.4122	527.0000
5027.4408	537.0000
5027.4695	503.0000
5027.4981	516.0000
5027.5268	489.0000
5027.5554	571.0000
5027.5841	591.0000
5027.6127	565.0000
5027.6413	507.0000
5027.6700	573.0000
5027.6986	628.0000
5027.7272	489.0000
5027.7559	476.0000
5027.7845	484.0000
5027.8131	540.0000
5027.8418	570.0000
5027.8704	483.0000
5027.8990	504.0000
5027.9277	474.0000
5027.9563	518.0000
5027.9849	433.0000
5028.0135	406.0000
5028.0422	429.0000
5028.0708	343.0000
5028.0994	324.0000
5028.1280	430.0000
5028.1566	463.0000
5028.1852	448.0000
5028.2139	455.0000
5028.2425	567.0000
5028.2711	530.0000
5028.2997	578.0000
5028.3283	678.0000
5028.3569	778.0000
5028.3855	871.0000
5028.4141	959.0000
5028.4428	1109.0000
5028.4714	1110.0000
5028.5000	1109.0000
5028.5286	1188.0000
5028.5572	1308.0000
5028.5858	1461.0000
5028.6144	1450.0000
5028.6430	1363.0000
5028.6716	1255.0000
5028.7002	989.0000
5028.7288	832.0000
5028.7574	764.0000
5028.7860	648.0000
5028.8146	583.0000
5028.8431	596.0000
5028.8717	622.0000
5028.9003	574.0000
5028.9289	510.0000
5028.9575	482.0000
5028.9860	550.0000
5029.0146	622.0000
5029.0432	675.0000
5029.0718	718.0000
5029.1004	779.0000
5029.1289	733.0000
5029.1575	712.0000
5029.1861	689.0000
5029.2146	513.0000
5029.2432	509.0000
5029.2718	471.0000
5029.3003	498.0000
5029.3289	534.0000
5029.3575	539.0000
5029.3860	507.0000
5029.4146	579.0000
5029.4432	586.0000
5029.4717	557.0000
5029.5004	571.0000
5029.5289	713.0000
5029.5575	785.0000
5029.5860	796.0000
5029.6146	795.0000
5029.6431	816.0000
5029.6717	850.0000
5029.7002	798.0000
5029.7288	801.0000
5029.7573	864.0000
5029.7859	848.0000
5029.8144	791.0000
5029.8430	761.0000
5029.8715	664.0000
5029.9000	578.0000
5029.9286	549.0000
5029.9571	559.0000
5029.9856	543.0000
5030.0142	467.0000
5030.0427	395.0000
5030.0712	438.0000
5030.0998	463.0000
5030.1283	502.0000
5030.1568	478.0000
5030.1854	434.0000
5030.2139	471.0000
5030.2424	559.0000
5030.2709	647.0000
5030.2994	734.0000
5030.3280	756.0000
5030.3565	826.0000
5030.3850	803.0000
5030.4135	725.0000
5030.4420	682.0000
5030.4705	650.0000
5030.4991	781.0000
5030.5276	759.0000
5030.5562	748.0000
5030.5847	891.0000
5030.6132	997.0000
5030.6417	1110.0000
5030.6702	1206.0000
5030.6987	1310.0000
5030.7272	1290.0000
5030.7557	1228.0000
5030.7842	1127.0000
5030.8127	1091.0000
5030.8412	972.0000
5030.8697	977.0000
5030.8982	967.0000
5030.9267	974.0000
5030.9552	1013.0000
5030.9837	967.0000
5031.0122	995.0000
5031.0407	892.0000
5031.0691	877.0000
5031.0976	753.0000
5031.1261	706.0000
5031.1546	594.0000
5031.1831	515.0000
5031.2116	445.0000
5031.2400	482.0000
5031.2685	506.0000
5031.2970	477.0000
5031.3255	601.0000
5031.3539	588.0000
5031.3824	629.0000
5031.4109	635.0000
5031.4394	664.0000
5031.4678	677.0000
5031.4963	668.0000
5031.5248	688.0000
5031.5532	668.0000
5031.5818	697.0000
5031.6103	650.0000
5031.6387	698.0000
5031.6672	629.0000
5031.6956	608.0000
5031.7241	575.0000
5031.7525	541.0000
5031.7810	541.0000
5031.8095	467.0000
5031.8379	411.0000
5031.8664	401.0000
5031.8948	486.0000
5031.9233	496.0000
5031.9517	513.0000
5031.9802	500.0000
5032.0086	541.0000
5032.0370	507.0000
5032.0655	609.0000
5032.0939	654.0000
5032.1224	565.0000
5032.1508	557.0000
5032.1792	678.0000
5032.2077	765.0000
5032.2361	833.0000
5032.2645	919.0000
5032.2930	894.0000
5032.3214	997.0000
5032.3498	920.0000
5032.3783	824.0000
5032.4067	872.0000
5032.4351	884.0000
5032.4635	839.0000
5032.4920	962.0000
5032.5204	958.0000
5032.5488	976.0000
5032.5772	989.0000
5032.6057	1038.0000
5032.6342	1119.0000
5032.6626	1117.0000
5032.6910	1146.0000
5032.7194	1089.0000
5032.7478	1138.0000
5032.7762	1039.0000
5032.8046	895.0000
5032.8331	794.0000
5032.8615	813.0000
5032.8899	755.0000
5032.9183	704.0000
5032.9467	707.0000
5032.9751	763.0000
5033.0035	669.0000
5033.0319	648.0000
5033.0603	617.0000
5033.0887	592.0000
5033.1171	645.0000
5033.1455	674.0000
5033.1738	678.0000
5033.2022	633.0000
5033.2306	639.0000
5033.2590	638.0000
5033.2874	701.0000
5033.3158	797.0000
5033.3442	860.0000
5033.3726	953.0000
5033.4009	954.0000
5033.4293	950.0000
5033.4577	905.0000
5033.4861	886.0000
5033.5145	893.0000
5033.5428	928.0000
5033.5712	900.0000
5033.5996	811.0000
5033.6280	711.0000
5033.6563	740.0000
5033.6847	712.0000
5033.7132	729.0000
5033.7415	635.0000
5033.7699	630.0000
5033.7983	584.0000
5033.8266	567.0000
5033.8550	601.0000
5033.8834	560.0000
5033.9117	530.0000
5033.9401	513.0000
5033.9684	519.0000
5033.9968	560.0000
5034.0251	542.0000
5034.0535	578.0000
5034.0818	524.0000
5034.1102	528.0000
5034.1385	554.0000
5034.1669	647.0000
5034.1952	648.0000
5034.2236	765.0000
5034.2519	821.0000
5034.2803	813.0000
5034.3086	795.0000
5034.3370	829.0000
5034.3653	805.0000
5034.3936	838.0000
5034.4220	957.0000
5034.4503	998.0000
5034.4786	1094.0000
5034.5070	1307.0000
5034.5353	1500.0000
5034.5636	1591.0000
5034.5920	1702.0000
5034.6203	1647.0000
5034.6486	1588.0000
5034.6769	1489.0000
5034.7053	1350.0000
5034.7336	1204.0000
5034.7620	1038.0000
5034.7903	825.0000
5034.8186	728.0000
5034.8470	760.0000
5034.8753	783.0000
5034.9036	796.0000
5034.9319	893.0000
5034.9602	938.0000
5034.9885	1011.0000
5035.0168	1075.0000
5035.0452	1033.0000
5035.0735	894.0000
5035.1018	789.0000
5035.1301	787.0000
5035.1584	668.0000
5035.1867	658.0000
5035.2150	643.0000
5035.2433	735.0000
5035.2716	850.0000
5035.2999	875.0000
5035.3282	953.0000
5035.3565	1015.0000
5035.3848	974.0000
5035.4130	930.0000
5035.4413	868.0000
5035.4696	820.0000
5035.4979	782.0000
5035.5262	758.0000
5035.5545	824.0000
5035.5828	761.0000
5035.6111	778.0000
5035.6393	756.0000
5035.6676	691.0000
5035.6959	631.0000
5035.7242	586.0000
5035.7525	650.0000
5035.7807	532.0000
5035.8091	517.0000
5035.8374	485.0000
5035.8656	466.0000
5035.8939	410.0000
5035.9222	389.0000
5035.9505	421.0000
5035.9787	516.0000
5036.0070	466.0000
5036.0352	505.0000
5036.0635	453.0000
5036.0918	547.0000
5036.1200	608.0000
5036.1483	689.0000
5036.1765	755.0000
5036.2048	909.0000
5036.2331	1261.0000
5036.2613	1452.0000
5036.2896	1562.0000
5036.3178	1578.0000
5036.3461	1548.0000
5036.3743	1486.0000
5036.4026	1304.0000
5036.4308	1027.0000
5036.4591	925.0000
5036.4873	840.0000
5036.5155	865.0000
5036.5438	892.0000
5036.5720	955.0000
5036.6003	1096.0000
5036.6285	1199.0000
5036.6567	1352.0000
5036.6850	1629.0000
5036.7132	1706.0000
5036.7414	1881.0000
5036.7697	1877.0000
5036.7979	1754.0000
5036.8261	1477.0000
5036.8544	1182.0000
5036.8827	997.0000
5036.9109	852.0000
5036.9391	852.0000
5036.9673	825.0000
5036.9956	777.0000
5037.0238	784.0000
5037.0520	778.0000
5037.0802	914.0000
5037.1084	841.0000
5037.1366	824.0000
5037.1649	719.0000
5037.1931	631.0000
5037.2213	588.0000
5037.2495	583.0000
5037.2777	517.0000
5037.3059	636.0000
5037.3341	679.0000
5037.3623	674.0000
5037.3905	632.0000
5037.4187	706.0000
5037.4469	750.0000
5037.4751	768.0000
5037.5033	930.0000
5037.5315	960.0000
5037.5597	1034.0000
5037.5879	1176.0000
5037.6161	1314.0000
5037.6443	1447.0000
5037.6725	1471.0000
5037.7006	1473.0000
5037.7288	1349.0000
5037.7570	1112.0000
5037.7852	901.0000
5037.8134	766.0000
5037.8416	730.0000
5037.8697	667.0000
5037.8980	562.0000
5037.9262	570.0000
5037.9544	563.0000
5037.9826	524.0000
5038.0107	510.0000
5038.0389	449.0000
5038.0671	453.0000
5038.0952	505.0000
5038.1234	499.0000
5038.1516	488.0000
5038.1797	533.0000
5038.2079	535.0000
5038.2361	556.0000
5038.2642	599.0000
5038.2924	552.0000
5038.3206	595.0000
5038.3487	635.0000
5038.3769	603.0000
5038.4050	666.0000
5038.4332	719.0000
5038.4613	671.0000
5038.4895	654.0000
5038.5176	656.0000
5038.5458	666.0000
5038.5739	767.0000
5038.6021	766.0000
5038.6302	818.0000
5038.6584	858.0000
5038.6865	884.0000
5038.7147	1012.0000
5038.7428	1037.0000
5038.7709	1128.0000
5038.7991	1350.0000
5038.8272	1606.0000
5038.8554	1736.0000
5038.8835	1903.0000
5038.9116	1937.0000
5038.9398	1815.0000
5038.9680	1678.0000
5038.9961	1367.0000
5039.0242	1175.0000
5039.0524	1043.0000
5039.0805	929.0000
5039.1086	798.0000
5039.1367	704.0000
5039.1649	711.0000
5039.1930	696.0000
5039.2211	692.0000
5039.2492	623.0000
5039.2773	633.0000
5039.3055	757.0000
5039.3336	829.0000
5039.3617	914.0000
5039.3898	1123.0000
5039.4179	1267.0000
5039.4460	1503.0000
5039.4741	1604.0000
5039.5022	1559.0000
5039.5303	1512.0000
5039.5584	1334.0000
5039.5865	1126.0000
5039.6146	960.0000
5039.6427	829.0000
5039.6708	662.0000
5039.6989	590.0000
5039.7270	540.0000
5039.7551	466.0000
5039.7832	422.0000
5039.8113	443.0000
5039.8394	364.0000
5039.8675	255.0000
5039.8956	177.0000
5039.9237	147.0000
5039.9517	140.0000
5039.9798	182.0000
5040.0080	138.0000
5040.0361	125.0000
5040.0642	96.0000
5040.0922	96.0000
5040.1203	135.0000
5040.1484	192.0000
5040.1765	284.0000
5040.2046	363.0000
5040.2326	535.0000
5040.2607	705.0000
5040.2888	1007.0000
5040.3168	1335.0000
5040.3449	1637.0000
5040.3730	1791.0000
5040.4010	1968.0000
5040.4291	2120.0000
5040.4572	1945.0000
5040.4852	1733.0000
5040.5133	1485.0000
5040.5413	1133.0000
5040.5694	958.0000
5040.5975	829.0000
5040.6255	792.0000
5040.6536	689.0000
5040.6816	721.0000
5040.7097	965.0000
5040.7377	1036.0000
5040.7658	1192.0000
5040.7938	1486.0000
5040.8219	1696.0000
5040.8499	1892.0000
5040.8779	1910.0000
5040.9060	1828.0000
5040.9340	1666.0000
5040.9621	1508.0000
5040.9901	1289.0000
5041.0181	972.0000
5041.0462	784.0000
5041.0743	596.0000
5041.1023	489.0000
5041.1304	475.0000
5041.1584	470.0000
5041.1864	479.0000
5041.2145	482.0000
5041.2425	516.0000
5041.2705	494.0000
5041.2985	543.0000
5041.3265	450.0000
5041.3546	439.0000
5041.3826	426.0000
5041.4106	435.0000
5041.4386	372.0000
5041.4666	356.0000
5041.4947	515.0000
5041.5227	614.0000
5041.5507	721.0000
5041.5787	716.0000
5041.6067	715.0000
5041.6347	684.0000
5041.6627	686.0000
5041.6907	604.0000
5041.7187	577.0000
5041.7467	569.0000
5041.7747	595.0000
5041.8027	717.0000
5041.8307	716.0000
5041.8587	749.0000
5041.8867	846.0000
5041.9147	955.0000
5041.9427	1067.0000
5041.9707	1190.0000
5041.9987	1198.0000
5042.0267	1068.0000
5042.0547	966.0000
5042.0827	832.0000
5042.1108	609.0000
5042.1387	423.0000
5042.1667	404.0000
5042.1947	347.0000
5042.2227	390.0000
5042.2507	424.0000
5042.2786	550.0000
5042.3066	622.0000
5042.3346	875.0000
5042.3626	1090.0000
5042.3905	1343.0000
5042.4185	1593.0000
5042.4465	1772.0000
5042.4745	1708.0000
5042.5024	1600.0000
5042.5304	1396.0000
5042.5584	1093.0000
5042.5863	870.0000
5042.6143	742.0000
5042.6422	712.0000
5042.6702	731.0000
5042.6982	742.0000
5042.7261	765.0000
5042.7541	836.0000
5042.7820	906.0000
5042.8100	878.0000
5042.8379	894.0000
5042.8659	918.0000
5042.8938	896.0000
5042.9218	842.0000
5042.9497	879.0000
5042.9777	897.0000
5043.0056	1017.0000
5043.0336	1232.0000
5043.0615	1373.0000
5043.0895	1420.0000
5043.1174	1496.0000
5043.1453	1672.0000
5043.1734	1758.0000
5043.2013	1677.0000
5043.2292	1697.0000
5043.2572	1607.0000
5043.2851	1430.0000
5043.3130	1169.0000
5043.3410	999.0000
5043.3689	874.0000
5043.3968	750.0000
5043.4247	659.0000
5043.4527	579.0000
5043.4806	616.0000
5043.5085	537.0000
5043.5364	481.0000
5043.5644	520.0000
5043.5923	585.0000
5043.6202	586.0000
5043.6481	696.0000
5043.6760	777.0000
5043.7039	846.0000
5043.7318	891.0000
5043.7598	1011.0000
5043.7877	1087.0000
5043.8156	1071.0000
5043.8435	1018.0000
5043.8714	1109.0000
5043.8993	1215.0000
5043.9272	1370.0000
5043.9551	1479.0000
5043.9830	1465.0000
5044.0109	1459.0000
5044.0388	1322.0000
5044.0667	1150.0000
5044.0946	912.0000
5044.1225	686.0000
5044.1504	569.0000
5044.1782	518.0000
5044.2061	498.0000
5044.2341	407.0000
5044.2620	369.0000
5044.2899	354.0000
5044.3178	425.0000
5044.3457	438.0000
5044.3735	393.0000
5044.4014	406.0000
5044.4293	507.0000
5044.4572	625.0000
5044.4851	726.0000
5044.5129	836.0000
5044.5408	1039.0000
5044.5687	1143.0000
5044.5965	1239.0000
5044.6244	1343.0000
5044.6523	1443.0000
5044.6802	1522.0000
5044.7080	1589.0000
5044.7359	1615.0000
5044.7637	1688.0000
5044.7916	1534.0000
5044.8195	1408.0000
5044.8473	1271.0000
5044.8752	1176.0000
5044.9030	1109.0000
5044.9309	1150.0000
5044.9588	1269.0000
5044.9866	1331.0000
5045.0145	1370.0000
5045.0423	1391.0000
5045.0702	1338.0000
5045.0980	1226.0000
5045.1259	1109.0000
5045.1537	1049.0000
5045.1815	1112.0000
5045.2094	1082.0000
5045.2372	1065.0000
5045.2651	1209.0000
5045.2930	1262.0000
5045.3208	1283.0000
5045.3487	1157.0000
5045.3765	1016.0000
5045.4043	1004.0000
5045.4322	786.0000
5045.4600	640.0000
5045.4878	603.0000
5045.5157	602.0000
5045.5435	516.0000
5045.5713	480.0000
5045.5991	481.0000
5045.6270	543.0000
5045.6548	535.0000
5045.6826	536.0000
5045.7104	528.0000
5045.7383	525.0000
5045.7661	599.0000
5045.7939	675.0000
5045.8217	693.0000
5045.8495	810.0000
5045.8773	880.0000
5045.9051	867.0000
5045.9329	827.0000
5045.9607	837.0000
5045.9886	857.0000
5046.0164	973.0000
5046.0442	1024.0000
5046.0720	1226.0000
5046.0998	1434.0000
5046.1276	1575.0000
5046.1554	1759.0000
5046.1832	1914.0000
5046.2110	1898.0000
5046.2388	1741.0000
5046.2665	1532.0000
5046.2943	1315.0000
5046.3222	1197.0000
5046.3500	1007.0000
5046.3778	846.0000
5046.4056	766.0000
5046.4334	688.0000
5046.4612	656.0000
5046.4889	621.0000
5046.5167	672.0000
5046.5445	816.0000
5046.5723	954.0000
5046.6001	1097.0000
5046.6278	1237.0000
5046.6556	1254.0000
5046.6834	1366.0000
5046.7112	1425.0000
5046.7389	1388.0000
5046.7667	1450.0000
5046.7945	1511.0000
5046.8222	1478.0000
5046.8500	1505.0000
5046.8778	1600.0000
5046.9055	1532.0000
5046.9333	1536.0000
5046.9611	1415.0000
5046.9888	1415.0000
5047.0166	1413.0000
5047.0443	1254.0000
5047.0721	1163.0000
5047.0998	1058.0000
5047.1276	924.0000
5047.1553	900.0000
5047.1831	804.0000
5047.2108	731.0000
5047.2386	762.0000
5047.2663	756.0000
5047.2941	753.0000
5047.3218	832.0000
5047.3496	922.0000
5047.3774	941.0000
5047.4052	965.0000
5047.4329	981.0000
5047.4606	1052.0000
5047.4884	1023.0000
5047.5161	1008.0000
5047.5438	1020.0000
5047.5716	1060.0000
5047.5993	1077.0000
5047.6270	1067.0000
5047.6548	1058.0000
5047.6825	1005.0000
5047.7102	947.0000
5047.7379	803.0000
5047.7657	781.0000
5047.7934	733.0000
5047.8211	778.0000
5047.8488	757.0000
5047.8765	868.0000
5047.9043	927.0000
5047.9320	1151.0000
5047.9597	1212.0000
5047.9874	1428.0000
5048.0151	1558.0000
5048.0428	1659.0000
5048.0705	1732.0000
5048.0982	1661.0000
5048.1259	1570.0000
5048.1536	1405.0000
5048.1814	1301.0000
5048.2091	1150.0000
5048.2368	1032.0000
5048.2645	1087.0000
5048.2922	1075.0000
5048.3199	1096.0000
5048.3475	1178.0000
5048.3752	1266.0000
5048.4029	1428.0000
5048.4307	1454.0000
5048.4584	1496.0000
5048.4861	1420.0000
5048.5138	1311.0000
5048.5415	1175.0000
5048.5692	955.0000
5048.5969	709.0000
5048.6245	604.0000
5048.6522	522.0000
5048.6799	443.0000
5048.7076	425.0000
5048.7353	481.0000
5048.7629	548.0000
5048.7906	579.0000
5048.8183	689.0000
5048.8460	768.0000
5048.8736	736.0000
5048.9013	816.0000
5048.9290	918.0000
5048.9566	1008.0000
5048.9843	1016.0000
5049.0120	1059.0000
5049.0396	1063.0000
5049.0673	1067.0000
5049.0949	1005.0000
5049.1226	997.0000
5049.1503	1072.0000
5049.1779	1141.0000
5049.2056	1240.0000
5049.2332	1365.0000
5049.2609	1495.0000
5049.2885	1607.0000
5049.3162	1590.0000
5049.3438	1653.0000
5049.3715	1548.0000
5049.3991	1399.0000
5049.4268	1294.0000
5049.4544	1213.0000
5049.4822	1090.0000
5049.5098	1064.0000
5049.5374	1071.0000
5049.5651	1030.0000
5049.5927	1040.0000
5049.6203	1081.0000
5049.6480	1005.0000
5049.6756	898.0000
5049.7033	809.0000
5049.7309	826.0000
5049.7585	804.0000
5049.7861	711.0000
5049.8138	712.0000
5049.8414	628.0000
5049.8690	570.0000
5049.8966	536.0000
5049.9243	488.0000
5049.9519	437.0000
5049.9795	483.0000
5050.0071	546.0000
5050.0347	610.0000
5050.0623	608.0000
5050.0900	622.0000
5050.1176	641.0000
5050.1452	594.0000
5050.1728	618.0000
5050.2004	664.0000
5050.2280	614.0000
5050.2556	614.0000
5050.2832	619.0000
5050.3108	610.0000
5050.3384	577.0000
5050.3660	569.0000
5050.3936	597.0000
5050.4212	603.0000
5050.4488	608.0000
5050.4764	579.0000
5050.5040	557.0000
5050.5317	568.0000
5050.5593	627.0000
5050.5869	622.0000
5050.6145	576.0000
5050.6421	537.0000
5050.6697	512.0000
5050.6972	505.0000
5050.7248	482.0000
5050.7524	490.0000
5050.7800	483.0000
5050.8076	442.0000
5050.8351	439.0000
5050.8627	418.0000
5050.8903	474.0000
5050.9179	446.0000
5050.9454	490.0000
5050.9730	532.0000
5051.0006	568.0000
5051.0282	663.0000
5051.0557	716.0000
5051.0833	719.0000
5051.1109	771.0000
5051.1384	781.0000
5051.1660	855.0000
5051.1935	852.0000
5051.2211	866.0000
5051.2487	909.0000
5051.2762	944.0000
5051.3038	1002.0000
5051.3313	970.0000
5051.3589	995.0000
5051.3864	986.0000
5051.4140	988.0000
5051.4415	1079.0000
5051.4691	1041.0000
5051.4966	916.0000
5051.5242	805.0000
5051.5517	759.0000
5051.5793	672.0000
5051.6069	604.0000
5051.6345	506.0000
5051.6620	460.0000
5051.6895	493.0000
5051.7171	465.0000
5051.7446	556.0000
5051.7721	563.0000
5051.7997	548.0000
5051.8272	479.0000
5051.8547	466.0000
5051.8823	501.0000
5051.9098	482.0000
5051.9373	463.0000
5051.9648	591.0000
5051.9924	629.0000
5052.0199	685.0000
5052.0474	745.0000
5052.0749	721.0000
5052.1024	595.0000
5052.1300	572.0000
5052.1575	564.0000
5052.1850	458.0000
5052.2125	439.0000
5052.2400	497.0000
5052.2675	529.0000
5052.2950	546.0000
5052.3225	566.0000
5052.3500	612.0000
5052.3776	641.0000
5052.4051	649.0000
5052.4326	695.0000
5052.4601	755.0000
5052.4876	753.0000
5052.5151	751.0000
5052.5426	787.0000
5052.5701	792.0000
5052.5976	812.0000
5052.6250	830.0000
5052.6526	835.0000
5052.6801	841.0000
5052.7076	845.0000
5052.7351	918.0000
5052.7626	933.0000
5052.7901	939.0000
5052.8176	962.0000
5052.8450	863.0000
5052.8725	844.0000
5052.9000	769.0000
5052.9275	801.0000
5052.9550	723.0000
5052.9824	706.0000
5053.0099	584.0000
5053.0374	479.0000
5053.0649	456.0000
5053.0923	434.0000
5053.1198	371.0000
5053.1473	368.0000
5053.1747	384.0000
5053.2022	380.0000
5053.2297	465.0000
5053.2571	555.0000
5053.2846	538.0000
5053.3121	548.0000
5053.3395	560.0000
5053.3670	590.0000
5053.3944	517.0000
5053.4219	592.0000
5053.4493	496.0000
5053.4768	433.0000
5053.5042	480.0000
5053.5317	531.0000
5053.5591	523.0000
5053.5866	553.0000
5053.6140	640.0000
5053.6415	775.0000
5053.6689	800.0000
5053.6965	851.0000
5053.7239	812.0000
5053.7514	801.0000
5053.7788	798.0000
5053.8062	766.0000
5053.8337	705.0000
5053.8611	653.0000
5053.8885	660.0000
5053.9160	623.0000
5053.9434	597.0000
5053.9708	592.0000
5053.9983	660.0000
5054.0257	693.0000
5054.0531	581.0000
5054.0805	558.0000
5054.1080	625.0000
5054.1354	624.0000
5054.1628	643.0000
5054.1902	684.0000
5054.2176	704.0000
5054.2450	743.0000
5054.2725	757.0000
5054.2999	729.0000
5054.3273	716.0000
5054.3547	660.0000
5054.3821	545.0000
5054.4095	522.0000
5054.4369	492.0000
5054.4643	358.0000
5054.4917	396.0000
5054.5191	484.0000
5054.5465	508.0000
5054.5739	486.0000
5054.6013	640.0000
5054.6287	655.0000
5054.6561	712.0000
5054.6835	644.0000
5054.7109	720.0000
5054.7383	781.0000
5054.7658	869.0000
5054.7932	833.0000
5054.8206	802.0000
5054.8480	790.0000
5054.8754	652.0000
5054.9027	589.0000
5054.9301	538.0000
5054.9575	494.0000
5054.9849	487.0000
5055.0123	474.0000
5055.0396	410.0000
5055.0670	357.0000
5055.0944	402.0000
5055.1218	364.0000
5055.1491	335.0000
5055.1765	298.0000
5055.2039	280.0000
5055.2313	260.0000
5055.2586	244.0000
5055.2860	269.0000
5055.3134	277.0000
5055.3407	236.0000
5055.3681	256.0000
5055.3954	225.0000
5055.4228	234.0000
5055.4502	256.0000
5055.4775	254.0000
5055.5049	270.0000
5055.5322	240.0000
5055.5596	305.0000
5055.5869	325.0000
5055.6143	326.0000
5055.6416	315.0000
5055.6690	303.0000
5055.6963	367.0000
5055.7237	382.0000
5055.7510	333.0000
5055.7784	353.0000
