R_Cam.16
5524.9945	438.0000
5525.0277	713.0000
5525.0608	784.0000
5525.0940	863.0000
5525.1271	913.0000
5525.1602	899.0000
5525.1934	1012.0000
5525.2265	1023.0000
5525.2596	964.0000
5525.2928	961.0000
5525.3260	1277.0000
5525.3591	1242.0000
5525.3922	1275.0000
5525.4254	1433.0000
5525.4585	1411.0000
5525.4916	1359.0000
5525.5247	1404.0000
5525.5578	1395.0000
5525.5909	1469.0000
5525.6241	1577.0000
5525.6572	1545.0000
5525.6903	1543.0000
5525.7234	1545.0000
5525.7565	1447.0000
5525.7896	1444.0000
5525.8227	1397.0000
5525.8558	1361.0000
5525.8889	1365.0000
5525.9220	1314.0000
5525.9551	1292.0000
5525.9882	1347.0000
5526.0213	1260.0000
5526.0544	1258.0000
5526.0875	1312.0000
5526.1206	1340.0000
5526.1537	1306.0000
5526.1868	1338.0000
5526.2199	1307.0000
5526.2530	1272.0000
5526.2861	1391.0000
5526.3192	1435.0000
5526.3522	1427.0000
5526.3854	1503.0000
5526.4185	1602.0000
5526.4516	1589.0000
5526.4847	1524.0000
5526.5177	1534.0000
5526.5508	1457.0000
5526.5839	1415.0000
5526.6170	1338.0000
5526.6500	1213.0000
5526.6831	1168.0000
5526.7162	1157.0000
5526.7493	1240.0000
5526.7823	1336.0000
5526.8154	1458.0000
5526.8484	1589.0000
5526.8815	1630.0000
5526.9146	1655.0000
5526.9476	1624.0000
5526.9807	1544.0000
5527.0137	1523.0000
5527.0468	1410.0000
5527.0799	1393.0000
5527.1129	1351.0000
5527.1460	1343.0000
5527.1790	1436.0000
5527.2121	1446.0000
5527.2451	1432.0000
5527.2782	1476.0000
5527.3112	1511.0000
5527.3442	1505.0000
5527.3773	1501.0000
5527.4103	1502.0000
5527.4435	1473.0000
5527.4765	1491.0000
5527.5095	1466.0000
5527.5426	1371.0000
5527.5756	1318.0000
5527.6086	1369.0000
5527.6417	1403.0000
5527.6747	1427.0000
5527.7077	1478.0000
5527.7408	1507.0000
5527.7738	1459.0000
5527.8068	1378.0000
5527.8398	1352.0000
5527.8729	1344.0000
5527.9059	1383.0000
5527.9389	1332.0000
5527.9719	1321.0000
5528.0049	1283.0000
5528.0379	1250.0000
5528.0710	1313.0000
5528.1040	1320.0000
5528.1370	1293.0000
5528.1700	1324.0000
5528.2030	1389.0000
5528.2360	1488.0000
5528.2690	1506.0000
5528.3020	1419.0000
5528.3350	1432.0000
5528.3680	1560.0000
5528.4010	1538.0000
5528.4340	1559.0000
5528.4670	1619.0000
5528.5001	1663.0000
5528.5331	1623.0000
5528.5661	1593.0000
5528.5991	1617.0000
5528.6321	1566.0000
5528.6651	1483.0000
5528.6981	1401.0000
5528.7310	1367.0000
5528.7640	1318.0000
5528.7970	1329.0000
5528.8300	1457.0000
5528.8630	1545.0000
5528.8960	1513.0000
5528.9289	1547.0000
5528.9619	1630.0000
5528.9949	1679.0000
5529.0279	1649.0000
5529.0608	1511.0000
5529.0938	1350.0000
5529.1268	1338.0000
5529.1597	1248.0000
5529.1927	1246.0000
5529.2257	1288.0000
5529.2586	1372.0000
5529.2916	1409.0000
5529.3246	1474.0000
5529.3575	1473.0000
5529.3905	1609.0000
5529.4234	1648.0000
5529.4564	1646.0000
5529.4893	1651.0000
5529.5223	1713.0000
5529.5554	1704.0000
5529.5883	1667.0000
5529.6213	1792.0000
5529.6542	1781.0000
5529.6871	1783.0000
5529.7201	1788.0000
5529.7530	1728.0000
5529.7860	1838.0000
5529.8189	1872.0000
5529.8519	1794.0000
5529.8848	1724.0000
5529.9177	1687.0000
5529.9507	1720.0000
5529.9836	1704.0000
5530.0165	1667.0000
5530.0495	1636.0000
5530.0824	1551.0000
5530.1153	1533.0000
5530.1483	1466.0000
5530.1812	1470.0000
5530.2141	1563.0000
5530.2470	1511.0000
5530.2799	1575.0000
5530.3129	1714.0000
5530.3458	1805.0000
5530.3787	1686.0000
5530.4116	1704.0000
5530.4445	1608.0000
5530.4774	1540.0000
5530.5104	1459.0000
5530.5433	1412.0000
5530.5762	1424.0000
5530.6092	1460.0000
5530.6421	1434.0000
5530.6750	1430.0000
5530.7079	1570.0000
5530.7408	1511.0000
5530.7737	1520.0000
5530.8066	1462.0000
5530.8395	1360.0000
5530.8724	1485.0000
5530.9053	1539.0000
5530.9382	1589.0000
5530.9711	1726.0000
5531.0040	1817.0000
5531.0369	1669.0000
5531.0698	1713.0000
5531.1026	1745.0000
5531.1355	1753.0000
5531.1684	1677.0000
5531.2013	1657.0000
5531.2342	1606.0000
5531.2671	1727.0000
5531.2999	1730.0000
5531.3328	1802.0000
5531.3657	1772.0000
5531.3986	1786.0000
5531.4314	1832.0000
5531.4643	1762.0000
5531.4972	1849.0000
5531.5301	1889.0000
5531.5629	1817.0000
5531.5958	1862.0000
5531.6287	1807.0000
5531.6616	1793.0000
5531.6945	1735.0000
5531.7273	1669.0000
5531.7602	1712.0000
5531.7931	1744.0000
5531.8259	1584.0000
5531.8588	1529.0000
5531.8916	1502.0000
5531.9245	1523.0000
5531.9573	1625.0000
5531.9902	1651.0000
5532.0230	1659.0000
5532.0559	1627.0000
5532.0887	1622.0000
5532.1216	1700.0000
5532.1544	1554.0000
5532.1873	1555.0000
5532.2201	1606.0000
5532.2529	1568.0000
5532.2858	1694.0000
5532.3186	1746.0000
5532.3514	1813.0000
5532.3843	1902.0000
5532.4171	2005.0000
5532.4499	1959.0000
5532.4828	2115.0000
5532.5156	2149.0000
5532.5484	2112.0000
5532.5813	2151.0000
5532.6141	2093.0000
5532.6469	2088.0000
5532.6797	2002.0000
5532.7126	1944.0000
5532.7455	1897.0000
5532.7783	1828.0000
5532.8111	1866.0000
5532.8439	1793.0000
5532.8767	1722.0000
5532.9095	1646.0000
5532.9423	1613.0000
5532.9752	1499.0000
5533.0080	1477.0000
5533.0408	1428.0000
5533.0736	1525.0000
5533.1064	1483.0000
5533.1392	1437.0000
5533.1720	1402.0000
5533.2048	1283.0000
5533.2376	1220.0000
5533.2704	1181.0000
5533.3032	1214.0000
5533.3360	1324.0000
5533.3688	1442.0000
5533.4015	1508.0000
5533.4343	1706.0000
5533.4671	1922.0000
5533.4999	2106.0000
5533.5327	2125.0000
5533.5655	2186.0000
5533.5983	2346.0000
5533.6310	2390.0000
5533.6638	2308.0000
5533.6966	2141.0000
5533.7294	2029.0000
5533.7623	1987.0000
5533.7950	1851.0000
5533.8278	1861.0000
5533.8606	1832.0000
5533.8934	1862.0000
5533.9261	1966.0000
5533.9589	2142.0000
5533.9917	2178.0000
5534.0244	2268.0000
5534.0572	2398.0000
5534.0899	2279.0000
5534.1227	2182.0000
5534.1555	2159.0000
5534.1882	2138.0000
5534.2210	1956.0000
5534.2537	1899.0000
5534.2865	1829.0000
5534.3192	1756.0000
5534.3520	1614.0000
5534.3847	1622.0000
5534.4175	1711.0000
5534.4502	1745.0000
5534.4830	1718.0000
5534.5157	1799.0000
5534.5485	1796.0000
5534.5812	1797.0000
5534.6140	1776.0000
5534.6467	1671.0000
5534.6794	1561.0000
5534.7122	1570.0000
5534.7449	1620.0000
5534.7776	1758.0000
5534.8105	1806.0000
5534.8432	1957.0000
5534.8759	2054.0000
5534.9087	2078.0000
5534.9414	2093.0000
5534.9741	2060.0000
5535.0068	2011.0000
5535.0396	1973.0000
5535.0723	1806.0000
5535.1050	1727.0000
5535.1377	1634.0000
5535.1704	1512.0000
5535.2031	1438.0000
5535.2359	1429.0000
5535.2686	1292.0000
5535.3013	1197.0000
5535.3340	1165.0000
5535.3667	1052.0000
5535.3994	1058.0000
5535.4321	1060.0000
5535.4648	1006.0000
5535.4975	1038.0000
5535.5302	1067.0000
5535.5629	1099.0000
5535.5956	989.0000
5535.6283	1044.0000
5535.6610	1131.0000
5535.6937	1232.0000
5535.7264	1440.0000
5535.7591	1537.0000
5535.7918	1764.0000
5535.8245	1787.0000
5535.8573	1843.0000
5535.8900	1906.0000
5535.9226	1940.0000
5535.9553	1905.0000
5535.9880	1836.0000
5536.0207	1787.0000
5536.0534	1781.0000
5536.0860	1897.0000
5536.1187	1957.0000
5536.1514	2016.0000
5536.1841	2134.0000
5536.2167	2285.0000
5536.2494	2400.0000
5536.2821	2556.0000
5536.3148	2636.0000
5536.3474	2618.0000
5536.3801	2545.0000
5536.4128	2434.0000
5536.4454	2344.0000
5536.4781	2063.0000
5536.5107	1924.0000
5536.5434	1769.0000
5536.5761	1728.0000
5536.6087	1763.0000
5536.6414	1810.0000
5536.6740	2059.0000
5536.7067	2330.0000
5536.7393	2396.0000
5536.7720	2539.0000
5536.8046	2747.0000
5536.8373	2772.0000
5536.8699	2763.0000
5536.9027	2786.0000
5536.9353	2664.0000
5536.9679	2481.0000
5537.0006	2367.0000
5537.0332	2261.0000
5537.0659	2144.0000
5537.0985	2197.0000
5537.1311	2253.0000
5537.1638	2126.0000
5537.1964	2168.0000
5537.2290	2042.0000
5537.2617	1973.0000
5537.2943	1858.0000
5537.3269	1780.0000
5537.3595	1763.0000
5537.3922	1679.0000
5537.4248	1633.0000
5537.4574	1647.0000
5537.4900	1686.0000
5537.5226	1698.0000
5537.5552	1776.0000
5537.5879	2005.0000
5537.6205	2139.0000
5537.6531	2369.0000
5537.6857	2417.0000
5537.7183	2551.0000
5537.7509	2670.0000
5537.7835	2532.0000
5537.8161	2421.0000
5537.8487	2397.0000
5537.8813	2338.0000
5537.9139	2372.0000
5537.9465	2284.0000
5537.9792	2318.0000
5538.0118	2304.0000
5538.0444	2424.0000
5538.0770	2343.0000
5538.1096	2552.0000
5538.1422	2622.0000
5538.1748	2783.0000
5538.2074	2873.0000
5538.2400	2951.0000
5538.2726	3044.0000
5538.3051	3063.0000
5538.3377	3077.0000
5538.3703	3137.0000
5538.4029	3143.0000
5538.4355	2983.0000
5538.4680	2810.0000
5538.5006	2692.0000
5538.5332	2516.0000
5538.5658	2340.0000
5538.5983	2216.0000
5538.6309	2037.0000
5538.6635	1907.0000
5538.6960	1640.0000
5538.7286	1571.0000
5538.7612	1440.0000
5538.7937	1348.0000
5538.8263	1316.0000
5538.8589	1257.0000
5538.8914	1212.0000
5538.9240	1208.0000
5538.9565	1191.0000
5538.9891	1241.0000
5539.0218	1262.0000
5539.0543	1397.0000
5539.0869	1464.0000
5539.1194	1389.0000
5539.1520	1459.0000
5539.1845	1425.0000
5539.2170	1342.0000
5539.2496	1403.0000
5539.2821	1289.0000
5539.3147	1237.0000
5539.3472	1266.0000
5539.3798	1210.0000
5539.4123	1184.0000
5539.4448	1193.0000
5539.4774	1195.0000
5539.5099	1131.0000
5539.5424	1235.0000
5539.5750	1308.0000
5539.6075	1299.0000
5539.6400	1282.0000
5539.6725	1342.0000
5539.7051	1375.0000
5539.7376	1442.0000
5539.7701	1495.0000
5539.8026	1598.0000
5539.8352	1479.0000
5539.8677	1546.0000
5539.9002	1613.0000
5539.9327	1624.0000
5539.9652	1576.0000
5539.9977	1531.0000
5540.0302	1538.0000
5540.0629	1474.0000
5540.0954	1602.0000
5540.1279	1611.0000
5540.1604	1577.0000
5540.1929	1551.0000
5540.2254	1516.0000
5540.2579	1518.0000
5540.2904	1540.0000
5540.3229	1520.0000
5540.3554	1458.0000
5540.3879	1512.0000
5540.4204	1467.0000
5540.4529	1520.0000
5540.4854	1603.0000
5540.5179	1637.0000
5540.5503	1670.0000
5540.5828	1685.0000
5540.6153	1687.0000
5540.6478	1847.0000
5540.6803	1906.0000
5540.7128	1859.0000
5540.7452	1890.0000
5540.7777	1862.0000
5540.8102	1792.0000
5540.8427	1753.0000
5540.8752	1800.0000
5540.9076	1728.0000
5540.9401	1675.0000
5540.9726	1749.0000
5541.0050	1829.0000
5541.0375	1883.0000
5541.0700	1967.0000
5541.1024	2008.0000
5541.1350	2065.0000
5541.1675	2255.0000
5541.1999	2211.0000
5541.2324	2199.0000
5541.2649	2308.0000
5541.2973	2178.0000
5541.3298	2151.0000
5541.3622	2078.0000
5541.3947	1988.0000
5541.4271	2042.0000
5541.4596	2126.0000
5541.4920	2140.0000
5541.5245	2065.0000
5541.5569	2091.0000
5541.5894	2062.0000
5541.6218	2120.0000
5541.6543	1948.0000
5541.6867	2021.0000
5541.7191	1938.0000
5541.7516	1747.0000
5541.7840	1611.0000
5541.8164	1747.0000
5541.8489	1722.0000
5541.8813	1664.0000
5541.9137	1651.0000
5541.9462	1674.0000
5541.9786	1701.0000
5542.0110	1796.0000
5542.0435	1936.0000
5542.0759	1975.0000
5542.1083	2107.0000
5542.1407	2269.0000
5542.1732	2390.0000
5542.2057	2478.0000
5542.2381	2457.0000
5542.2705	2496.0000
5542.3029	2481.0000
5542.3353	2433.0000
5542.3677	2358.0000
5542.4001	2402.0000
5542.4326	2332.0000
5542.4650	2330.0000
5542.4974	2328.0000
5542.5298	2445.0000
5542.5622	2520.0000
5542.5946	2539.0000
5542.6270	2462.0000
5542.6594	2390.0000
5542.6918	2348.0000
5542.7242	2269.0000
5542.7566	2208.0000
5542.7890	2292.0000
5542.8214	2411.0000
5542.8537	2397.0000
5542.8861	2503.0000
5542.9185	2646.0000
5542.9509	2659.0000
5542.9833	2540.0000
5543.0157	2631.0000
5543.0481	2620.0000
5543.0804	2467.0000
5543.1128	2290.0000
5543.1452	2199.0000
5543.1776	2056.0000
5543.2100	2036.0000
5543.2424	2081.0000
5543.2748	2129.0000
5543.3072	2166.0000
5543.3395	2250.0000
5543.3719	2199.0000
5543.4043	2233.0000
5543.4366	2235.0000
5543.4690	2195.0000
5543.5014	2182.0000
5543.5337	2307.0000
5543.5661	2314.0000
5543.5985	2351.0000
5543.6308	2366.0000
5543.6632	2370.0000
5543.6955	2424.0000
5543.7279	2426.0000
5543.7602	2543.0000
5543.7926	2573.0000
5543.8249	2872.0000
5543.8573	2918.0000
5543.8896	2996.0000
5543.9220	2927.0000
5543.9543	2697.0000
5543.9867	2489.0000
5544.0190	2327.0000
5544.0513	2209.0000
5544.0837	2170.0000
5544.1160	2296.0000
5544.1483	2416.0000
5544.1807	2473.0000
5544.2130	2605.0000
5544.2453	2684.0000
5544.2778	2641.0000
5544.3101	2612.0000
5544.3424	2673.0000
5544.3748	2664.0000
5544.4071	2599.0000
5544.4394	2622.0000
5544.4717	2725.0000
5544.5040	2708.0000
5544.5364	2620.0000
5544.5687	2568.0000
5544.6010	2541.0000
5544.6333	2492.0000
5544.6656	2420.0000
5544.6979	2418.0000
5544.7302	2499.0000
5544.7626	2359.0000
5544.7949	2340.0000
5544.8272	2290.0000
5544.8595	2240.0000
5544.8918	2246.0000
5544.9241	2179.0000
5544.9564	2166.0000
5544.9887	2176.0000
5545.0210	2068.0000
5545.0533	2086.0000
5545.0856	2037.0000
5545.1179	2029.0000
5545.1502	2022.0000
5545.1824	1941.0000
5545.2147	2002.0000
5545.2470	2037.0000
5545.2793	2049.0000
5545.3116	2032.0000
5545.3440	2060.0000
5545.3763	2089.0000
5545.4085	2108.0000
5545.4408	2014.0000
5545.4731	1997.0000
5545.5054	2037.0000
5545.5377	1985.0000
5545.5699	1934.0000
5545.6022	1966.0000
5545.6345	2032.0000
5545.6668	2064.0000
5545.6990	2088.0000
5545.7313	2130.0000
5545.7636	2185.0000
5545.7958	2207.0000
5545.8281	2138.0000
5545.8603	2126.0000
5545.8926	2149.0000
5545.9249	2182.0000
5545.9571	2097.0000
5545.9894	2053.0000
5546.0216	2099.0000
5546.0539	2082.0000
5546.0861	1998.0000
5546.1184	2007.0000
5546.1506	2057.0000
5546.1829	2024.0000
5546.2151	2027.0000
5546.2474	1893.0000
5546.2796	1791.0000
5546.3119	1785.0000
5546.3441	1774.0000
5546.3764	1764.0000
5546.4087	1757.0000
5546.4409	1825.0000
5546.4732	1808.0000
5546.5054	1881.0000
5546.5376	1966.0000
5546.5699	1969.0000
5546.6021	2033.0000
5546.6343	2021.0000
5546.6665	1962.0000
5546.6988	1941.0000
5546.7310	1879.0000
5546.7632	1859.0000
5546.7954	1905.0000
5546.8277	1917.0000
5546.8599	2053.0000
5546.8921	2066.0000
5546.9243	2122.0000
5546.9565	2291.0000
5546.9887	2356.0000
5547.0210	2395.0000
5547.0532	2372.0000
5547.0854	2229.0000
5547.1176	2128.0000
5547.1498	2105.0000
5547.1820	2090.0000
5547.2142	2126.0000
5547.2464	2094.0000
5547.2786	2171.0000
5547.3108	2180.0000
5547.3430	2236.0000
5547.3752	2286.0000
5547.4074	2432.0000
5547.4397	2382.0000
5547.4719	2350.0000
5547.5041	2355.0000
5547.5363	2293.0000
5547.5684	2267.0000
5547.6006	2337.0000
5547.6328	2353.0000
5547.6650	2185.0000
5547.6972	2122.0000
5547.7294	2130.0000
5547.7615	2192.0000
5547.7937	2224.0000
5547.8259	2205.0000
5547.8581	2133.0000
5547.8902	2094.0000
5547.9224	2076.0000
5547.9546	2049.0000
5547.9868	2083.0000
5548.0189	2100.0000
5548.0511	2192.0000
5548.0833	2209.0000
5548.1154	2282.0000
5548.1476	2274.0000
5548.1798	2211.0000
5548.2119	2223.0000
5548.2441	2120.0000
5548.2762	2071.0000
5548.3084	2063.0000
5548.3405	2089.0000
5548.3727	1982.0000
5548.4049	1993.0000
5548.4370	1997.0000
5548.4692	2002.0000
5548.5014	1998.0000
5548.5335	2066.0000
5548.5657	1982.0000
5548.5978	2064.0000
5548.6300	1932.0000
5548.6621	1969.0000
5548.6943	1969.0000
5548.7264	2076.0000
5548.7585	2176.0000
5548.7907	2162.0000
5548.8228	2170.0000
5548.8549	2122.0000
5548.8871	2165.0000
5548.9192	2170.0000
5548.9513	2146.0000
5548.9835	2158.0000
5549.0156	2244.0000
5549.0477	2325.0000
5549.0798	2338.0000
5549.1119	2288.0000
5549.1441	2237.0000
5549.1762	2148.0000
5549.2083	2205.0000
5549.2404	2272.0000
5549.2725	2337.0000
5549.3046	2505.0000
5549.3368	2496.0000
5549.3689	2508.0000
5549.4010	2479.0000
5549.4331	2424.0000
5549.4652	2320.0000
5549.4973	2256.0000
5549.5294	2258.0000
5549.5616	2220.0000
5549.5937	2194.0000
5549.6258	2151.0000
5549.6579	2183.0000
5549.6900	2250.0000
5549.7221	2362.0000
5549.7542	2403.0000
5549.7863	2485.0000
5549.8184	2548.0000
5549.8505	2533.0000
5549.8825	2445.0000
5549.9146	2420.0000
5549.9467	2206.0000
5549.9788	2094.0000
5550.0109	2049.0000
5550.0430	2034.0000
5550.0750	1985.0000
5550.1071	2025.0000
5550.1392	2079.0000
5550.1713	2056.0000
5550.2034	2051.0000
5550.2354	2009.0000
5550.2675	1969.0000
5550.2996	1968.0000
5550.3316	1925.0000
5550.3637	1933.0000
5550.3958	1982.0000
5550.4278	2005.0000
5550.4599	2085.0000
5550.4920	2203.0000
5550.5240	2230.0000
5550.5561	2318.0000
5550.5882	2202.0000
5550.6203	2294.0000
5550.6523	2352.0000
5550.6844	2442.0000
5550.7165	2436.0000
5550.7485	2452.0000
5550.7806	2586.0000
5550.8126	2496.0000
5550.8446	2392.0000
5550.8767	2249.0000
5550.9087	2187.0000
5550.9408	2092.0000
5550.9728	2077.0000
5551.0049	2097.0000
5551.0369	2140.0000
5551.0689	2152.0000
5551.1010	2238.0000
5551.1330	2244.0000
5551.1650	2193.0000
5551.1971	2208.0000
5551.2291	2219.0000
5551.2611	2166.0000
5551.2932	2177.0000
5551.3252	2197.0000
5551.3572	2295.0000
5551.3892	2323.0000
5551.4212	2323.0000
5551.4533	2481.0000
5551.4853	2404.0000
5551.5173	2239.0000
5551.5493	2128.0000
5551.5813	2093.0000
5551.6133	1872.0000
5551.6455	1602.0000
5551.6775	1520.0000
5551.7095	1391.0000
5551.7415	1276.0000
5551.7735	1306.0000
5551.8055	1265.0000
5551.8375	1192.0000
5551.8695	1223.0000
5551.9015	1236.0000
5551.9335	1214.0000
5551.9655	1263.0000
5551.9975	1294.0000
5552.0295	1283.0000
5552.0615	1237.0000
5552.0935	1249.0000
5552.1255	1386.0000
5552.1574	1400.0000
5552.1894	1354.0000
5552.2214	1311.0000
5552.2534	1413.0000
5552.2854	1499.0000
5552.3174	1514.0000
5552.3494	1403.0000
5552.3813	1452.0000
5552.4133	1579.0000
5552.4453	1559.0000
5552.4773	1564.0000
5552.5092	1435.0000
5552.5412	1528.0000
5552.5732	1610.0000
5552.6052	1587.0000
5552.6371	1690.0000
5552.6691	1643.0000
5552.7012	1624.0000
5552.7331	1717.0000
5552.7651	1749.0000
5552.7970	1654.0000
5552.8290	1560.0000
5552.8610	1531.0000
5552.8929	1649.0000
5552.9249	1643.0000
5552.9568	1528.0000
5552.9888	1490.0000
5553.0207	1413.0000
5553.0527	1308.0000
5553.0846	1138.0000
5553.1166	1133.0000
5553.1485	1132.0000
5553.1805	1117.0000
5553.2124	1128.0000
5553.2444	1199.0000
5553.2763	1174.0000
5553.3082	1154.0000
5553.3402	1130.0000
5553.3721	1195.0000
5553.4040	1196.0000
5553.4360	1197.0000
5553.4679	1254.0000
5553.4998	1192.0000
5553.5318	1246.0000
5553.5637	1205.0000
5553.5956	1251.0000
5553.6275	1264.0000
5553.6595	1267.0000
5553.6914	1343.0000
5553.7233	1285.0000
5553.7553	1322.0000
5553.7872	1333.0000
5553.8192	1392.0000
5553.8511	1411.0000
5553.8830	1446.0000
5553.9149	1439.0000
5553.9468	1489.0000
5553.9787	1539.0000
5554.0106	1484.0000
5554.0425	1523.0000
5554.0744	1551.0000
5554.1064	1535.0000
5554.1383	1516.0000
5554.1702	1556.0000
5554.2021	1591.0000
5554.2340	1549.0000
5554.2659	1479.0000
5554.2977	1471.0000
5554.3296	1441.0000
5554.3615	1386.0000
5554.3934	1372.0000
5554.4253	1414.0000
5554.4572	1408.0000
5554.4891	1353.0000
5554.5210	1357.0000
5554.5529	1407.0000
5554.5847	1365.0000
5554.6166	1356.0000
5554.6485	1427.0000
5554.6804	1395.0000
5554.7123	1320.0000
5554.7441	1415.0000
5554.7760	1429.0000
5554.8080	1380.0000
5554.8399	1388.0000
5554.8717	1317.0000
5554.9036	1356.0000
5554.9355	1418.0000
5554.9673	1457.0000
5554.9992	1489.0000
5555.0311	1505.0000
5555.0629	1495.0000
5555.0948	1484.0000
5555.1266	1502.0000
5555.1585	1569.0000
5555.1904	1529.0000
5555.2222	1476.0000
5555.2541	1511.0000
5555.2859	1497.0000
5555.3178	1405.0000
5555.3496	1368.0000
5555.3815	1449.0000
5555.4133	1431.0000
5555.4452	1464.0000
5555.4770	1504.0000
5555.5088	1568.0000
5555.5407	1494.0000
5555.5725	1480.0000
5555.6044	1544.0000
5555.6362	1481.0000
5555.6680	1468.0000
5555.6999	1483.0000
5555.7317	1548.0000
5555.7635	1569.0000
5555.7954	1626.0000
5555.8272	1581.0000
5555.8591	1499.0000
5555.8909	1465.0000
5555.9228	1521.0000
5555.9546	1441.0000
5555.9864	1413.0000
5556.0182	1373.0000
5556.0501	1360.0000
5556.0819	1400.0000
5556.1137	1338.0000
5556.1455	1390.0000
5556.1773	1321.0000
5556.2091	1339.0000
5556.2409	1309.0000
5556.2727	1286.0000
5556.3046	1236.0000
5556.3364	1233.0000
5556.3682	1196.0000
5556.4000	1159.0000
5556.4318	1146.0000
5556.4636	1101.0000
5556.4954	1048.0000
5556.5272	1129.0000
5556.5590	1180.0000
5556.5908	1218.0000
5556.6226	1284.0000
5556.6543	1269.0000
5556.6861	1248.0000
5556.7179	1300.0000
5556.7497	1324.0000
5556.7815	1377.0000
5556.8133	1375.0000
5556.8451	1386.0000
5556.8769	1403.0000
5556.9087	1433.0000
5556.9405	1445.0000
5556.9723	1337.0000
5557.0041	1345.0000
5557.0358	1349.0000
5557.0676	1380.0000
5557.0994	1405.0000
5557.1312	1393.0000
5557.1629	1391.0000
5557.1947	1481.0000
5557.2265	1385.0000
5557.2582	1293.0000
5557.2900	1289.0000
5557.3218	1333.0000
5557.3535	1333.0000
5557.3853	1282.0000
5557.4170	1252.0000
5557.4488	1269.0000
5557.4805	1310.0000
5557.5123	1350.0000
5557.5441	1442.0000
5557.5758	1366.0000
5557.6076	1409.0000
5557.6393	1469.0000
5557.6711	1449.0000
5557.7028	1471.0000
5557.7345	1494.0000
5557.7663	1476.0000
5557.7980	1421.0000
5557.8298	1402.0000
5557.8615	1428.0000
5557.8932	1491.0000
5557.9250	1461.0000
5557.9568	1464.0000
5557.9886	1433.0000
5558.0203	1423.0000
5558.0520	1490.0000
5558.0837	1441.0000
5558.1155	1410.0000
5558.1472	1376.0000
5558.1789	1411.0000
5558.2106	1484.0000
5558.2424	1501.0000
5558.2741	1526.0000
5558.3058	1539.0000
5558.3375	1519.0000
5558.3692	1557.0000
5558.4010	1499.0000
5558.4327	1413.0000
5558.4644	1381.0000
5558.4961	1497.0000
5558.5278	1557.0000
5558.5595	1549.0000
5558.5912	1570.0000
5558.6229	1463.0000
5558.6546	1462.0000
5558.6863	1488.0000
5558.7180	1506.0000
5558.7497	1490.0000
5558.7814	1475.0000
5558.8131	1417.0000
5558.8448	1439.0000
5558.8765	1486.0000
5558.9082	1494.0000
5558.9399	1412.0000
5558.9716	1425.0000
5559.0033	1516.0000
5559.0351	1469.0000
5559.0667	1472.0000
5559.0984	1521.0000
5559.1301	1520.0000
5559.1618	1553.0000
5559.1935	1461.0000
5559.2252	1498.0000
5559.2568	1498.0000
5559.2885	1532.0000
5559.3202	1503.0000
5559.3519	1492.0000
5559.3835	1473.0000
5559.4152	1446.0000
5559.4469	1507.0000
5559.4785	1558.0000
5559.5102	1529.0000
5559.5419	1656.0000
5559.5735	1671.0000
5559.6052	1748.0000
5559.6369	1722.0000
5559.6685	1658.0000
5559.7002	1581.0000
5559.7318	1640.0000
5559.7635	1607.0000
5559.7951	1567.0000
5559.8268	1556.0000
5559.8584	1591.0000
5559.8901	1641.0000
5559.9217	1711.0000
5559.9534	1682.0000
5559.9850	1674.0000
5560.0167	1611.0000
5560.0483	1578.0000
5560.0800	1574.0000
5560.1117	1535.0000
5560.1433	1546.0000
5560.1750	1644.0000
5560.2066	1695.0000
5560.2382	1582.0000
5560.2699	1520.0000
5560.3015	1491.0000
5560.3331	1535.0000
5560.3648	1495.0000
5560.3964	1549.0000
5560.4280	1478.0000
5560.4596	1451.0000
5560.4913	1395.0000
5560.5229	1417.0000
5560.5545	1462.0000
5560.5861	1413.0000
5560.6177	1423.0000
5560.6493	1421.0000
5560.6810	1490.0000
5560.7126	1525.0000
5560.7442	1461.0000
5560.7758	1435.0000
5560.8074	1381.0000
5560.8390	1435.0000
5560.8706	1441.0000
5560.9022	1484.0000
5560.9338	1493.0000
5560.9654	1401.0000
5560.9970	1395.0000
5561.0286	1561.0000
5561.0602	1507.0000
5561.0918	1515.0000
5561.1235	1524.0000
5561.1551	1470.0000
5561.1867	1377.0000
5561.2183	1361.0000
5561.2499	1386.0000
5561.2815	1435.0000
5561.3130	1431.0000
5561.3446	1474.0000
5561.3762	1589.0000
5561.4078	1637.0000
5561.4394	1692.0000
5561.4710	1737.0000
5561.5025	1711.0000
5561.5341	1708.0000
5561.5657	1619.0000
5561.5973	1527.0000
5561.6288	1507.0000
5561.6604	1554.0000
5561.6920	1599.0000
5561.7235	1563.0000
5561.7551	1629.0000
5561.7867	1721.0000
5561.8182	1790.0000
5561.8498	1800.0000
5561.8813	1777.0000
5561.9129	1831.0000
5561.9445	1686.0000
5561.9760	1595.0000
5562.0076	1614.0000
5562.0391	1592.0000
5562.0707	1537.0000
5562.1022	1632.0000
5562.1338	1573.0000
5562.1654	1505.0000
5562.1970	1506.0000
5562.2285	1560.0000
5562.2601	1608.0000
5562.2916	1626.0000
5562.3232	1535.0000
5562.3547	1607.0000
5562.3862	1620.0000
5562.4178	1500.0000
5562.4493	1604.0000
5562.4808	1668.0000
5562.5124	1618.0000
5562.5439	1696.0000
5562.5754	1646.0000
5562.6070	1683.0000
5562.6385	1660.0000
5562.6700	1642.0000
5562.7015	1495.0000
5562.7331	1458.0000
5562.7646	1509.0000
5562.7961	1471.0000
5562.8276	1546.0000
5562.8591	1581.0000
5562.8906	1675.0000
5562.9222	1724.0000
5562.9537	1629.0000
5562.9852	1716.0000
5563.0167	1742.0000
5563.0482	1708.0000
5563.0797	1662.0000
5563.1112	1592.0000
5563.1427	1527.0000
5563.1742	1524.0000
5563.2057	1609.0000
5563.2373	1596.0000
5563.2688	1619.0000
5563.3003	1647.0000
5563.3318	1691.0000
5563.3633	1729.0000
5563.3948	1669.0000
5563.4263	1731.0000
5563.4578	1804.0000
5563.4893	1716.0000
5563.5208	1655.0000
5563.5523	1631.0000
5563.5837	1629.0000
5563.6152	1622.0000
5563.6467	1543.0000
5563.6782	1557.0000
5563.7097	1611.0000
5563.7411	1666.0000
5563.7726	1690.0000
5563.8041	1683.0000
5563.8356	1633.0000
5563.8670	1723.0000
5563.8985	1783.0000
5563.9300	1727.0000
5563.9614	1785.0000
5563.9929	1709.0000
5564.0244	1688.0000
5564.0558	1694.0000
5564.0873	1670.0000
5564.1188	1574.0000
5564.1502	1589.0000
5564.1817	1638.0000
5564.2131	1603.0000
5564.2446	1574.0000
5564.2761	1630.0000
5564.3076	1652.0000
5564.3390	1747.0000
5564.3705	1850.0000
5564.4019	1916.0000
5564.4334	1985.0000
5564.4648	2027.0000
5564.4963	2034.0000
5564.5277	2008.0000
5564.5592	1824.0000
5564.5906	1779.0000
5564.6220	1654.0000
5564.6535	1558.0000
5564.6849	1507.0000
5564.7163	1618.0000
5564.7478	1618.0000
5564.7792	1633.0000
5564.8106	1827.0000
5564.8421	1993.0000
5564.8735	2050.0000
5564.9049	2087.0000
5564.9363	2132.0000
5564.9678	2119.0000
5564.9992	2096.0000
5565.0306	1969.0000
5565.0620	1820.0000
5565.0934	1757.0000
5565.1249	1671.0000
5565.1563	1667.0000
5565.1877	1680.0000
5565.2191	1701.0000
5565.2505	1717.0000
5565.2819	1640.0000
5565.3133	1692.0000
5565.3448	1764.0000
5565.3762	1802.0000
5565.4076	1848.0000
5565.4390	1789.0000
5565.4704	1808.0000
5565.5018	1674.0000
5565.5332	1671.0000
5565.5646	1662.0000
5565.5960	1649.0000
5565.6274	1685.0000
5565.6588	1668.0000
5565.6902	1744.0000
5565.7216	1812.0000
5565.7530	1942.0000
5565.7844	1992.0000
5565.8157	1915.0000
5565.8471	1931.0000
5565.8785	1885.0000
5565.9099	1833.0000
5565.9413	1778.0000
5565.9727	1693.0000
5566.0040	1676.0000
5566.0354	1676.0000
5566.0668	1648.0000
5566.0981	1693.0000
5566.1295	1765.0000
5566.1609	1851.0000
5566.1923	1877.0000
5566.2236	1908.0000
5566.2550	1950.0000
5566.2864	2018.0000
5566.3177	2066.0000
5566.3491	2112.0000
5566.3805	2074.0000
5566.4119	2019.0000
5566.4432	1940.0000
5566.4746	1838.0000
5566.5060	1735.0000
5566.5373	1683.0000
5566.5687	1553.0000
5566.6000	1641.0000
5566.6314	1716.0000
5566.6627	1772.0000
5566.6940	1858.0000
5566.7254	1916.0000
5566.7567	2047.0000
5566.7881	2059.0000
5566.8194	2025.0000
5566.8508	1975.0000
5566.8821	1882.0000
5566.9134	1748.0000
5566.9448	1786.0000
5566.9761	1760.0000
5567.0074	1590.0000
5567.0388	1553.0000
5567.0701	1564.0000
5567.1014	1631.0000
5567.1327	1573.0000
5567.1641	1610.0000
5567.1954	1756.0000
5567.2267	1753.0000
5567.2580	1744.0000
5567.2893	1742.0000
5567.3207	1773.0000
5567.3520	1783.0000
5567.3833	1823.0000
5567.4146	1803.0000
5567.4460	1693.0000
5567.4773	1635.0000
5567.5086	1655.0000
5567.5399	1655.0000
5567.5712	1621.0000
5567.6025	1575.0000
5567.6338	1583.0000
5567.6651	1626.0000
5567.6964	1592.0000
5567.7277	1534.0000
5567.7590	1641.0000
5567.7903	1650.0000
5567.8216	1607.0000
5567.8529	1698.0000
5567.8842	1654.0000
5567.9155	1652.0000
5567.9468	1643.0000
5567.9781	1666.0000
5568.0094	1652.0000
5568.0407	1652.0000
5568.0719	1612.0000
5568.1032	1578.0000
5568.1345	1644.0000
5568.1658	1696.0000
5568.1971	1748.0000
5568.2283	1593.0000
5568.2596	1560.0000
5568.2909	1626.0000
5568.3222	1630.0000
5568.3534	1637.0000
5568.3847	1625.0000
5568.4160	1581.0000
5568.4472	1639.0000
5568.4785	1678.0000
5568.5099	1664.0000
5568.5411	1752.0000
5568.5724	1804.0000
5568.6036	1820.0000
5568.6349	1848.0000
5568.6661	1881.0000
5568.6974	1929.0000
5568.7287	1923.0000
5568.7599	1821.0000
5568.7912	1813.0000
5568.8224	1759.0000
5568.8537	1642.0000
5568.8849	1531.0000
5568.9161	1469.0000
5568.9474	1409.0000
5568.9786	1395.0000
5569.0099	1441.0000
5569.0411	1500.0000
5569.0723	1563.0000
5569.1036	1512.0000
5569.1348	1450.0000
5569.1661	1519.0000
5569.1973	1572.0000
5569.2285	1556.0000
5569.2597	1521.0000
5569.2910	1511.0000
5569.3222	1508.0000
5569.3534	1484.0000
5569.3846	1444.0000
5569.4159	1347.0000
5569.4471	1315.0000
5569.4783	1303.0000
5569.5095	1388.0000
5569.5408	1398.0000
5569.5721	1411.0000
5569.6033	1418.0000
5569.6345	1364.0000
5569.6657	1452.0000
5569.6969	1560.0000
5569.7281	1447.0000
5569.7593	1454.0000
5569.7905	1617.0000
5569.8217	1777.0000
5569.8529	1806.0000
5569.8841	1687.0000
5569.9153	1646.0000
5569.9465	1555.0000
5569.9777	1598.0000
5570.0089	1561.0000
5570.0401	1532.0000
5570.0713	1481.0000
5570.1025	1497.0000
5570.1337	1526.0000
5570.1649	1542.0000
5570.1961	1427.0000
5570.2273	1449.0000
5570.2584	1607.0000
5570.2896	1565.0000
5570.3208	1597.0000
5570.3520	1669.0000
5570.3832	1769.0000
5570.4143	1708.0000
5570.4455	1693.0000
5570.4767	1644.0000
5570.5079	1669.0000
5570.5390	1564.0000
5570.5702	1480.0000
5570.6015	1553.0000
5570.6326	1564.0000
5570.6638	1606.0000
5570.6950	1553.0000
5570.7261	1492.0000
5570.7573	1542.0000
5570.7885	1442.0000
5570.8196	1473.0000
5570.8508	1432.0000
5570.8819	1467.0000
5570.9131	1465.0000
5570.9442	1465.0000
5570.9754	1540.0000
5571.0065	1535.0000
5571.0377	1557.0000
5571.0688	1525.0000
5571.1000	1603.0000
5571.1311	1632.0000
5571.1623	1650.0000
5571.1934	1595.0000
5571.2245	1626.0000
5571.2557	1539.0000
5571.2868	1545.0000
5571.3180	1526.0000
5571.3491	1469.0000
5571.3802	1443.0000
5571.4114	1405.0000
5571.4425	1382.0000
5571.4736	1292.0000
5571.5047	1323.0000
5571.5359	1450.0000
5571.5670	1462.0000
5571.5981	1515.0000
5571.6292	1549.0000
5571.6605	1600.0000
5571.6916	1675.0000
5571.7227	1739.0000
5571.7538	1762.0000
5571.7849	1677.0000
5571.8160	1648.0000
5571.8471	1653.0000
5571.8783	1613.0000
5571.9094	1513.0000
5571.9405	1471.0000
5571.9716	1462.0000
5572.0027	1429.0000
5572.0338	1402.0000
5572.0649	1422.0000
5572.0960	1390.0000
5572.1271	1399.0000
5572.1582	1385.0000
5572.1893	1368.0000
5572.2204	1512.0000
5572.2515	1603.0000
5572.2826	1642.0000
5572.3137	1655.0000
5572.3447	1774.0000
5572.3758	1825.0000
5572.4069	1850.0000
5572.4380	1848.0000
5572.4691	1838.0000
5572.5002	1721.0000
5572.5313	1615.0000
5572.5623	1438.0000
5572.5934	1478.0000
5572.6245	1518.0000
5572.6556	1505.0000
5572.6866	1505.0000
5572.7178	1536.0000
5572.7489	1463.0000
5572.7799	1459.0000
5572.8110	1490.0000
5572.8421	1505.0000
5572.8731	1544.0000
5572.9042	1611.0000
5572.9353	1684.0000
5572.9663	1664.0000
5572.9974	1671.0000
5573.0284	1654.0000
5573.0595	1681.0000
5573.0906	1630.0000
5573.1216	1632.0000
5573.1527	1582.0000
5573.1837	1439.0000
5573.2148	1445.0000
5573.2458	1474.0000
5573.2769	1412.0000
5573.3079	1413.0000
5573.3390	1459.0000
5573.3700	1492.0000
5573.4010	1539.0000
5573.4321	1578.0000
5573.4631	1587.0000
5573.4941	1592.0000
5573.5252	1584.0000
5573.5562	1610.0000
5573.5873	1537.0000
5573.6183	1632.0000
5573.6493	1709.0000
5573.6803	1672.0000
5573.7114	1666.0000
5573.7424	1691.0000
5573.7735	1582.0000
5573.8045	1690.0000
5573.8356	1626.0000
5573.8666	1547.0000
5573.8976	1517.0000
5573.9286	1540.0000
5573.9596	1396.0000
5573.9906	1447.0000
5574.0217	1497.0000
5574.0527	1506.0000
5574.0837	1529.0000
5574.1147	1593.0000
5574.1457	1668.0000
5574.1767	1681.0000
5574.2077	1744.0000
5574.2387	1846.0000
5574.2697	1777.0000
5574.3007	1746.0000
5574.3317	1733.0000
5574.3627	1702.0000
5574.3937	1578.0000
5574.4247	1550.0000
5574.4557	1533.0000
5574.4867	1516.0000
5574.5177	1503.0000
5574.5487	1574.0000
5574.5796	1718.0000
5574.6106	1744.0000
5574.6416	1773.0000
5574.6726	1931.0000
5574.7036	2030.0000
5574.7346	2066.0000
5574.7655	2003.0000
5574.7966	2007.0000
5574.8276	1844.0000
5574.8586	1627.0000
5574.8895	1646.0000
5574.9205	1556.0000
5574.9515	1511.0000
5574.9824	1487.0000
5575.0134	1385.0000
5575.0444	1386.0000
5575.0753	1452.0000
5575.1063	1397.0000
5575.1373	1382.0000
5575.1682	1439.0000
5575.1992	1525.0000
5575.2301	1435.0000
5575.2611	1469.0000
5575.2921	1514.0000
5575.3230	1477.0000
5575.3540	1477.0000
5575.3849	1485.0000
5575.4159	1554.0000
5575.4468	1517.0000
5575.4777	1447.0000
5575.5087	1398.0000
5575.5396	1374.0000
5575.5706	1305.0000
5575.6015	1277.0000
5575.6325	1361.0000
5575.6634	1353.0000
5575.6943	1368.0000
5575.7253	1396.0000
5575.7562	1379.0000
5575.7871	1357.0000
5575.8181	1385.0000
5575.8491	1365.0000
5575.8800	1446.0000
5575.9109	1419.0000
5575.9419	1332.0000
5575.9728	1327.0000
5576.0037	1374.0000
5576.0346	1472.0000
5576.0655	1534.0000
5576.0965	1518.0000
5576.1274	1547.0000
5576.1583	1596.0000
5576.1892	1564.0000
5576.2201	1495.0000
5576.2510	1482.0000
5576.2819	1468.0000
5576.3128	1499.0000
5576.3438	1483.0000
5576.3747	1438.0000
5576.4056	1445.0000
5576.4365	1396.0000
5576.4674	1400.0000
5576.4983	1460.0000
5576.5292	1515.0000
5576.5601	1546.0000
5576.5910	1492.0000
5576.6218	1543.0000
5576.6527	1701.0000
5576.6836	1715.0000
5576.7145	1796.0000
5576.7454	1847.0000
5576.7763	1845.0000
5576.8072	1837.0000
5576.8381	1881.0000
5576.8689	1851.0000
5576.8998	1776.0000
5576.9308	1639.0000
5576.9617	1544.0000
5576.9926	1549.0000
5577.0234	1439.0000
5577.0543	1451.0000
5577.0852	1472.0000
5577.1160	1474.0000
5577.1469	1455.0000
5577.1778	1624.0000
5577.2086	1685.0000
5577.2395	1846.0000
5577.2704	1884.0000
5577.3012	1930.0000
5577.3321	1934.0000
5577.3630	1948.0000
5577.3938	2077.0000
5577.4247	2035.0000
5577.4555	1936.0000
5577.4864	1868.0000
5577.5172	1784.0000
5577.5481	1768.0000
5577.5789	1740.0000
5577.6098	1641.0000
5577.6406	1544.0000
5577.6715	1543.0000
5577.7023	1626.0000
5577.7332	1613.0000
5577.7640	1687.0000
5577.7948	2156.0000
5577.8257	2590.0000
5577.8565	2849.0000
5577.8873	2567.0000
5577.9182	2270.0000
5577.9490	2094.0000
5577.9799	1981.0000
5578.0108	2005.0000
5578.0416	1950.0000
5578.0724	1851.0000
5578.1032	1764.0000
5578.1341	1742.0000
5578.1649	1646.0000
5578.1957	1630.0000
5578.2265	1591.0000
5578.2574	1542.0000
5578.2882	1563.0000
5578.3190	1495.0000
5578.3498	1532.0000
5578.3806	1531.0000
5578.4114	1563.0000
5578.4422	1610.0000
5578.4730	1695.0000
5578.5038	1745.0000
5578.5346	1702.0000
5578.5655	1835.0000
5578.5963	1916.0000
5578.6271	1903.0000
5578.6579	1859.0000
5578.6887	1940.0000
5578.7194	1938.0000
5578.7502	1780.0000
5578.7810	1713.0000
5578.8118	1754.0000
5578.8426	1695.0000
5578.8734	1604.0000
5578.9042	1614.0000
5578.9350	1581.0000
5578.9658	1503.0000
5578.9966	1508.0000
5579.0274	1557.0000
5579.0582	1549.0000
5579.0890	1587.0000
5579.1198	1642.0000
5579.1505	1691.0000
5579.1813	1781.0000
5579.2121	1758.0000
5579.2429	1827.0000
5579.2736	1876.0000
5579.3044	1872.0000
5579.3352	1782.0000
5579.3659	1794.0000
5579.3967	1784.0000
5579.4275	1727.0000
5579.4582	1645.0000
5579.4890	1581.0000
5579.5198	1569.0000
5579.5505	1560.0000
5579.5813	1531.0000
5579.6120	1491.0000
5579.6428	1464.0000
5579.6735	1471.0000
5579.7043	1463.0000
5579.7350	1508.0000
5579.7658	1508.0000
5579.7965	1586.0000
5579.8273	1779.0000
5579.8580	1887.0000
5579.8888	1915.0000
5579.9195	1888.0000
5579.9502	1777.0000
5579.9810	1682.0000
5580.0117	1558.0000
5580.0424	1446.0000
5580.0733	1379.0000
5580.1040	1351.0000
5580.1347	1285.0000
5580.1655	1241.0000
5580.1962	1249.0000
5580.2269	1307.0000
5580.2577	1294.0000
5580.2884	1304.0000
5580.3191	1280.0000
5580.3498	1235.0000
5580.3805	1317.0000
5580.4113	1379.0000
5580.4420	1394.0000
5580.4727	1451.0000
5580.5034	1485.0000
5580.5341	1520.0000
5580.5648	1566.0000
5580.5955	1615.0000
5580.6262	1620.0000
5580.6570	1546.0000
5580.6877	1626.0000
5580.7184	1588.0000
5580.7491	1538.0000
5580.7798	1551.0000
5580.8105	1506.0000
5580.8412	1412.0000
5580.8719	1428.0000
5580.9026	1415.0000
5580.9332	1387.0000
5580.9639	1352.0000
5580.9946	1346.0000
5581.0253	1321.0000
5581.0560	1404.0000
5581.0867	1505.0000
5581.1175	1525.0000
5581.1482	1557.0000
5581.1788	1564.0000
5581.2095	1530.0000
5581.2402	1505.0000
5581.2709	1499.0000
5581.3016	1578.0000
5581.3322	1508.0000
5581.3629	1531.0000
5581.3936	1484.0000
5581.4243	1437.0000
5581.4549	1460.0000
5581.4856	1337.0000
5581.5163	1296.0000
5581.5469	1407.0000
5581.5776	1315.0000
5581.6083	1250.0000
5581.6389	1211.0000
5581.6696	1143.0000
5581.7002	1172.0000
5581.7309	1181.0000
5581.7615	1240.0000
5581.7922	1226.0000
5581.8228	1234.0000
5581.8535	1301.0000
5581.8841	1289.0000
5581.9148	1318.0000
5581.9454	1373.0000
5581.9761	1394.0000
5582.0067	1442.0000
5582.0374	1408.0000
5582.0680	1492.0000
5582.0987	1542.0000
5582.1293	1438.0000
5582.1599	1463.0000
5582.1907	1425.0000
5582.2213	1424.0000
5582.2519	1446.0000
5582.2826	1448.0000
5582.3132	1437.0000
5582.3438	1434.0000
5582.3744	1412.0000
5582.4051	1340.0000
5582.4357	1312.0000
5582.4663	1332.0000
5582.4969	1245.0000
5582.5276	1330.0000
5582.5582	1350.0000
5582.5888	1291.0000
5582.6194	1372.0000
5582.6500	1380.0000
5582.6806	1365.0000
5582.7112	1459.0000
5582.7419	1468.0000
5582.7725	1454.0000
5582.8031	1481.0000
5582.8337	1497.0000
5582.8643	1544.0000
5582.8949	1503.0000
5582.9255	1398.0000
5582.9561	1321.0000
5582.9867	1292.0000
5583.0173	1283.0000
5583.0479	1257.0000
5583.0785	1214.0000
5583.1091	1228.0000
5583.1397	1257.0000
5583.1702	1214.0000
5583.2008	1269.0000
5583.2315	1270.0000
5583.2621	1238.0000
5583.2927	1173.0000
5583.3233	1157.0000
5583.3538	1217.0000
5583.3844	1244.0000
5583.4150	1284.0000
5583.4456	1315.0000
5583.4762	1389.0000
5583.5067	1429.0000
5583.5373	1427.0000
5583.5679	1492.0000
5583.5984	1515.0000
5583.6290	1496.0000
5583.6596	1533.0000
5583.6901	1523.0000
5583.7207	1427.0000
5583.7513	1414.0000
5583.7818	1380.0000
5583.8124	1454.0000
5583.8429	1391.0000
5583.8735	1376.0000
5583.9041	1297.0000
5583.9346	1305.0000
5583.9652	1355.0000
5583.9957	1320.0000
5584.0263	1308.0000
5584.0568	1323.0000
5584.0874	1262.0000
5584.1179	1300.0000
5584.1485	1433.0000
5584.1790	1421.0000
5584.2095	1385.0000
5584.2401	1412.0000
5584.2707	1501.0000
5584.3012	1470.0000
5584.3318	1504.0000
5584.3623	1433.0000
5584.3929	1398.0000
5584.4234	1402.0000
5584.4539	1416.0000
5584.4844	1378.0000
5584.5150	1308.0000
5584.5455	1264.0000
5584.5760	1274.0000
5584.6065	1291.0000
5584.6371	1282.0000
5584.6676	1299.0000
5584.6981	1325.0000
5584.7286	1250.0000
5584.7591	1282.0000
5584.7896	1289.0000
5584.8202	1299.0000
5584.8507	1249.0000
5584.8812	1246.0000
5584.9117	1270.0000
5584.9422	1329.0000
5584.9727	1345.0000
5585.0032	1303.0000
5585.0337	1295.0000
5585.0642	1380.0000
5585.0947	1419.0000
5585.1252	1378.0000
5585.1557	1441.0000
5585.1862	1414.0000
5585.2167	1378.0000
5585.2472	1412.0000
5585.2777	1455.0000
5585.3082	1392.0000
5585.3387	1300.0000
5585.3692	1333.0000
5585.3997	1290.0000
5585.4302	1253.0000
5585.4607	1251.0000
5585.4912	1311.0000
5585.5216	1256.0000
5585.5521	1264.0000
5585.5826	1211.0000
5585.6131	1293.0000
5585.6435	1264.0000
5585.6740	1278.0000
5585.7045	1237.0000
5585.7350	1180.0000
5585.7654	1237.0000
5585.7959	1288.0000
5585.8264	1307.0000
5585.8568	1401.0000
5585.8873	1341.0000
5585.9177	1380.0000
5585.9482	1501.0000
5585.9787	1519.0000
5586.0091	1481.0000
5586.0396	1506.0000
5586.0700	1509.0000
5586.1005	1493.0000
5586.1309	1404.0000
5586.1614	1380.0000
5586.1918	1366.0000
5586.2223	1342.0000
5586.2527	1284.0000
5586.2832	1300.0000
5586.3136	1314.0000
5586.3440	1304.0000
5586.3745	1284.0000
5586.4050	1271.0000
5586.4355	1328.0000
5586.4659	1311.0000
5586.4963	1358.0000
5586.5268	1323.0000
5586.5572	1244.0000
5586.5876	1179.0000
5586.6180	1210.0000
5586.6485	1274.0000
5586.6789	1250.0000
5586.7093	1243.0000
5586.7397	1283.0000
5586.7702	1269.0000
5586.8006	1342.0000
5586.8310	1415.0000
5586.8614	1411.0000
5586.8918	1433.0000
5586.9222	1437.0000
5586.9527	1484.0000
5586.9831	1458.0000
5587.0135	1474.0000
5587.0439	1452.0000
5587.0743	1350.0000
5587.1047	1391.0000
5587.1351	1308.0000
5587.1655	1267.0000
5587.1959	1236.0000
5587.2263	1263.0000
5587.2567	1230.0000
5587.2871	1196.0000
5587.3175	1251.0000
5587.3479	1217.0000
5587.3783	1194.0000
5587.4087	1203.0000
5587.4392	1276.0000
5587.4695	1288.0000
5587.4999	1279.0000
5587.5303	1329.0000
5587.5607	1362.0000
5587.5911	1332.0000
5587.6215	1373.0000
5587.6518	1390.0000
5587.6822	1383.0000
5587.7126	1405.0000
5587.7430	1417.0000
5587.7733	1443.0000
5587.8037	1441.0000
5587.8341	1451.0000
5587.8644	1426.0000
5587.8948	1458.0000
5587.9252	1452.0000
5587.9555	1427.0000
5587.9859	1464.0000
5588.0163	1371.0000
5588.0466	1327.0000
5588.0770	1384.0000
5588.1073	1303.0000
5588.1377	1237.0000
5588.1681	1258.0000
5588.1984	1228.0000
5588.2288	1204.0000
5588.2591	1287.0000
5588.2895	1269.0000
5588.3198	1291.0000
5588.3502	1284.0000
5588.3805	1271.0000
5588.4108	1219.0000
5588.4412	1336.0000
5588.4715	1366.0000
5588.5020	1272.0000
5588.5323	1274.0000
5588.5626	1271.0000
5588.5930	1339.0000
5588.6233	1353.0000
5588.6536	1301.0000
5588.6840	1262.0000
5588.7143	1212.0000
5588.7446	1174.0000
5588.7750	1184.0000
5588.8053	1183.0000
5588.8356	1184.0000
5588.8659	1145.0000
5588.8962	1133.0000
5588.9266	1193.0000
5588.9569	1191.0000
5588.9872	1226.0000
5589.0175	1240.0000
5589.0478	1224.0000
5589.0781	1283.0000
5589.1084	1223.0000
5589.1388	1180.0000
5589.1691	1122.0000
5589.1994	1160.0000
5589.2297	1159.0000
5589.2600	1166.0000
5589.2903	1203.0000
5589.3206	1160.0000
5589.3509	1212.0000
5589.3812	1309.0000
5589.4115	1379.0000
5589.4418	1293.0000
5589.4721	1281.0000
5589.5023	1288.0000
5589.5326	1332.0000
5589.5630	1349.0000
5589.5933	1245.0000
5589.6236	1288.0000
5589.6539	1041.0000
5589.6842	954.0000
5589.7144	976.0000
5589.7447	1007.0000
5589.7750	952.0000
5589.8053	906.0000
5589.8356	866.0000
5589.8658	852.0000
5589.8961	850.0000
5589.9264	866.0000
