R_Cam.40
7691.8994	7136.0000
7691.9457	10633.0000
7691.9920	11085.0000
7692.0383	11326.0000
7692.0846	11583.0000
7692.1309	11649.0000
7692.1772	11610.0000
7692.2235	11830.0000
7692.2698	12040.0000
7692.3161	12184.0000
7692.3624	16731.0000
7692.4087	16760.0000
7692.4549	16322.0000
7692.5012	15466.0000
7692.5475	14806.0000
7692.5938	13847.0000
7692.6401	13293.0000
7692.6863	13039.0000
7692.7326	13128.0000
7692.7789	13468.0000
7692.8252	14119.0000
7692.8714	14751.0000
7692.9178	15672.0000
7692.9641	16998.0000
7693.0103	18138.0000
7693.0566	19237.0000
7693.1028	20133.0000
7693.1491	20429.0000
7693.1954	19855.0000
7693.2416	18533.0000
7693.2879	16815.0000
7693.3341	15244.0000
7693.3804	13789.0000
7693.4266	13073.0000
7693.4729	12985.0000
7693.5191	13048.0000
7693.5653	13619.0000
7693.6116	14334.0000
7693.6578	15126.0000
7693.7041	15817.0000
7693.7503	16577.0000
7693.7965	17242.0000
7693.8428	17840.0000
7693.8890	18593.0000
7693.9352	19375.0000
7693.9815	20146.0000
7694.0278	20652.0000
7694.0740	21047.0000
7694.1202	20920.0000
7694.1664	20176.0000
7694.2126	18835.0000
7694.2589	17365.0000
7694.3051	15823.0000
7694.3513	14546.0000
7694.3975	13763.0000
7694.4437	13288.0000
7694.4899	13321.0000
7694.5361	13797.0000
7694.5823	14167.0000
7694.6285	14607.0000
7694.6747	14998.0000
7694.7209	15256.0000
7694.7671	15446.0000
7694.8133	15805.0000
7694.8595	16320.0000
7694.9057	16934.0000
7694.9519	17490.0000
7694.9981	17905.0000
7695.0443	18266.0000
7695.0905	18100.0000
7695.1367	17593.0000
7695.1829	17047.0000
7695.2291	16374.0000
7695.2752	16064.0000
7695.3214	15963.0000
7695.3676	16364.0000
7695.4138	16886.0000
7695.4599	17414.0000
7695.5061	17478.0000
7695.5523	17163.0000
7695.5984	16837.0000
7695.6446	16327.0000
7695.6907	16043.0000
7695.7369	15731.0000
7695.7831	15741.0000
7695.8292	15902.0000
7695.8754	16206.0000
7695.9215	16554.0000
7695.9677	16901.0000
7696.0138	16967.0000
7696.0600	17015.0000
7696.1062	16921.0000
7696.1523	16802.0000
7696.1985	16696.0000
7696.2446	17046.0000
7696.2908	18093.0000
7696.3369	19194.0000
7696.3830	20423.0000
7696.4292	20977.0000
7696.4753	20504.0000
7696.5214	19622.0000
7696.5675	18645.0000
7696.6137	17911.0000
7696.6598	17656.0000
7696.7059	17422.0000
7696.7520	17343.0000
7696.7982	17323.0000
7696.8443	17290.0000
7696.8904	16948.0000
7696.9365	16188.0000
7696.9826	15370.0000
7697.0287	14510.0000
7697.0748	13816.0000
7697.1209	13459.0000
7697.1671	13786.0000
7697.2132	14337.0000
7697.2593	15438.0000
7697.3054	16593.0000
7697.3515	18105.0000
7697.3976	19584.0000
7697.4437	20224.0000
7697.4898	20131.0000
7697.5359	19577.0000
7697.5820	19443.0000
7697.6281	19612.0000
7697.6741	20509.0000
7697.7202	21812.0000
7697.7663	23348.0000
7697.8124	24534.0000
7697.8585	25627.0000
7697.9045	26117.0000
7697.9506	25676.0000
7697.9967	24752.0000
7698.0427	23221.0000
7698.0888	21401.0000
7698.1349	19337.0000
7698.1810	17383.0000
7698.2271	15903.0000
7698.2732	14930.0000
7698.3192	14509.0000
7698.3653	14523.0000
7698.4113	14661.0000
7698.4574	15010.0000
7698.5034	15123.0000
7698.5495	15016.0000
7698.5955	14366.0000
7698.6416	13693.0000
7698.6876	12782.0000
7698.7337	11923.0000
7698.7797	11016.0000
7698.8257	9990.0000
7698.8718	8798.0000
7698.9178	7246.0000
7698.9638	5999.0000
7699.0099	5171.0000
7699.0559	4766.0000
7699.1019	4826.0000
7699.1480	5166.0000
7699.1940	5585.0000
7699.2401	6349.0000
7699.2861	7385.0000
7699.3321	8658.0000
7699.3782	10221.0000
7699.4242	11795.0000
7699.4702	13133.0000
7699.5162	13749.0000
7699.5622	14107.0000
7699.6082	14441.0000
7699.6542	14812.0000
7699.7002	15165.0000
7699.7462	15999.0000
7699.7922	16990.0000
7699.8382	18556.0000
7699.8842	20081.0000
7699.9302	21310.0000
7699.9762	22825.0000
7700.0222	24126.0000
7700.0682	25207.0000
7700.1142	26627.0000
7700.1602	27246.0000
7700.2061	27424.0000
7700.2521	27038.0000
7700.2982	25808.0000
7700.3442	23807.0000
7700.3902	22093.0000
7700.4361	20875.0000
7700.4821	20363.0000
7700.5281	20082.0000
7700.5741	20251.0000
7700.6200	20502.0000
7700.6660	20241.0000
7700.7120	19531.0000
7700.7579	18995.0000
7700.8039	18759.0000
7700.8498	19043.0000
7700.8958	19526.0000
7700.9417	20211.0000
7700.9877	20571.0000
7701.0336	20837.0000
7701.0796	21026.0000
7701.1255	21219.0000
7701.1715	21623.0000
7701.2174	22595.0000
7701.2634	23551.0000
7701.3093	24453.0000
7701.3554	24896.0000
7701.4013	24497.0000
7701.4472	23286.0000
7701.4932	21548.0000
7701.5391	19785.0000
7701.5850	18589.0000
7701.6310	18085.0000
7701.6769	17909.0000
7701.7228	18103.0000
7701.7687	18121.0000
7701.8147	18079.0000
7701.8606	18314.0000
7701.9065	18525.0000
7701.9524	18807.0000
7701.9983	19151.0000
7702.0442	19615.0000
7702.0901	20077.0000
7702.1360	20532.0000
7702.1820	20654.0000
7702.2279	20755.0000
7702.2738	20593.0000
7702.3197	20332.0000
7702.3656	19674.0000
7702.4116	19134.0000
7702.4575	18476.0000
7702.5033	17695.0000
7702.5492	17173.0000
7702.5951	16705.0000
7702.6410	16295.0000
7702.6869	16254.0000
7702.7328	16471.0000
7702.7787	16879.0000
7702.8246	17639.0000
7702.8704	18536.0000
7702.9163	19493.0000
7702.9622	20339.0000
7703.0081	20941.0000
7703.0539	21287.0000
7703.0998	21266.0000
7703.1457	21001.0000
7703.1915	20752.0000
7703.2374	20781.0000
7703.2833	21042.0000
7703.3291	21609.0000
7703.3750	22426.0000
7703.4208	23665.0000
7703.4668	25350.0000
7703.5127	26325.0000
7703.5585	26650.0000
7703.6044	26168.0000
7703.6502	24864.0000
7703.6960	23313.0000
7703.7419	21561.0000
7703.7877	20076.0000
7703.8336	18733.0000
7703.8794	17820.0000
7703.9253	17666.0000
7703.9711	18069.0000
7704.0169	19010.0000
7704.0628	20741.0000
7704.1086	22476.0000
7704.1544	24419.0000
7704.2002	25849.0000
7704.2461	26518.0000
7704.2919	26508.0000
7704.3377	25419.0000
7704.3835	23729.0000
7704.4293	21957.0000
7704.4752	20668.0000
7704.5211	20172.0000
7704.5669	20072.0000
7704.6127	20284.0000
7704.6585	20622.0000
7704.7043	21000.0000
7704.7501	20881.0000
7704.7959	20365.0000
7704.8417	19240.0000
7704.8875	17693.0000
7704.9333	16118.0000
7704.9791	14753.0000
7705.0249	14154.0000
7705.0707	13850.0000
7705.1165	13736.0000
7705.1623	13841.0000
7705.2081	13968.0000
7705.2538	14270.0000
7705.2996	14717.0000
7705.3454	14983.0000
7705.3912	15318.0000
7705.4370	15808.0000
7705.4827	16279.0000
7705.5285	16744.0000
7705.5744	17320.0000
7705.6202	17620.0000
7705.6659	17812.0000
7705.7117	17974.0000
7705.7575	18185.0000
7705.8032	18189.0000
7705.8490	18050.0000
7705.8947	17762.0000
7705.9405	17464.0000
7705.9863	17093.0000
7706.0320	16655.0000
7706.0778	16457.0000
7706.1235	15981.0000
7706.1693	15793.0000
7706.2150	15497.0000
7706.2607	15819.0000
7706.3065	16404.0000
7706.3522	16913.0000
7706.3980	17595.0000
7706.4437	18409.0000
7706.4894	19312.0000
7706.5352	20187.0000
7706.5809	21094.0000
7706.6267	21826.0000
7706.6725	21886.0000
7706.7182	21596.0000
7706.7639	21006.0000
7706.8096	19735.0000
7706.8554	18694.0000
7706.9011	17948.0000
7706.9468	17474.0000
7706.9925	17244.0000
7707.0382	17237.0000
7707.0839	17331.0000
7707.1296	17548.0000
7707.1754	17998.0000
7707.2211	18173.0000
7707.2668	18452.0000
7707.3125	18950.0000
7707.3582	19015.0000
7707.4039	18839.0000
7707.4496	18643.0000
7707.4953	18585.0000
7707.5409	18847.0000
7707.5866	18974.0000
7707.6323	19252.0000
7707.6781	19877.0000
7707.7238	20367.0000
7707.7695	20848.0000
7707.8152	20922.0000
7707.8608	20771.0000
7707.9065	20462.0000
7707.9522	20336.0000
7707.9979	20156.0000
7708.0436	20395.0000
7708.0892	21108.0000
7708.1349	21812.0000
7708.1806	22236.0000
7708.2262	22430.0000
7708.2719	22157.0000
7708.3175	21298.0000
7708.3632	20594.0000
7708.4089	20089.0000
7708.4545	19588.0000
7708.5002	19543.0000
7708.5458	19748.0000
7708.5915	19808.0000
7708.6371	19608.0000
7708.6828	19220.0000
7708.7285	18661.0000
7708.7742	18110.0000
7708.8198	17827.0000
7708.8654	18245.0000
7708.9111	18990.0000
7708.9567	19992.0000
7709.0024	21110.0000
7709.0480	21907.0000
7709.0936	22228.0000
7709.1392	22361.0000
7709.1849	22167.0000
7709.2305	21716.0000
7709.2761	20704.0000
7709.3217	20209.0000
7709.3674	19944.0000
7709.4130	20089.0000
7709.4586	20337.0000
7709.5042	20830.0000
7709.5498	21586.0000
7709.5954	22558.0000
7709.6410	23548.0000
7709.6867	24005.0000
7709.7323	24441.0000
7709.7780	24809.0000
7709.8236	24473.0000
7709.8692	23737.0000
7709.9148	22614.0000
7709.9604	21146.0000
7710.0059	19978.0000
7710.0515	18965.0000
7710.0971	18674.0000
7710.1427	19056.0000
7710.1883	20010.0000
7710.2339	21261.0000
7710.2795	22402.0000
7710.3251	23703.0000
7710.3706	24409.0000
7710.4162	24263.0000
7710.4618	23608.0000
7710.5074	22863.0000
7710.5529	22057.0000
7710.5985	21772.0000
7710.6441	22602.0000
7710.6896	23695.0000
7710.7352	24647.0000
7710.7808	25382.0000
7710.8264	26009.0000
7710.8720	26201.0000
7710.9175	26488.0000
7710.9631	25815.0000
7711.0086	24808.0000
7711.0542	23632.0000
7711.0997	22622.0000
7711.1453	21743.0000
7711.1908	21213.0000
7711.2364	20737.0000
7711.2819	20040.0000
7711.3275	19619.0000
7711.3730	18844.0000
7711.4185	18053.0000
7711.4641	17451.0000
7711.5096	17082.0000
7711.5551	16740.0000
7711.6007	16916.0000
7711.6462	17489.0000
7711.6917	18507.0000
7711.7372	19814.0000
7711.7828	21408.0000
7711.8283	23257.0000
7711.8739	24844.0000
7711.9194	26506.0000
7711.9649	27862.0000
7712.0104	28707.0000
7712.0560	29425.0000
7712.1015	29547.0000
7712.1470	29446.0000
7712.1925	28952.0000
7712.2380	28211.0000
7712.2835	27150.0000
7712.3290	26342.0000
7712.3745	25275.0000
7712.4200	24158.0000
7712.4655	23349.0000
7712.5110	22799.0000
7712.5565	22275.0000
7712.6019	21653.0000
7712.6474	21150.0000
7712.6929	20611.0000
7712.7384	19823.0000
7712.7839	19116.0000
7712.8294	18486.0000
7712.8748	18516.0000
7712.9204	18472.0000
7712.9659	18342.0000
7713.0114	18305.0000
7713.0568	18679.0000
7713.1023	19031.0000
7713.1478	19486.0000
7713.1932	20084.0000
7713.2387	20732.0000
7713.2841	21282.0000
7713.3296	21606.0000
7713.3751	22078.0000
7713.4205	22187.0000
7713.4660	22367.0000
7713.5114	22701.0000
7713.5569	22887.0000
7713.6023	22788.0000
7713.6478	22870.0000
7713.6932	22727.0000
7713.7386	22897.0000
7713.7841	23020.0000
7713.8295	23335.0000
7713.8750	24028.0000
7713.9204	25172.0000
7713.9658	26623.0000
7714.0114	27934.0000
7714.0568	28940.0000
7714.1022	29967.0000
7714.1476	29373.0000
7714.1931	26628.0000
7714.2385	24256.0000
7714.2839	22417.0000
7714.3293	21304.0000
7714.3747	20834.0000
7714.4201	20829.0000
7714.4656	20822.0000
7714.5110	20841.0000
7714.5564	20747.0000
7714.6018	20842.0000
7714.6472	20923.0000
7714.6926	21038.0000
7714.7380	21147.0000
7714.7834	21328.0000
7714.8288	21442.0000
7714.8742	21854.0000
7714.9196	22348.0000
7714.9650	22529.0000
7715.0104	22688.0000
7715.0558	22901.0000
7715.1012	22939.0000
7715.1466	22916.0000
7715.1920	22731.0000
7715.2374	22605.0000
7715.2828	22867.0000
7715.3281	23496.0000
7715.3735	24383.0000
7715.4189	25823.0000
7715.4643	27119.0000
7715.5096	28026.0000
7715.5550	27912.0000
7715.6004	26994.0000
7715.6457	25441.0000
7715.6911	23504.0000
7715.7364	21971.0000
7715.7818	21140.0000
7715.8272	20780.0000
7715.8725	21139.0000
7715.9179	21616.0000
7715.9632	22296.0000
7716.0086	22581.0000
7716.0539	22708.0000
7716.0994	22522.0000
7716.1447	22345.0000
7716.1900	22093.0000
7716.2354	22075.0000
7716.2807	22339.0000
7716.3261	23024.0000
7716.3714	23884.0000
7716.4167	24607.0000
7716.4620	25129.0000
7716.5074	25400.0000
7716.5527	25553.0000
7716.5980	25515.0000
7716.6433	25200.0000
7716.6887	24989.0000
7716.7340	25110.0000
7716.7793	25265.0000
7716.8246	25227.0000
7716.8699	25167.0000
7716.9152	24831.0000
7716.9606	24042.0000
7717.0059	23597.0000
7717.0512	23162.0000
7717.0965	22944.0000
7717.1419	23012.0000
7717.1872	23199.0000
7717.2325	23728.0000
7717.2778	24321.0000
7717.3231	25008.0000
7717.3684	25458.0000
7717.4136	25505.0000
7717.4589	25036.0000
7717.5042	24197.0000
7717.5495	23556.0000
7717.5948	23116.0000
7717.6401	23012.0000
7717.6853	23431.0000
7717.7306	24259.0000
7717.7759	24881.0000
7717.8212	25535.0000
7717.8664	25892.0000
7717.9117	25824.0000
7717.9570	25387.0000
7718.0023	24827.0000
7718.0475	24285.0000
7718.0928	23575.0000
7718.1380	23187.0000
7718.1834	22749.0000
7718.2287	22880.0000
7718.2739	23119.0000
7718.3192	23432.0000
7718.3644	23517.0000
7718.4097	23849.0000
7718.4549	24107.0000
7718.5002	24422.0000
7718.5454	24706.0000
7718.5906	24718.0000
7718.6359	24461.0000
7718.6811	24037.0000
7718.7264	23416.0000
7718.7716	22837.0000
7718.8168	22738.0000
7718.8621	23207.0000
7718.9073	23968.0000
7718.9525	25089.0000
7718.9977	26172.0000
7719.0430	26875.0000
7719.0882	27441.0000
7719.1334	27457.0000
7719.1786	27218.0000
7719.2238	27021.0000
7719.2691	26453.0000
7719.3144	25855.0000
7719.3596	25343.0000
7719.4048	25181.0000
7719.4500	25220.0000
7719.4952	25396.0000
7719.5404	25970.0000
7719.5856	26679.0000
7719.6308	27352.0000
7719.6760	27846.0000
7719.7212	27976.0000
7719.7664	27823.0000
7719.8116	27616.0000
7719.8567	27365.0000
7719.9019	27524.0000
7719.9471	28098.0000
7719.9923	28666.0000
7720.0375	29003.0000
7720.0827	28609.0000
7720.1278	27407.0000
7720.1730	26064.0000
7720.2182	24666.0000
7720.2634	23810.0000
7720.3086	23817.0000
7720.3538	24634.0000
7720.3990	25958.0000
7720.4441	27139.0000
7720.4893	28118.0000
7720.5345	28434.0000
7720.5796	28099.0000
7720.6248	27578.0000
7720.6699	26707.0000
7720.7151	25777.0000
7720.7602	25035.0000
7720.8054	24361.0000
7720.8505	23738.0000
7720.8957	23448.0000
7720.9408	23435.0000
7720.9860	23787.0000
7721.0311	25090.0000
7721.0762	27018.0000
7721.1214	29872.0000
7721.1665	33514.0000
7721.2116	37409.0000
7721.2568	41949.0000
7721.3019	44655.0000
7721.3471	45652.0000
7721.3923	45265.0000
7721.4374	43506.0000
7721.4825	41310.0000
7721.5276	38934.0000
7721.5727	36342.0000
7721.6179	33561.0000
7721.6630	31084.0000
7721.7081	28335.0000
7721.7532	26329.0000
7721.7983	24944.0000
7721.8434	24306.0000
7721.8885	24418.0000
7721.9336	24761.0000
7721.9787	25385.0000
7722.0238	25927.0000
7722.0689	26339.0000
7722.1140	26427.0000
7722.1591	26879.0000
7722.2042	27017.0000
7722.2493	27115.0000
7722.2944	27187.0000
7722.3394	26922.0000
7722.3845	26640.0000
7722.4297	26228.0000
7722.4748	25606.0000
7722.5199	24899.0000
7722.5649	24311.0000
7722.6100	23692.0000
7722.6551	23645.0000
7722.7002	23823.0000
7722.7452	24329.0000
7722.7903	25096.0000
7722.8354	25803.0000
7722.8804	26768.0000
7722.9255	27547.0000
7722.9705	28658.0000
7723.0156	30936.0000
7723.0606	32834.0000
7723.1057	34385.0000
7723.1507	35070.0000
7723.1958	34596.0000
7723.2408	33175.0000
7723.2859	31302.0000
7723.3309	28682.0000
7723.3760	26776.0000
7723.4210	25598.0000
7723.4661	25372.0000
7723.5112	25945.0000
7723.5562	27066.0000
7723.6013	28409.0000
7723.6463	29857.0000
7723.6913	31042.0000
7723.7363	31374.0000
7723.7814	31139.0000
7723.8264	30614.0000
7723.8714	29919.0000
7723.9164	29371.0000
7723.9614	28806.0000
7724.0065	28189.0000
7724.0515	27709.0000
7724.0965	27049.0000
7724.1415	26512.0000
7724.1865	25622.0000
7724.2315	24919.0000
7724.2765	24558.0000
7724.3215	24808.0000
7724.3665	25603.0000
7724.4115	27066.0000
7724.4565	28812.0000
7724.5016	30675.0000
7724.5466	32378.0000
7724.5916	33560.0000
7724.6366	33484.0000
7724.6815	32273.0000
7724.7265	30612.0000
7724.7715	28688.0000
7724.8165	27369.0000
7724.8615	26547.0000
7724.9064	26017.0000
7724.9514	25797.0000
7724.9964	25701.0000
7725.0414	25995.0000
7725.0863	26811.0000
7725.1313	27639.0000
7725.1763	28431.0000
7725.2212	29023.0000
7725.2662	29190.0000
7725.3112	28873.0000
7725.3561	29231.0000
7725.4011	30098.0000
7725.4460	31608.0000
7725.4910	33200.0000
7725.5359	34877.0000
7725.5810	36027.0000
7725.6259	35785.0000
7725.6709	34791.0000
7725.7158	33130.0000
7725.7607	31111.0000
7725.8057	29997.0000
7725.8506	29039.0000
7725.8956	28628.0000
7725.9405	28492.0000
7725.9854	28650.0000
7726.0303	28711.0000
7726.0753	28503.0000
7726.1202	27979.0000
7726.1651	27379.0000
7726.2100	26949.0000
7726.2550	26630.0000
7726.2999	27193.0000
7726.3448	28394.0000
7726.3897	29608.0000
7726.4346	30763.0000
7726.4795	31486.0000
7726.5244	31504.0000
7726.5693	30932.0000
7726.6144	30272.0000
7726.6593	30045.0000
7726.7042	30217.0000
7726.7491	31636.0000
7726.7939	34306.0000
7726.8388	37158.0000
7726.8837	39788.0000
7726.9286	41376.0000
7726.9735	41444.0000
7727.0184	39955.0000
7727.0633	37541.0000
7727.1082	34557.0000
7727.1531	31542.0000
7727.1979	29087.0000
7727.2428	27692.0000
7727.2877	27134.0000
7727.3326	27396.0000
7727.3774	28271.0000
7727.4223	29494.0000
7727.4672	30378.0000
7727.5120	30835.0000
7727.5569	30825.0000
7727.6018	30137.0000
7727.6466	28993.0000
7727.6916	28079.0000
7727.7364	27741.0000
7727.7813	28396.0000
7727.8261	30001.0000
7727.8710	32042.0000
7727.9158	34275.0000
7727.9607	36273.0000
7728.0055	37356.0000
7728.0504	37535.0000
7728.0952	36397.0000
7728.1401	34163.0000
7728.1849	31112.0000
7728.2297	28076.0000
7728.2746	25444.0000
7728.3194	24661.0000
7728.3642	24719.0000
7728.4090	25790.0000
7728.4539	27179.0000
7728.4987	29161.0000
7728.5435	31260.0000
7728.5883	33762.0000
7728.6332	36449.0000
7728.6780	39685.0000
7728.7229	42946.0000
7728.7677	46295.0000
7728.8125	49981.0000
7728.8573	52471.0000
7728.9021	54274.0000
7728.9469	55845.0000
7728.9917	56229.0000
7729.0365	55251.0000
7729.0813	52850.0000
7729.1261	49388.0000
7729.1709	44974.0000
7729.2157	39959.0000
7729.2605	35565.0000
7729.3053	32110.0000
7729.3501	29741.0000
7729.3949	28036.0000
7729.4396	27196.0000
7729.4844	26730.0000
7729.5292	26829.0000
7729.5740	27212.0000
7729.6188	27744.0000
7729.6635	28517.0000
7729.7083	29675.0000
7729.7531	30599.0000
7729.7979	31464.0000
7729.8427	32107.0000
7729.8875	32222.0000
7729.9322	31900.0000
7729.9770	31480.0000
7730.0218	30249.0000
7730.0665	29154.0000
7730.1113	27820.0000
7730.1560	26779.0000
7730.2008	25951.0000
7730.2455	25418.0000
7730.2903	25179.0000
7730.3350	25877.0000
7730.3797	27291.0000
7730.4245	28939.0000
7730.4692	31514.0000
7730.5140	34182.0000
7730.5587	36724.0000
7730.6034	39120.0000
7730.6482	40949.0000
7730.6929	42369.0000
7730.7376	43248.0000
7730.7823	44580.0000
7730.8272	46547.0000
7730.8719	47615.0000
7730.9166	48185.0000
7730.9613	46944.0000
7731.0060	44595.0000
7731.0508	41278.0000
7731.0955	37901.0000
7731.1402	35020.0000
7731.1849	32660.0000
7731.2296	30562.0000
7731.2743	29279.0000
7731.3190	28559.0000
7731.3637	28059.0000
7731.4084	27884.0000
7731.4531	28138.0000
7731.4978	28680.0000
7731.5425	29314.0000
7731.5872	30244.0000
7731.6319	31112.0000
7731.6765	31884.0000
7731.7212	32457.0000
7731.7659	32425.0000
7731.8106	32179.0000
7731.8553	31782.0000
7731.9000	32053.0000
7731.9447	32723.0000
7731.9894	34092.0000
7732.0341	35792.0000
7732.0787	37656.0000
7732.1234	38873.0000
7732.1681	38429.0000
7732.2127	37221.0000
7732.2574	35104.0000
7732.3021	32720.0000
7732.3467	30488.0000
7732.3914	29027.0000
7732.4360	28290.0000
7732.4807	27907.0000
7732.5253	28078.0000
7732.5700	28482.0000
7732.6146	29635.0000
7732.6593	31309.0000
7732.7039	33417.0000
7732.7485	35691.0000
7732.7932	38297.0000
7732.8378	41226.0000
7732.8825	43599.0000
7732.9272	45546.0000
7732.9718	46176.0000
7733.0164	45451.0000
7733.0611	43152.0000
7733.1057	40067.0000
7733.1503	37870.0000
7733.1949	36738.0000
7733.2396	36652.0000
7733.2842	37265.0000
7733.3288	38034.0000
7733.3734	38233.0000
7733.4180	37267.0000
7733.4626	35749.0000
7733.5072	32608.0000
7733.5518	29442.0000
7733.5964	26839.0000
7733.6410	25378.0000
7733.6856	24819.0000
7733.7302	25547.0000
7733.7748	27269.0000
7733.8194	29932.0000
7733.8640	33315.0000
7733.9086	37173.0000
7733.9532	40990.0000
7733.9979	44390.0000
7734.0425	46235.0000
7734.0870	47862.0000
7734.1316	48638.0000
7734.1762	49869.0000
7734.2208	50817.0000
7734.2654	51598.0000
7734.3099	51244.0000
7734.3545	49633.0000
7734.3991	46449.0000
7734.4436	42787.0000
7734.4882	38793.0000
7734.5328	35702.0000
7734.5773	33551.0000
7734.6219	32839.0000
7734.6664	32856.0000
7734.7110	32923.0000
7734.7555	32809.0000
7734.8001	32453.0000
7734.8446	31742.0000
7734.8892	30403.0000
7734.9337	29541.0000
7734.9783	29346.0000
7735.0229	29931.0000
7735.0675	31243.0000
7735.1120	33091.0000
7735.1565	35248.0000
7735.2011	36810.0000
7735.2456	36905.0000
7735.2901	35789.0000
7735.3346	34709.0000
7735.3792	33104.0000
7735.4237	31509.0000
7735.4682	30669.0000
7735.5127	30612.0000
7735.5573	30979.0000
7735.6018	31638.0000
7735.6463	32670.0000
7735.6908	33687.0000
7735.7353	35008.0000
7735.7798	36451.0000
7735.8243	37787.0000
7735.8688	39131.0000
7735.9133	39561.0000
7735.9578	39222.0000
7736.0023	38444.0000
7736.0468	36825.0000
7736.0914	35463.0000
7736.1359	34164.0000
7736.1804	34052.0000
7736.2249	34799.0000
7736.2694	36731.0000
7736.3139	39502.0000
7736.3583	42327.0000
7736.4028	44385.0000
7736.4473	45432.0000
7736.4918	44649.0000
7736.5362	42444.0000
7736.5807	39403.0000
7736.6252	36733.0000
7736.6697	34971.0000
7736.7141	33941.0000
7736.7586	33116.0000
7736.8031	32706.0000
7736.8475	32634.0000
7736.8920	33410.0000
7736.9364	34708.0000
7736.9809	36464.0000
7737.0253	38720.0000
7737.0698	40938.0000
7737.1142	41192.0000
7737.1588	40492.0000
7737.2032	38564.0000
7737.2477	35908.0000
7737.2921	32938.0000
7737.3366	30039.0000
7737.3810	28200.0000
7737.4254	27492.0000
7737.4699	27976.0000
7737.5143	29527.0000
7737.5587	31851.0000
7737.6032	34019.0000
7737.6476	35626.0000
7737.6920	36363.0000
7737.7364	36132.0000
7737.7808	35411.0000
7737.8253	34817.0000
7737.8697	34647.0000
7737.9141	35195.0000
7737.9585	36529.0000
7738.0029	38443.0000
7738.0473	41045.0000
7738.0917	44646.0000
7738.1361	48716.0000
7738.1806	52600.0000
7738.2250	56012.0000
7738.2694	58782.0000
7738.3138	60652.0000
7738.3582	61295.0000
7738.4026	60679.0000
7738.4470	58793.0000
7738.4914	55834.0000
7738.5358	52281.0000
7738.5802	48386.0000
7738.6245	43405.0000
7738.6689	37724.0000
7738.7133	33372.0000
7738.7577	30272.0000
7738.8021	28670.0000
7738.8464	28254.0000
7738.8908	29261.0000
7738.9352	30588.0000
7738.9795	31768.0000
7739.0239	32585.0000
7739.0683	32605.0000
7739.1126	32096.0000
7739.1570	31812.0000
7739.2013	31345.0000
7739.2458	31592.0000
7739.2901	32447.0000
7739.3345	33844.0000
7739.3788	35621.0000
7739.4232	37471.0000
7739.4675	39316.0000
7739.5119	41356.0000
7739.5562	43749.0000
7739.6006	46549.0000
7739.6449	49608.0000
7739.6892	52183.0000
7739.7336	53545.0000
7739.7779	52797.0000
7739.8222	49946.0000
7739.8666	45599.0000
7739.9109	40895.0000
7739.9552	36693.0000
7739.9995	33342.0000
7740.0438	31543.0000
7740.0882	30709.0000
7740.1325	30778.0000
7740.1768	31532.0000
7740.2211	32579.0000
7740.2654	33682.0000
7740.3098	35226.0000
7740.3541	36903.0000
7740.3984	39535.0000
7740.4427	41833.0000
7740.4870	43351.0000
7740.5313	43610.0000
7740.5756	42461.0000
7740.6199	39896.0000
7740.6642	37023.0000
7740.7085	34404.0000
7740.7528	32496.0000
7740.7971	31259.0000
7740.8414	30702.0000
7740.8856	30441.0000
7740.9299	30507.0000
7740.9742	30623.0000
7741.0185	30241.0000
7741.0628	29712.0000
7741.1070	29397.0000
7741.1513	29438.0000
7741.1956	29861.0000
7741.2398	30661.0000
7741.2841	31716.0000
7741.3284	32278.0000
7741.3727	32516.0000
7741.4170	32979.0000
7741.4612	33747.0000
7741.5055	35645.0000
7741.5497	37706.0000
7741.5940	40635.0000
7741.6382	43534.0000
7741.6825	45590.0000
7741.7267	46428.0000
7741.7710	46869.0000
7741.8152	46831.0000
7741.8594	46905.0000
7741.9037	47177.0000
7741.9479	47371.0000
7741.9922	46370.0000
7742.0364	44374.0000
7742.0806	42326.0000
7742.1248	41188.0000
7742.1691	41611.0000
7742.2133	43418.0000
7742.2575	45796.0000
7742.3017	48309.0000
7742.3459	50840.0000
7742.3902	52395.0000
7742.4345	52343.0000
7742.4787	50840.0000
7742.5229	47652.0000
7742.5671	43526.0000
7742.6113	39020.0000
7742.6555	34621.0000
7742.6997	30706.0000
7742.7439	28231.0000
7742.7881	26597.0000
7742.8323	26172.0000
7742.8765	26196.0000
7742.9207	26308.0000
7742.9649	26387.0000
7743.0091	25988.0000
7743.0532	25316.0000
7743.0974	24552.0000
7743.1416	23691.0000
7743.1858	23157.0000
7743.2300	23130.0000
7743.2741	23567.0000
7743.3183	24302.0000
7743.3625	25309.0000
7743.4066	26531.0000
7743.4509	28018.0000
7743.4951	29168.0000
7743.5392	30246.0000
7743.5834	31385.0000
7743.6276	32560.0000
7743.6717	33316.0000
7743.7159	34131.0000
7743.7600	35498.0000
7743.8042	36889.0000
7743.8483	37378.0000
7743.8925	37243.0000
7743.9366	36302.0000
7743.9808	34369.0000
7744.0249	32006.0000
7744.0690	29806.0000
7744.1132	28576.0000
7744.1573	27947.0000
7744.2015	27830.0000
7744.2456	28333.0000
7744.2897	29422.0000
7744.3338	31414.0000
7744.3780	34420.0000
7744.4221	37612.0000
7744.4662	40054.0000
7744.5104	40939.0000
7744.5546	40246.0000
7744.5987	38044.0000
7744.6428	35114.0000
7744.6869	32251.0000
7744.7310	30449.0000
7744.7751	29145.0000
7744.8192	28354.0000
7744.8633	27860.0000
7744.9074	27775.0000
7744.9515	27996.0000
7744.9956	28239.0000
7745.0397	28554.0000
7745.0838	29013.0000
7745.1279	29450.0000
7745.1720	29770.0000
7745.2161	29971.0000
7745.2602	30677.0000
7745.3042	31343.0000
7745.3483	31943.0000
7745.3924	32366.0000
7745.4365	32433.0000
7745.4806	32143.0000
7745.5246	31247.0000
7745.5688	30419.0000
7745.6129	29276.0000
7745.6569	28317.0000
7745.7010	27894.0000
7745.7451	28374.0000
7745.7891	28968.0000
7745.8332	30005.0000
7745.8773	30903.0000
7745.9213	31533.0000
7745.9654	32198.0000
7746.0094	32400.0000
7746.0535	32433.0000
7746.0975	32802.0000
7746.1416	33601.0000
7746.1856	34455.0000
7746.2296	35357.0000
7746.2737	36050.0000
7746.3177	36125.0000
7746.3618	35469.0000
7746.4058	33978.0000
7746.4498	32362.0000
7746.4938	30928.0000
7746.5379	29568.0000
7746.5819	29133.0000
7746.6260	28601.0000
7746.6700	28591.0000
7746.7141	28717.0000
7746.7581	28738.0000
7746.8021	29439.0000
7746.8461	30368.0000
7746.8901	31334.0000
7746.9341	32116.0000
7746.9781	31875.0000
7747.0222	30904.0000
7747.0662	29381.0000
7747.1102	27788.0000
7747.1542	26993.0000
7747.1982	26915.0000
7747.2421	27546.0000
7747.2861	28876.0000
7747.3301	30271.0000
7747.3741	31530.0000
7747.4181	33058.0000
7747.4621	34420.0000
7747.5061	35281.0000
7747.5501	35975.0000
7747.5940	36134.0000
7747.6380	36115.0000
7747.6821	35365.0000
7747.7261	34462.0000
7747.7700	33720.0000
7747.8140	33017.0000
7747.8580	32483.0000
7747.9019	32111.0000
7747.9459	31712.0000
7747.9899	31544.0000
7748.0338	31392.0000
7748.0778	31220.0000
7748.1217	31065.0000
7748.1657	31260.0000
7748.2096	31558.0000
7748.2536	32295.0000
7748.2975	33284.0000
7748.3415	34111.0000
7748.3854	34341.0000
7748.4294	34073.0000
7748.4733	34253.0000
7748.5173	33901.0000
7748.5612	33115.0000
7748.6051	31779.0000
7748.6491	29879.0000
7748.6930	27842.0000
7748.7370	26341.0000
7748.7809	25256.0000
7748.8249	25186.0000
7748.8688	26180.0000
7748.9127	27511.0000
7748.9566	28520.0000
7749.0005	29156.0000
7749.0445	29545.0000
7749.0884	29295.0000
7749.1323	28693.0000
7749.1762	28163.0000
7749.2201	27731.0000
7749.2640	27343.0000
7749.3079	26476.0000
7749.3518	24933.0000
7749.3957	23389.0000
7749.4396	22106.0000
7749.4835	20976.0000
7749.5274	19951.0000
7749.5713	19402.0000
7749.6151	19323.0000
7749.6590	19239.0000
7749.7029	19508.0000
7749.7468	19891.0000
7749.7908	20152.0000
7749.8347	20663.0000
7749.8785	21148.0000
7749.9224	21428.0000
7749.9663	21627.0000
7750.0101	21773.0000
7750.0540	21949.0000
7750.0979	21995.0000
7750.1417	22121.0000
7750.1856	22140.0000
7750.2295	22348.0000
7750.2733	22974.0000
7750.3172	23785.0000
7750.3610	24601.0000
7750.4049	25544.0000
7750.4487	26258.0000
7750.4926	26737.0000
7750.5364	26699.0000
7750.5803	26226.0000
7750.6241	25819.0000
7750.6679	25238.0000
7750.7118	24596.0000
7750.7556	23649.0000
7750.7994	23139.0000
7750.8434	22779.0000
7750.8872	22090.0000
7750.9310	21835.0000
7750.9749	21720.0000
7751.0187	21664.0000
7751.0625	21892.0000
7751.1063	22096.0000
7751.1501	22451.0000
7751.1939	22556.0000
7751.2378	22333.0000
7751.2816	22187.0000
7751.3254	22417.0000
7751.3692	22689.0000
7751.4130	23097.0000
7751.4568	23789.0000
7751.5006	24452.0000
7751.5444	24884.0000
7751.5882	25226.0000
7751.6320	25433.0000
7751.6758	25565.0000
7751.7196	25520.0000
7751.7634	25520.0000
7751.8071	25500.0000
7751.8509	25519.0000
7751.8948	26055.0000
7751.9386	26679.0000
7751.9824	27510.0000
7752.0261	28959.0000
7752.0699	30751.0000
7752.1137	32893.0000
7752.1575	34905.0000
7752.2012	36249.0000
7752.2450	36019.0000
7752.2888	34263.0000
7752.3325	31945.0000
7752.3763	29888.0000
7752.4200	28634.0000
7752.4638	28329.0000
7752.5076	28819.0000
7752.5513	29534.0000
7752.5951	30397.0000
7752.6388	30862.0000
7752.6826	31076.0000
7752.7263	30727.0000
7752.7700	29943.0000
7752.8138	28970.0000
7752.8575	27974.0000
7752.9013	26942.0000
7752.9451	26011.0000
7752.9888	25406.0000
7753.0325	24590.0000
7753.0763	23917.0000
7753.1200	23365.0000
7753.1637	22923.0000
7753.2074	22374.0000
7753.2512	21808.0000
7753.2949	21520.0000
7753.3386	21699.0000
7753.3823	21891.0000
7753.4260	22657.0000
7753.4697	23553.0000
7753.5134	24704.0000
7753.5572	25879.0000
7753.6009	26886.0000
7753.6446	27239.0000
7753.6883	27171.0000
7753.7320	26810.0000
7753.7756	26267.0000
7753.8193	26023.0000
7753.8630	26288.0000
7753.9067	27001.0000
7753.9504	28562.0000
7753.9942	30265.0000
7754.0379	32005.0000
7754.0816	33650.0000
7754.1252	34584.0000
7754.1689	34432.0000
7754.2126	33533.0000
7754.2563	31966.0000
7754.2999	30474.0000
7754.3436	30036.0000
7754.3873	30119.0000
7754.4309	30836.0000
7754.4746	31823.0000
7754.5183	32761.0000
7754.5619	33880.0000
7754.6056	34444.0000
7754.6492	34532.0000
7754.6929	33972.0000
7754.7365	32695.0000
7754.7802	30982.0000
7754.8238	29288.0000
7754.8675	28259.0000
7754.9111	27802.0000
7754.9548	27509.0000
7754.9984	27314.0000
7755.0421	26810.0000
7755.0858	25929.0000
7755.1294	24984.0000
7755.1730	24246.0000
7755.2167	24001.0000
7755.2603	24169.0000
7755.3039	24315.0000
7755.3475	24786.0000
7755.3912	25233.0000
7755.4348	25781.0000
7755.4784	26355.0000
7755.5220	27156.0000
7755.5656	27774.0000
7755.6092	28461.0000
7755.6528	28765.0000
7755.6964	28801.0000
7755.7400	28461.0000
7755.7836	28444.0000
7755.8272	28721.0000
7755.8708	29300.0000
7755.9144	29976.0000
7755.9580	30722.0000
7756.0016	31432.0000
7756.0452	31700.0000
7756.0889	32019.0000
7756.1325	32821.0000
7756.1761	34112.0000
7756.2196	35569.0000
7756.2632	37793.0000
7756.3068	40085.0000
7756.3504	41245.0000
7756.3940	40943.0000
7756.4375	39056.0000
7756.4811	35854.0000
7756.5247	32024.0000
7756.5682	28042.0000
7756.6118	25231.0000
7756.6554	23618.0000
7756.6989	23261.0000
7756.7425	23596.0000
7756.7860	24341.0000
7756.8296	25629.0000
7756.8731	27148.0000
7756.9167	28315.0000
7756.9602	29096.0000
7757.0038	29484.0000
7757.0473	29745.0000
7757.0908	29379.0000
7757.1345	28553.0000
7757.1780	27464.0000
7757.2216	26241.0000
7757.2651	24899.0000
7757.3086	24152.0000
7757.3522	23522.0000
7757.3957	23169.0000
7757.4392	23119.0000
7757.4827	23576.0000
7757.5262	23988.0000
7757.5698	24301.0000
7757.6133	24808.0000
7757.6568	25147.0000
7757.7003	26083.0000
7757.7438	26856.0000
7757.7873	27657.0000
7757.8308	28116.0000
7757.8743	27924.0000
7757.9178	27256.0000
7757.9613	26444.0000
7758.0048	25557.0000
7758.0483	24673.0000
7758.0918	24455.0000
7758.1353	24771.0000
7758.1788	24682.0000
7758.2224	25158.0000
7758.2659	25652.0000
7758.3094	25874.0000
7758.3528	25979.0000
7758.3963	25739.0000
7758.4398	25519.0000
7758.4833	24996.0000
7758.5267	24483.0000
7758.5702	24277.0000
7758.6137	24198.0000
7758.6572	24216.0000
7758.7006	24401.0000
7758.7441	24630.0000
7758.7875	24903.0000
7758.8310	25303.0000
7758.8745	26068.0000
7758.9179	27315.0000
7758.9614	29492.0000
7759.0048	31279.0000
7759.0483	32668.0000
7759.0917	33494.0000
7759.1352	34202.0000
7759.1786	33844.0000
7759.2220	32351.0000
7759.2656	30783.0000
7759.3090	29800.0000
7759.3524	28879.0000
7759.3959	28364.0000
7759.4393	27793.0000
7759.4827	27275.0000
7759.5262	26756.0000
7759.5696	26009.0000
7759.6130	25150.0000
7759.6564	24418.0000
7759.6998	23959.0000
7759.7433	23763.0000
7759.7867	23642.0000
7759.8301	23740.0000
7759.8735	23852.0000
7759.9169	23829.0000
7759.9603	23924.0000
7760.0037	23935.0000
7760.0471	23687.0000
7760.0905	23359.0000
7760.1339	23168.0000
7760.1773	23301.0000
7760.2207	23864.0000
7760.2641	24582.0000
7760.3076	25894.0000
7760.3510	27335.0000
7760.3943	28905.0000
7760.4377	29793.0000
7760.4811	29465.0000
7760.5245	28685.0000
7760.5679	27586.0000
7760.6112	27093.0000
7760.6546	27601.0000
7760.6980	28916.0000
7760.7413	30249.0000
7760.7847	31395.0000
7760.8281	32067.0000
7760.8714	32219.0000
7760.9148	31607.0000
7760.9582	30709.0000
7761.0015	29815.0000
7761.0449	29071.0000
7761.0882	28585.0000
7761.1316	29147.0000
7761.1749	30673.0000
7761.2183	32958.0000
7761.2616	34904.0000
7761.3049	36792.0000
7761.3484	37654.0000
7761.3917	36915.0000
7761.4351	35192.0000
7761.4784	32636.0000
7761.5217	30669.0000
7761.5651	29527.0000
7761.6084	29237.0000
7761.6517	29414.0000
7761.6950	29817.0000
7761.7384	30143.0000
7761.7817	29839.0000
7761.8250	28779.0000
7761.8683	26890.0000
7761.9116	24716.0000
7761.9549	22831.0000
7761.9982	21355.0000
7762.0415	20734.0000
7762.0848	20803.0000
7762.1281	21226.0000
7762.1714	22203.0000
7762.2147	23148.0000
7762.2580	24624.0000
7762.3013	25652.0000
7762.3446	26547.0000
7762.3879	27172.0000
7762.4313	27597.0000
7762.4746	28038.0000
7762.5179	28443.0000
7762.5612	28651.0000
7762.6044	28715.0000
7762.6477	28422.0000
7762.6910	27665.0000
7762.7343	26846.0000
7762.7775	26466.0000
7762.8208	26591.0000
7762.8641	26853.0000
7762.9073	27213.0000
7762.9506	27432.0000
7762.9939	28172.0000
7763.0371	28083.0000
7763.0804	28011.0000
7763.1236	27881.0000
7763.1669	27924.0000
7763.2101	27809.0000
7763.2534	27669.0000
7763.2966	27602.0000
7763.3399	27869.0000
7763.3831	28733.0000
7763.4264	30278.0000
7763.4697	32417.0000
7763.5129	34499.0000
7763.5562	36244.0000
7763.5994	37099.0000
7763.6426	36358.0000
7763.6859	34548.0000
7763.7291	31712.0000
7763.7723	28666.0000
7763.8155	25938.0000
7763.8587	23892.0000
7763.9020	22502.0000
7763.9452	22244.0000
7763.9884	22473.0000
7764.0316	23123.0000
7764.0748	23941.0000
7764.1180	24712.0000
7764.1612	25405.0000
7764.2044	25676.0000
7764.2476	25631.0000
7764.2908	25513.0000
7764.3340	25232.0000
7764.3772	24812.0000
7764.4204	24445.0000
7764.4636	24049.0000
7764.5069	23909.0000
7764.5501	23935.0000
7764.5933	24255.0000
7764.6364	25255.0000
7764.6796	26960.0000
7764.7228	28833.0000
7764.7660	31160.0000
7764.8091	33470.0000
7764.8523	35725.0000
7764.8955	36871.0000
7764.9387	37609.0000
7764.9818	37626.0000
7765.0250	36745.0000
7765.0681	35359.0000
7765.1113	33326.0000
7765.1545	31401.0000
7765.1976	29265.0000
7765.2408	27109.0000
7765.2839	25433.0000
7765.3271	24411.0000
7765.3702	23708.0000
7765.4134	23872.0000
7765.4565	23888.0000
7765.4996	23989.0000
7765.5428	23847.0000
7765.5860	23612.0000
7765.6292	23148.0000
7765.6723	22981.0000
7765.7154	22711.0000
7765.7585	22327.0000
7765.8017	22309.0000
7765.8448	22348.0000
7765.8879	22667.0000
7765.9310	23618.0000
7765.9742	24851.0000
7766.0173	26733.0000
7766.0604	29439.0000
7766.1035	32734.0000
7766.1466	36299.0000
7766.1897	39125.0000
7766.2328	41095.0000
7766.2759	41715.0000
7766.3190	40446.0000
7766.3621	37730.0000
7766.4052	33965.0000
7766.4483	30177.0000
7766.4914	26699.0000
7766.5345	23777.0000
7766.5776	22037.0000
7766.6208	20921.0000
7766.6639	20865.0000
7766.7069	21572.0000
7766.7500	22893.0000
7766.7931	24980.0000
7766.8362	27469.0000
7766.8792	30483.0000
7766.9223	33424.0000
7766.9654	36017.0000
7767.0085	37679.0000
7767.0515	38391.0000
7767.0946	38130.0000
7767.1376	37191.0000
7767.1807	35874.0000
7767.2238	34896.0000
7767.2668	33176.0000
7767.3099	31765.0000
7767.3529	29975.0000
7767.3960	27464.0000
7767.4390	24923.0000
7767.4821	22857.0000
7767.5251	21395.0000
7767.5681	20864.0000
7767.6112	20838.0000
7767.6542	21436.0000
7767.6973	22187.0000
7767.7404	23131.0000
7767.7834	23953.0000
7767.8264	24544.0000
7767.8695	24867.0000
7767.9125	25297.0000
7767.9555	25530.0000
7767.9985	25696.0000
7768.0415	25919.0000
7768.0846	26168.0000
7768.1276	26024.0000
7768.1706	26047.0000
7768.2136	26162.0000
7768.2566	26931.0000
7768.2996	27919.0000
7768.3426	29352.0000
7768.3856	31410.0000
7768.4286	33188.0000
7768.4716	34448.0000
7768.5146	34981.0000
7768.5576	34206.0000
7768.6006	32497.0000
7768.6436	30216.0000
7768.6866	27972.0000
7768.7296	26394.0000
7768.7726	25239.0000
7768.8156	24680.0000
7768.8586	24687.0000
7768.9016	24814.0000
7768.9445	24762.0000
7768.9875	24394.0000
7769.0305	24222.0000
7769.0734	23956.0000
7769.1164	24263.0000
7769.1594	24982.0000
7769.2023	25866.0000
7769.2453	27064.0000
7769.2882	28550.0000
7769.3312	29672.0000
7769.3742	30505.0000
7769.4171	31148.0000
7769.4601	31563.0000
7769.5030	31851.0000
7769.5459	31944.0000
7769.5889	31643.0000
7769.6318	31262.0000
7769.6748	30278.0000
7769.7177	28657.0000
7769.7606	26471.0000
7769.8037	24469.0000
7769.8466	22972.0000
7769.8895	22302.0000
7769.9324	22941.0000
7769.9754	24483.0000
7770.0183	26378.0000
7770.0612	28880.0000
7770.1041	31652.0000
7770.1470	34176.0000
7770.1900	35850.0000
7770.2329	36917.0000
7770.2758	37553.0000
7770.3187	37338.0000
7770.3616	36755.0000
7770.4045	38049.0000
7770.4474	38006.0000
7770.4903	37535.0000
7770.5332	36213.0000
7770.5761	34121.0000
7770.6190	31549.0000
7770.6619	28962.0000
7770.7047	26310.0000
7770.7476	24535.0000
7770.7905	23272.0000
7770.8335	22849.0000
7770.8764	22936.0000
7770.9192	23508.0000
7770.9621	24184.0000
7771.0050	24907.0000
7771.0479	25812.0000
7771.0907	26512.0000
7771.1336	27278.0000
7771.1765	27554.0000
7771.2193	27350.0000
7771.2622	26707.0000
7771.3050	26174.0000
7771.3479	25392.0000
7771.3908	24682.0000
7771.4336	24226.0000
7771.4765	23904.0000
7771.5193	23813.0000
7771.5621	23711.0000
7771.6050	23666.0000
7771.6478	23521.0000
7771.6907	23105.0000
7771.7335	22734.0000
7771.7763	22447.0000
7771.8192	22347.0000
7771.8620	22602.0000
7771.9049	23154.0000
7771.9478	23848.0000
7771.9906	24723.0000
7772.0334	25570.0000
7772.0762	26659.0000
7772.1190	27653.0000
7772.1619	28338.0000
7772.2047	29316.0000
7772.2475	30416.0000
7772.2903	31988.0000
7772.3331	33591.0000
7772.3759	35701.0000
7772.4187	37728.0000
7772.4615	38877.0000
7772.5043	39338.0000
7772.5471	38417.0000
7772.5899	35945.0000
7772.6327	33336.0000
7772.6755	30695.0000
7772.7183	28816.0000
7772.7611	28412.0000
7772.8038	28839.0000
7772.8466	29317.0000
7772.8894	29439.0000
7772.9323	28474.0000
7772.9751	26919.0000
7773.0178	24898.0000
7773.0606	22850.0000
7773.1034	21519.0000
7773.1461	20747.0000
7773.1889	20454.0000
7773.2317	20826.0000
7773.2744	21225.0000
7773.3172	21569.0000
7773.3599	21815.0000
7773.4027	21909.0000
7773.4455	21779.0000
7773.4882	21616.0000
7773.5309	21231.0000
7773.5737	21027.0000
7773.6164	21103.0000
7773.6592	21437.0000
7773.7019	21883.0000
7773.7447	22256.0000
7773.7874	22946.0000
7773.8301	23589.0000
7773.8729	23955.0000
7773.9156	24333.0000
7773.9583	24800.0000
7774.0011	25451.0000
7774.0439	26442.0000
7774.0866	27800.0000
7774.1293	29407.0000
7774.1720	30508.0000
7774.2147	31328.0000
7774.2574	31719.0000
7774.3002	31805.0000
7774.3429	31217.0000
7774.3856	30322.0000
7774.4283	29241.0000
7774.4710	28065.0000
7774.5137	26593.0000
7774.5564	25368.0000
7774.5991	24280.0000
7774.6418	24269.0000
7774.6844	24289.0000
7774.7271	24733.0000
7774.7698	25414.0000
7774.8125	26442.0000
7774.8552	27409.0000
7774.8979	28348.0000
7774.9406	29978.0000
7774.9832	32160.0000
7775.0259	34297.0000
7775.0687	36728.0000
7775.1113	38480.0000
7775.1540	39383.0000
7775.1967	39074.0000
7775.2393	37135.0000
7775.2820	34604.0000
7775.3247	31128.0000
7775.3673	28501.0000
7775.4100	26923.0000
7775.4526	25753.0000
7775.4953	24812.0000
7775.5379	24080.0000
7775.5806	23312.0000
7775.6232	22739.0000
7775.6659	22541.0000
7775.7085	22714.0000
7775.7511	23048.0000
7775.7938	23620.0000
7775.8364	24226.0000
7775.8790	24583.0000
7775.9217	24705.0000
7775.9643	24675.0000
7776.0069	24637.0000
7776.0495	24499.0000
7776.0923	24422.0000
7776.1349	24380.0000
7776.1775	23992.0000
7776.2201	24066.0000
7776.2627	24167.0000
7776.3053	24285.0000
7776.3479	24375.0000
7776.3905	24240.0000
7776.4332	23847.0000
7776.4758	23356.0000
7776.5184	22797.0000
7776.5610	22221.0000
7776.6035	22194.0000
7776.6461	22718.0000
7776.6887	23689.0000
7776.7313	25258.0000
7776.7739	27818.0000
7776.8165	30640.0000
7776.8591	33663.0000
7776.9017	36105.0000
7776.9442	37886.0000
7776.9868	38169.0000
7777.0294	36884.0000
7777.0720	35065.0000
7777.1145	33076.0000
7777.1572	31824.0000
7777.1998	31271.0000
7777.2423	30978.0000
7777.2849	30950.0000
7777.3274	30390.0000
7777.3700	29419.0000
7777.4126	28095.0000
7777.4551	26291.0000
7777.4977	24706.0000
7777.5402	23722.0000
7777.5828	22886.0000
7777.6253	22253.0000
7777.6678	21875.0000
7777.7104	21693.0000
7777.7529	21902.0000
7777.7954	22560.0000
7777.8380	23733.0000
7777.8805	25303.0000
7777.9230	26921.0000
7777.9656	28264.0000
7778.0081	29051.0000
7778.0506	29752.0000
7778.0931	29396.0000
7778.1357	29233.0000
7778.1782	29058.0000
7778.2208	28827.0000
7778.2633	28932.0000
7778.3058	28679.0000
7778.3483	28582.0000
7778.3908	28020.0000
7778.4333	27550.0000
7778.4758	26715.0000
7778.5183	26136.0000
7778.5608	25417.0000
7778.6033	24681.0000
7778.6458	24058.0000
7778.6883	23442.0000
7778.7308	22563.0000
7778.7733	21944.0000
7778.8158	21287.0000
7778.8582	20840.0000
7778.9007	20482.0000
7778.9432	20405.0000
7778.9857	20955.0000
7779.0282	21810.0000
7779.0706	23247.0000
7779.1131	25315.0000
7779.1556	27451.0000
7779.1980	29352.0000
7779.2406	30647.0000
7779.2831	31154.0000
7779.3255	30954.0000
7779.3680	30574.0000
7779.4104	29696.0000
7779.4529	28964.0000
7779.4953	28301.0000
7779.5378	27708.0000
7779.5802	27678.0000
7779.6227	27750.0000
7779.6651	28025.0000
7779.7075	27647.0000
7779.7500	27295.0000
7779.7924	26503.0000
7779.8348	25643.0000
7779.8773	24977.0000
7779.9197	24544.0000
7779.9621	24104.0000
7780.0046	24062.0000
7780.0470	24448.0000
7780.0894	25400.0000
7780.1318	26141.0000
7780.1742	26978.0000
7780.2166	26812.0000
7780.2591	25761.0000
7780.3016	24139.0000
7780.3440	22260.0000
7780.3864	20566.0000
7780.4288	19613.0000
7780.4712	19212.0000
7780.5136	19568.0000
7780.5560	20522.0000
7780.5984	21636.0000
7780.6408	23000.0000
7780.6832	24486.0000
7780.7255	25595.0000
7780.7679	26164.0000
7780.8103	26333.0000
7780.8527	26091.0000
7780.8951	25199.0000
7780.9375	23966.0000
7780.9798	23113.0000
7781.0222	22046.0000
7781.0646	20771.0000
7781.1069	19895.0000
7781.1493	19297.0000
7781.1917	19161.0000
7781.2340	19537.0000
7781.2764	20342.0000
7781.3187	21530.0000
7781.3612	22521.0000
7781.4036	23240.0000
7781.4459	23626.0000
7781.4883	23805.0000
7781.5306	23596.0000
7781.5729	23193.0000
7781.6153	22866.0000
7781.6576	22918.0000
7781.7000	23292.0000
7781.7423	23859.0000
7781.7846	24498.0000
7781.8270	25438.0000
7781.8693	25970.0000
7781.9116	26358.0000
7781.9540	26923.0000
7781.9963	27810.0000
7782.0386	28891.0000
7782.0809	29771.0000
7782.1232	30303.0000
7782.1656	30347.0000
7782.2079	29448.0000
7782.2502	28259.0000
7782.2925	26723.0000
7782.3348	20765.0000
7782.3771	19255.0000
7782.4195	18231.0000
7782.4618	17738.0000
7782.5041	17608.0000
7782.5464	17686.0000
7782.5887	17837.0000
7782.6310	17802.0000
7782.6733	17658.0000
7782.7155	17447.0000
