R_Cam.33
6902.2916	6235.0000
6902.3332	9330.0000
6902.3748	9542.0000
6902.4163	9735.0000
6902.4578	9548.0000
6902.4994	9570.0000
6902.5409	9668.0000
6902.5824	9701.0000
6902.6239	9697.0000
6902.6654	9705.0000
6902.7070	12903.0000
6902.7485	13155.0000
6902.7900	13715.0000
6902.8315	14124.0000
6902.8730	14564.0000
6902.9145	15113.0000
6902.9560	15396.0000
6902.9975	15206.0000
6903.0390	14793.0000
6903.0805	14218.0000
6903.1220	13642.0000
6903.1635	13105.0000
6903.2050	12548.0000
6903.2465	12048.0000
6903.2880	11957.0000
6903.3295	11800.0000
6903.3711	11588.0000
6903.4126	11566.0000
6903.4541	11780.0000
6903.4956	12217.0000
6903.5371	12729.0000
6903.5785	13127.0000
6903.6200	13474.0000
6903.6615	14000.0000
6903.7030	14470.0000
6903.7445	14814.0000
6903.7859	15441.0000
6903.8274	15725.0000
6903.8689	16027.0000
6903.9103	16116.0000
6903.9518	15788.0000
6903.9933	15380.0000
6904.0347	14947.0000
6904.0762	14710.0000
6904.1176	14746.0000
6904.1591	14425.0000
6904.2006	14223.0000
6904.2420	13944.0000
6904.2835	13513.0000
6904.3249	13109.0000
6904.3664	12820.0000
6904.4078	12471.0000
6904.4494	12450.0000
6904.4908	12511.0000
6904.5322	12708.0000
6904.5737	12356.0000
6904.6151	11174.0000
6904.6566	9104.0000
6904.6980	6855.0000
6904.7394	5525.0000
6904.7809	5597.0000
6904.8223	7047.0000
6904.8637	9004.0000
6904.9051	10650.0000
6904.9466	11686.0000
6904.9880	12374.0000
6905.0294	12472.0000
6905.0708	12395.0000
6905.1122	12196.0000
6905.1537	12100.0000
6905.1951	12297.0000
6905.2365	12458.0000
6905.2779	12539.0000
6905.3193	12802.0000
6905.3607	12844.0000
6905.4021	12641.0000
6905.4435	12420.0000
6905.4850	11851.0000
6905.5264	10425.0000
6905.5678	8494.0000
6905.6092	6356.0000
6905.6506	5397.0000
6905.6920	6015.0000
6905.7334	8167.0000
6905.7748	10725.0000
6905.8162	12967.0000
6905.8576	14504.0000
6905.8989	15420.0000
6905.9403	15666.0000
6905.9817	15842.0000
6906.0231	15914.0000
6906.0645	16069.0000
6906.1058	16245.0000
6906.1472	16588.0000
6906.1886	16959.0000
6906.2299	17101.0000
6906.2713	17301.0000
6906.3127	17440.0000
6906.3540	17375.0000
6906.3954	17226.0000
6906.4368	16858.0000
6906.4781	16507.0000
6906.5196	16031.0000
6906.5609	15488.0000
6906.6023	14965.0000
6906.6437	14546.0000
6906.6850	14140.0000
6906.7264	13929.0000
6906.7677	13600.0000
6906.8090	13377.0000
6906.8504	13624.0000
6906.8917	13818.0000
6906.9331	14303.0000
6906.9744	14817.0000
6907.0157	15451.0000
6907.0571	16004.0000
6907.0984	16184.0000
6907.1397	16574.0000
6907.1811	17127.0000
6907.2224	17868.0000
6907.2637	18471.0000
6907.3051	18727.0000
6907.3464	18638.0000
6907.3877	18553.0000
6907.4290	18248.0000
6907.4703	17499.0000
6907.5117	16456.0000
6907.5530	15702.0000
6907.5944	15113.0000
6907.6357	14672.0000
6907.6770	14622.0000
6907.7183	14904.0000
6907.7596	15332.0000
6907.8009	15988.0000
6907.8422	16519.0000
6907.8835	16912.0000
6907.9248	17245.0000
6907.9661	17346.0000
6908.0074	17336.0000
6908.0487	17585.0000
6908.0900	17723.0000
6908.1313	17855.0000
6908.1726	17828.0000
6908.2139	17611.0000
6908.2551	17303.0000
6908.2964	16914.0000
6908.3377	16603.0000
6908.3790	16501.0000
6908.4203	16415.0000
6908.4615	16241.0000
6908.5028	16035.0000
6908.5441	15671.0000
6908.5854	15019.0000
6908.6267	14657.0000
6908.6680	14222.0000
6908.7093	13780.0000
6908.7505	13690.0000
6908.7918	13702.0000
6908.8330	13708.0000
6908.8743	13968.0000
6908.9156	14387.0000
6908.9568	14892.0000
6908.9981	15198.0000
6909.0393	14497.0000
6909.0806	12476.0000
6909.1218	9959.0000
6909.1631	8503.0000
6909.2043	9052.0000
6909.2455	11216.0000
6909.2868	14099.0000
6909.3280	16312.0000
6909.3693	17354.0000
6909.4105	17825.0000
6909.4517	18033.0000
6909.4930	17806.0000
6909.5342	17649.0000
6909.5754	17313.0000
6909.6167	16867.0000
6909.6579	16521.0000
6909.6992	16170.0000
6909.7404	16031.0000
6909.7816	15984.0000
6909.8229	15853.0000
6909.8641	15689.0000
6909.9053	14965.0000
6909.9465	13505.0000
6909.9877	11078.0000
6910.0289	8477.0000
6910.0701	7427.0000
6910.1113	8271.0000
6910.1525	10653.0000
6910.1937	13423.0000
6910.2349	15177.0000
6910.2761	16136.0000
6910.3173	16634.0000
6910.3585	16427.0000
6910.3997	16181.0000
6910.4409	15973.0000
6910.4821	15867.0000
6910.5233	15842.0000
6910.5645	16000.0000
6910.6057	16158.0000
6910.6469	16328.0000
6910.6880	16706.0000
6910.7293	16781.0000
6910.7705	16894.0000
6910.8117	17334.0000
6910.8528	18256.0000
6910.8940	19012.0000
6910.9352	19812.0000
6910.9764	20278.0000
6911.0175	20214.0000
6911.0587	19656.0000
6911.0999	18712.0000
6911.1410	18047.0000
6911.1822	17724.0000
6911.2233	17811.0000
6911.2645	18370.0000
6911.3057	18943.0000
6911.3468	19524.0000
6911.3880	19659.0000
6911.4291	19641.0000
6911.4703	19340.0000
6911.5114	18844.0000
6911.5525	18060.0000
6911.5937	17558.0000
6911.6348	17212.0000
6911.6760	17194.0000
6911.7171	17593.0000
6911.7582	18426.0000
6911.7995	19242.0000
6911.8406	20476.0000
6911.8817	21314.0000
6911.9229	21819.0000
6911.9640	22035.0000
6912.0051	22174.0000
6912.0462	21615.0000
6912.0874	21131.0000
6912.1285	20745.0000
6912.1696	20278.0000
6912.2107	19684.0000
6912.2518	19061.0000
6912.2930	18063.0000
6912.3341	17032.0000
6912.3752	16233.0000
6912.4163	16108.0000
6912.4574	16356.0000
6912.4985	16422.0000
6912.5396	16594.0000
6912.5807	16769.0000
6912.6218	16772.0000
6912.6629	16798.0000
6912.7040	17023.0000
6912.7451	17354.0000
6912.7862	17610.0000
6912.8273	18086.0000
6912.8685	18516.0000
6912.9095	19018.0000
6912.9506	19545.0000
6912.9917	19726.0000
6913.0328	20069.0000
6913.0739	20332.0000
6913.1150	20296.0000
6913.1560	20261.0000
6913.1971	20193.0000
6913.2382	20550.0000
6913.2793	21066.0000
6913.3203	22073.0000
6913.3614	23214.0000
6913.4025	24196.0000
6913.4435	24904.0000
6913.4846	25062.0000
6913.5256	24227.0000
6913.5667	22932.0000
6913.6078	21071.0000
6913.6488	19427.0000
6913.6899	17857.0000
6913.7309	15763.0000
6913.7720	13201.0000
6913.8130	11265.0000
6913.8541	11544.0000
6913.8952	13960.0000
6913.9363	16898.0000
6913.9773	18861.0000
6914.0183	19662.0000
6914.0594	19589.0000
6914.1004	18925.0000
6914.1415	18037.0000
6914.1825	17316.0000
6914.2235	17080.0000
6914.2645	17378.0000
6914.3056	18327.0000
6914.3466	19477.0000
6914.3876	20870.0000
6914.4286	21835.0000
6914.4697	21765.0000
6914.5107	20994.0000
6914.5517	19501.0000
6914.5927	17507.0000
6914.6337	14697.0000
6914.6747	11646.0000
6914.7158	9853.0000
6914.7568	10393.0000
6914.7978	14064.0000
6914.8388	17432.0000
6914.8798	20100.0000
6914.9208	21703.0000
6914.9619	22685.0000
6915.0029	23537.0000
6915.0439	23981.0000
6915.0849	24407.0000
6915.1259	24680.0000
6915.1669	24437.0000
6915.2078	23548.0000
6915.2488	22683.0000
6915.2898	21640.0000
6915.3308	20768.0000
6915.3718	20412.0000
6915.4128	20370.0000
6915.4537	20777.0000
6915.4947	20968.0000
6915.5357	21254.0000
6915.5767	21739.0000
6915.6176	21957.0000
6915.6586	22691.0000
6915.6996	23493.0000
6915.7406	23893.0000
6915.7815	24314.0000
6915.8225	23925.0000
6915.8634	22922.0000
6915.9044	22041.0000
6915.9454	20740.0000
6915.9863	19711.0000
6916.0274	18921.0000
6916.0683	18537.0000
6916.1093	18279.0000
6916.1502	18148.0000
6916.1912	18238.0000
6916.2321	18238.0000
6916.2731	18567.0000
6916.3140	18864.0000
6916.3549	19192.0000
6916.3959	19486.0000
6916.4368	19501.0000
6916.4778	19303.0000
6916.5187	18848.0000
6916.5596	18527.0000
6916.6006	18069.0000
6916.6415	17853.0000
6916.6824	17809.0000
6916.7233	18347.0000
6916.7643	19115.0000
6916.8052	20178.0000
6916.8461	21044.0000
6916.8870	21663.0000
6916.9279	21651.0000
6916.9688	21541.0000
6917.0098	21474.0000
6917.0508	21700.0000
6917.0917	22551.0000
6917.1326	23658.0000
6917.1735	25038.0000
6917.2144	26499.0000
6917.2553	27586.0000
6917.2962	28336.0000
6917.3371	28623.0000
6917.3780	28711.0000
6917.4189	28274.0000
6917.4598	27374.0000
6917.5007	26237.0000
6917.5416	24573.0000
6917.5825	22885.0000
6917.6233	21825.0000
6917.6642	21571.0000
6917.7051	21857.0000
6917.7460	22625.0000
6917.7869	23137.0000
6917.8277	23109.0000
6917.8686	22479.0000
6917.9095	21259.0000
6917.9504	19748.0000
6917.9912	18748.0000
6918.0321	18258.0000
6918.0730	17807.0000
6918.1139	18076.0000
6918.1548	18450.0000
6918.1957	19443.0000
6918.2365	20489.0000
6918.2774	21453.0000
6918.3182	22233.0000
6918.3591	22608.0000
6918.4000	22211.0000
6918.4408	21433.0000
6918.4817	20685.0000
6918.5225	20060.0000
6918.5633	19642.0000
6918.6042	19194.0000
6918.6450	17797.0000
6918.6859	15155.0000
6918.7267	12292.0000
6918.7676	10475.0000
6918.8084	10453.0000
6918.8492	11451.0000
6918.8901	12535.0000
6918.9309	13539.0000
6918.9717	14182.0000
6919.0125	14368.0000
6919.0534	14922.0000
6919.0942	15325.0000
6919.1350	15856.0000
6919.1759	16270.0000
6919.2168	16480.0000
6919.2576	16656.0000
6919.2984	16634.0000
6919.3392	16697.0000
6919.3800	16535.0000
6919.4208	16287.0000
6919.4616	16066.0000
6919.5024	15626.0000
6919.5432	14002.0000
6919.5840	11464.0000
6919.6248	10040.0000
6919.6656	10468.0000
6919.7064	12455.0000
6919.7472	14513.0000
6919.7880	16016.0000
6919.8288	16719.0000
6919.8696	16920.0000
6919.9104	16661.0000
6919.9512	16432.0000
6919.9920	16451.0000
6920.0328	16703.0000
6920.0735	17014.0000
6920.1143	17585.0000
6920.1551	18044.0000
6920.1959	18724.0000
6920.2367	19373.0000
6920.2775	19835.0000
6920.3183	19731.0000
6920.3591	19218.0000
6920.3998	18500.0000
6920.4406	17851.0000
6920.4814	17574.0000
6920.5221	17392.0000
6920.5629	17604.0000
6920.6036	18100.0000
6920.6444	18663.0000
6920.6852	19222.0000
6920.7259	19995.0000
6920.7667	20752.0000
6920.8074	21249.0000
6920.8482	21502.0000
6920.8889	21500.0000
6920.9296	20931.0000
6920.9704	19768.0000
6921.0111	18954.0000
6921.0519	18372.0000
6921.0926	18268.0000
6921.1333	18327.0000
6921.1741	18676.0000
6921.2148	19124.0000
6921.2556	19456.0000
6921.2964	19831.0000
6921.3371	19991.0000
6921.3778	19904.0000
6921.4186	19708.0000
6921.4593	19650.0000
6921.5000	19740.0000
6921.5407	19702.0000
6921.5814	19725.0000
6921.6221	19609.0000
6921.6629	19109.0000
6921.7036	18539.0000
6921.7443	17872.0000
6921.7850	17234.0000
6921.8257	16813.0000
6921.8664	16692.0000
6921.9071	16491.0000
6921.9478	16523.0000
6921.9885	16702.0000
6922.0292	16979.0000
6922.0699	17485.0000
6922.1106	18131.0000
6922.1513	18587.0000
6922.1920	18884.0000
6922.2327	19197.0000
6922.2734	19493.0000
6922.3141	19697.0000
6922.3548	19824.0000
6922.3955	19805.0000
6922.4362	19694.0000
6922.4769	19601.0000
6922.5175	19313.0000
6922.5582	18963.0000
6922.5989	18842.0000
6922.6396	18768.0000
6922.6802	18627.0000
6922.7209	18572.0000
6922.7616	18384.0000
6922.8022	18578.0000
6922.8429	18477.0000
6922.8836	18292.0000
6922.9242	18193.0000
6922.9649	17870.0000
6923.0055	17118.0000
6923.0462	16785.0000
6923.0868	16191.0000
6923.1275	16233.0000
6923.1681	16349.0000
6923.2088	16597.0000
6923.2494	16910.0000
6923.2901	17230.0000
6923.3307	17303.0000
6923.3715	17253.0000
6923.4121	17055.0000
6923.4527	16975.0000
6923.4934	17097.0000
6923.5340	17143.0000
6923.5746	17255.0000
6923.6153	17262.0000
6923.6559	17082.0000
6923.6965	16785.0000
6923.7371	16434.0000
6923.7778	16013.0000
6923.8184	14891.0000
6923.8590	13138.0000
6923.8996	11325.0000
6923.9402	10362.0000
6923.9809	10903.0000
6924.0215	12489.0000
6924.0621	14240.0000
6924.1027	15576.0000
6924.1433	16277.0000
6924.1839	16717.0000
6924.2245	17126.0000
6924.2651	17087.0000
6924.3057	16916.0000
6924.3463	16818.0000
6924.3869	16766.0000
6924.4276	16685.0000
6924.4682	16648.0000
6924.5088	16644.0000
6924.5494	16696.0000
6924.5900	16937.0000
6924.6305	17076.0000
6924.6711	16774.0000
6924.7117	15814.0000
6924.7523	13780.0000
6924.7929	12187.0000
6924.8335	12143.0000
6924.8740	13554.0000
6924.9146	15575.0000
6924.9552	17640.0000
6924.9957	18916.0000
6925.0363	19642.0000
6925.0769	20395.0000
6925.1174	20662.0000
6925.1580	21102.0000
6925.1986	21272.0000
6925.2391	21372.0000
6925.2797	21586.0000
6925.3202	21651.0000
6925.3608	21364.0000
6925.4014	20945.0000
6925.4419	20663.0000
6925.4826	20120.0000
6925.5231	19933.0000
6925.5637	20370.0000
6925.6042	20621.0000
6925.6447	21086.0000
6925.6853	21470.0000
6925.7258	21572.0000
6925.7664	21442.0000
6925.8069	21034.0000
6925.8474	20452.0000
6925.8880	19954.0000
6925.9285	19419.0000
6925.9690	19022.0000
6926.0095	18691.0000
6926.0501	18431.0000
6926.0906	18160.0000
6926.1311	17999.0000
6926.1716	17696.0000
6926.2122	17648.0000
6926.2527	17477.0000
6926.2932	17585.0000
6926.3337	17861.0000
6926.3742	18304.0000
6926.4147	18826.0000
6926.4552	19196.0000
6926.4957	19801.0000
6926.5363	20138.0000
6926.5768	20396.0000
6926.6173	20332.0000
6926.6578	20352.0000
6926.6983	20058.0000
6926.7388	19735.0000
6926.7793	19517.0000
6926.8198	19543.0000
6926.8603	19664.0000
6926.9008	20103.0000
6926.9413	20467.0000
6926.9818	20567.0000
6927.0222	20644.0000
6927.0627	20581.0000
6927.1032	20292.0000
6927.1437	20300.0000
6927.1842	20274.0000
6927.2246	20583.0000
6927.2651	20972.0000
6927.3056	21066.0000
6927.3461	20754.0000
6927.3865	21076.0000
6927.4270	21192.0000
6927.4675	21409.0000
6927.5079	21877.0000
6927.5484	22124.0000
6927.5889	22044.0000
6927.6294	21876.0000
6927.6698	21383.0000
6927.7103	20564.0000
6927.7508	19772.0000
6927.7912	19660.0000
6927.8316	19865.0000
6927.8721	20237.0000
6927.9125	20864.0000
6927.9530	21432.0000
6927.9934	21351.0000
6928.0339	21004.0000
6928.0743	20200.0000
6928.1147	19672.0000
6928.1552	19100.0000
6928.1956	19059.0000
6928.2360	18821.0000
6928.2765	18835.0000
6928.3169	19190.0000
6928.3573	19928.0000
6928.3977	20820.0000
6928.4382	22041.0000
6928.4786	23266.0000
6928.5190	24396.0000
6928.5594	25021.0000
6928.5998	25255.0000
6928.6404	25296.0000
6928.6808	24831.0000
6928.7212	24057.0000
6928.7616	23555.0000
6928.8020	22932.0000
6928.8424	22625.0000
6928.8828	22231.0000
6928.9232	22399.0000
6928.9636	22692.0000
6929.0040	22857.0000
6929.0444	23279.0000
6929.0848	23703.0000
6929.1252	24032.0000
6929.1656	23936.0000
6929.2060	23935.0000
6929.2463	23089.0000
6929.2867	21130.0000
6929.3271	18906.0000
6929.3675	17606.0000
6929.4079	17652.0000
6929.4483	18584.0000
6929.4886	19557.0000
6929.5290	20127.0000
6929.5694	20007.0000
6929.6098	19932.0000
6929.6501	19375.0000
6929.6906	18672.0000
6929.7310	18331.0000
6929.7713	18663.0000
6929.8117	19128.0000
6929.8520	19401.0000
6929.8924	19224.0000
6929.9328	18746.0000
6929.9731	18563.0000
6930.0135	18542.0000
6930.0538	18405.0000
6930.0942	18086.0000
6930.1345	16856.0000
6930.1749	15306.0000
6930.2152	14116.0000
6930.2556	14172.0000
6930.2959	15411.0000
6930.3362	16643.0000
6930.3766	17192.0000
6930.4169	17150.0000
6930.4573	16594.0000
6930.4976	16180.0000
6930.5379	16056.0000
6930.5782	16197.0000
6930.6186	16322.0000
6930.6589	16554.0000
6930.6992	16597.0000
6930.7396	16676.0000
6930.7800	16804.0000
6930.8203	16872.0000
6930.8606	17037.0000
6930.9009	16791.0000
6930.9412	16629.0000
6930.9815	16731.0000
6931.0219	16725.0000
6931.0622	16861.0000
6931.1025	16959.0000
6931.1428	17011.0000
6931.1831	16552.0000
6931.2234	16223.0000
6931.2637	15862.0000
6931.3040	15678.0000
6931.3443	15652.0000
6931.3846	15877.0000
6931.4249	16133.0000
6931.4652	16177.0000
6931.5054	16443.0000
6931.5457	16285.0000
6931.5860	16034.0000
6931.6263	15872.0000
6931.6666	15628.0000
6931.7069	15497.0000
6931.7472	15547.0000
6931.7875	15483.0000
6931.8278	15602.0000
6931.8681	15368.0000
6931.9083	15233.0000
6931.9486	14915.0000
6931.9889	14949.0000
6932.0292	15255.0000
6932.0694	15736.0000
6932.1097	16067.0000
6932.1499	16327.0000
6932.1902	16645.0000
6932.2305	16608.0000
6932.2707	16505.0000
6932.3110	16151.0000
6932.3512	15872.0000
6932.3915	15465.0000
6932.4317	15614.0000
6932.4720	16014.0000
6932.5122	16282.0000
6932.5525	16455.0000
6932.5927	16482.0000
6932.6330	16241.0000
6932.6732	16041.0000
6932.7134	15858.0000
6932.7537	15684.0000
6932.7939	15773.0000
6932.8342	16019.0000
6932.8745	16226.0000
6932.9147	16423.0000
6932.9549	16652.0000
6932.9951	16750.0000
6933.0354	16748.0000
6933.0756	16887.0000
6933.1158	17048.0000
6933.1560	17052.0000
6933.1962	17265.0000
6933.2365	17283.0000
6933.2767	17421.0000
6933.3169	17769.0000
6933.3571	17868.0000
6933.3973	17967.0000
6933.4375	17941.0000
6933.4777	17747.0000
6933.5179	17853.0000
6933.5581	17774.0000
6933.5983	17646.0000
6933.6385	17866.0000
6933.6787	17964.0000
6933.7189	18020.0000
6933.7591	18262.0000
6933.7993	18689.0000
6933.8395	19368.0000
6933.8796	19883.0000
6933.9199	20450.0000
6933.9601	20915.0000
6934.0003	20935.0000
6934.0405	20438.0000
6934.0807	19629.0000
6934.1208	18854.0000
6934.1610	17737.0000
6934.2012	17002.0000
6934.2413	16570.0000
6934.2815	16324.0000
6934.3217	16487.0000
6934.3619	16531.0000
6934.4020	16364.0000
6934.4422	16104.0000
6934.4823	16222.0000
6934.5225	16709.0000
6934.5627	17172.0000
6934.6028	17639.0000
6934.6430	17801.0000
6934.6831	17633.0000
6934.7233	17596.0000
6934.7634	17403.0000
6934.8036	17538.0000
6934.8437	17418.0000
6934.8838	17470.0000
6934.9240	17595.0000
6934.9642	17253.0000
6935.0044	16673.0000
6935.0445	15972.0000
6935.0846	15879.0000
6935.1248	16405.0000
6935.1649	16852.0000
6935.2050	17274.0000
6935.2452	17492.0000
6935.2853	17590.0000
6935.3254	17685.0000
6935.3655	17916.0000
6935.4056	18165.0000
6935.4458	18515.0000
6935.4859	18997.0000
6935.5260	19216.0000
6935.5661	19629.0000
6935.6062	19656.0000
6935.6463	19697.0000
6935.6864	19499.0000
6935.7265	19451.0000
6935.7667	19261.0000
6935.8068	18813.0000
6935.8469	17948.0000
6935.8870	16950.0000
6935.9271	16439.0000
6935.9671	16480.0000
6936.0073	16802.0000
6936.0474	16858.0000
6936.0875	17081.0000
6936.1276	17201.0000
6936.1677	16997.0000
6936.2078	17112.0000
6936.2479	17309.0000
6936.2880	17398.0000
6936.3280	17354.0000
6936.3681	17228.0000
6936.4082	17115.0000
6936.4483	16848.0000
6936.4883	16660.0000
6936.5284	16656.0000
6936.5685	17095.0000
6936.6085	17192.0000
6936.6486	17546.0000
6936.6887	17738.0000
6936.7287	17805.0000
6936.7688	17722.0000
6936.8089	17437.0000
6936.8489	17269.0000
6936.8890	17142.0000
6936.9290	17285.0000
6936.9691	17259.0000
6937.0091	17225.0000
6937.0493	17143.0000
6937.0893	16933.0000
6937.1294	16804.0000
6937.1694	17034.0000
6937.2095	17218.0000
6937.2495	17513.0000
6937.2895	17707.0000
6937.3296	18047.0000
6937.3696	18501.0000
6937.4096	18663.0000
6937.4497	18961.0000
6937.4897	19118.0000
6937.5297	18897.0000
6937.5698	19013.0000
6937.6098	18941.0000
6937.6498	18691.0000
6937.6898	18338.0000
6937.7298	18091.0000
6937.7699	17896.0000
6937.8099	18024.0000
6937.8499	18030.0000
6937.8899	18293.0000
6937.9299	18413.0000
6937.9699	18487.0000
6938.0099	18381.0000
6938.0499	18217.0000
6938.0899	17983.0000
6938.1300	17783.0000
6938.1700	17429.0000
6938.2100	16808.0000
6938.2500	15826.0000
6938.2900	14649.0000
6938.3300	13908.0000
6938.3700	14358.0000
6938.4100	15408.0000
6938.4500	16503.0000
6938.4900	17622.0000
6938.5300	17816.0000
6938.5699	18129.0000
6938.6099	18240.0000
6938.6499	18281.0000
6938.6899	18373.0000
6938.7299	18629.0000
6938.7698	18444.0000
6938.8098	18117.0000
6938.8498	17505.0000
6938.8897	17129.0000
6938.9297	17007.0000
6938.9697	17508.0000
6939.0096	18289.0000
6939.0496	19000.0000
6939.0896	19693.0000
6939.1295	20360.0000
6939.1696	20414.0000
6939.2095	20240.0000
6939.2495	19554.0000
6939.2894	18781.0000
6939.3294	18149.0000
6939.3693	17828.0000
6939.4093	17811.0000
6939.4492	17925.0000
6939.4892	18203.0000
6939.5291	18438.0000
6939.5690	18620.0000
6939.6090	18570.0000
6939.6489	18335.0000
6939.6888	18389.0000
6939.7288	18702.0000
6939.7687	19003.0000
6939.8086	19345.0000
6939.8486	19639.0000
6939.8885	19636.0000
6939.9284	19280.0000
6939.9683	18690.0000
6940.0082	18055.0000
6940.0482	17497.0000
6940.0881	17067.0000
6940.1280	16670.0000
6940.1679	16312.0000
6940.2079	15639.0000
6940.2478	15399.0000
6940.2877	16007.0000
6940.3276	16902.0000
6940.3675	17751.0000
6940.4074	18370.0000
6940.4473	18735.0000
6940.4872	18387.0000
6940.5271	18088.0000
6940.5670	17874.0000
6940.6069	17774.0000
6940.6468	17823.0000
6940.6867	17752.0000
6940.7266	17219.0000
6940.7665	16315.0000
6940.8064	15564.0000
6940.8463	15693.0000
6940.8861	16452.0000
6940.9260	17290.0000
6940.9659	17891.0000
6941.0058	18014.0000
6941.0456	18340.0000
6941.0855	19171.0000
6941.1254	19750.0000
6941.1653	20392.0000
6941.2051	21023.0000
6941.2450	21466.0000
6941.2850	21617.0000
6941.3248	21200.0000
6941.3647	20875.0000
6941.4045	20307.0000
6941.4444	19529.0000
6941.4842	18967.0000
6941.5241	18757.0000
6941.5640	18148.0000
6941.6038	17553.0000
6941.6437	17170.0000
6941.6835	16683.0000
6941.7233	16258.0000
6941.7632	15581.0000
6941.8030	14952.0000
6941.8429	14732.0000
6941.8827	15118.0000
6941.9225	16015.0000
6941.9624	17005.0000
6942.0022	17600.0000
6942.0420	18204.0000
6942.0819	18437.0000
6942.1217	18499.0000
6942.1615	18280.0000
6942.2013	18302.0000
6942.2412	18255.0000
6942.2810	18193.0000
6942.3209	18427.0000
6942.3607	18717.0000
6942.4005	19355.0000
6942.4403	19620.0000
6942.4802	20120.0000
6942.5200	20201.0000
6942.5598	20071.0000
6942.5996	19730.0000
6942.6394	18777.0000
6942.6792	17571.0000
6942.7190	16328.0000
6942.7588	15411.0000
6942.7986	15094.0000
6942.8384	15769.0000
6942.8782	17056.0000
6942.9180	17975.0000
6942.9578	18263.0000
6942.9976	18352.0000
6943.0373	18398.0000
6943.0771	18911.0000
6943.1169	19408.0000
6943.1567	19723.0000
6943.1965	19914.0000
6943.2362	20055.0000
6943.2760	20044.0000
6943.3158	20210.0000
6943.3556	20620.0000
6943.3954	21121.0000
6943.4352	21407.0000
6943.4750	21794.0000
6943.5147	21797.0000
6943.5545	21585.0000
6943.5943	21102.0000
6943.6340	20684.0000
6943.6738	20084.0000
6943.7136	19265.0000
6943.7533	18571.0000
6943.7931	18150.0000
6943.8328	17874.0000
6943.8726	17813.0000
6943.9123	17980.0000
6943.9521	18067.0000
6943.9918	18422.0000
6944.0315	18899.0000
6944.0713	19150.0000
6944.1110	19369.0000
6944.1508	19531.0000
6944.1905	19683.0000
6944.2302	19576.0000
6944.2700	19347.0000
6944.3097	18425.0000
6944.3494	17056.0000
6944.3892	15663.0000
6944.4290	14934.0000
6944.4687	15333.0000
6944.5084	16723.0000
6944.5482	18449.0000
6944.5879	19759.0000
6944.6276	20841.0000
6944.6673	21487.0000
6944.7070	21865.0000
6944.7467	21941.0000
6944.7864	22076.0000
6944.8262	21501.0000
6944.8659	20761.0000
6944.9056	20040.0000
6944.9453	19320.0000
6944.9850	18975.0000
6945.0247	18714.0000
6945.0644	19021.0000
6945.1041	19525.0000
6945.1438	20013.0000
6945.1834	20483.0000
6945.2231	20857.0000
6945.2628	21098.0000
6945.3025	21104.0000
6945.3422	21210.0000
6945.3819	21293.0000
6945.4216	21629.0000
6945.4612	21605.0000
6945.5010	21796.0000
6945.5407	21757.0000
6945.5804	21530.0000
6945.6201	21511.0000
6945.6597	21117.0000
6945.6994	20783.0000
6945.7391	20436.0000
6945.7787	20006.0000
6945.8184	19766.0000
6945.8581	19429.0000
6945.8977	19184.0000
6945.9374	19345.0000
6945.9770	19133.0000
6946.0167	19155.0000
6946.0564	19335.0000
6946.0960	19688.0000
6946.1357	19717.0000
6946.1753	19895.0000
6946.2150	20207.0000
6946.2546	20270.0000
6946.2942	20361.0000
6946.3339	20072.0000
6946.3735	20197.0000
6946.4132	19938.0000
6946.4528	19489.0000
6946.4924	19169.0000
6946.5322	18843.0000
6946.5718	18752.0000
6946.6114	18489.0000
6946.6511	18737.0000
6946.6907	18920.0000
6946.7303	19194.0000
6946.7699	19631.0000
6946.8096	20243.0000
6946.8492	21149.0000
6946.8888	21686.0000
6946.9284	22223.0000
6946.9680	22744.0000
6947.0076	22898.0000
6947.0472	22768.0000
6947.0869	22270.0000
6947.1265	21641.0000
6947.1661	20939.0000
6947.2057	20471.0000
6947.2453	20064.0000
6947.2849	19959.0000
6947.3245	19935.0000
6947.3641	19933.0000
6947.4037	20088.0000
6947.4433	20077.0000
6947.4828	20245.0000
6947.5224	20945.0000
6947.5620	21738.0000
6947.6017	22437.0000
6947.6413	23108.0000
6947.6809	23261.0000
6947.7205	23111.0000
6947.7600	22532.0000
6947.7996	21919.0000
6947.8392	21345.0000
6947.8788	20663.0000
6947.9183	20014.0000
6947.9579	19429.0000
6947.9975	18530.0000
6948.0370	17437.0000
6948.0766	16009.0000
6948.1162	14467.0000
6948.1557	13531.0000
6948.1953	13836.0000
6948.2349	14913.0000
6948.2744	16494.0000
6948.3140	18158.0000
6948.3535	19395.0000
6948.3931	20128.0000
6948.4326	20907.0000
6948.4722	21102.0000
6948.5117	21182.0000
6948.5513	21284.0000
6948.5908	21576.0000
6948.6304	21675.0000
6948.6700	21608.0000
6948.7095	21450.0000
6948.7491	20953.0000
6948.7886	20588.0000
6948.8281	20243.0000
6948.8677	20145.0000
6948.9072	20137.0000
6948.9467	20315.0000
6948.9862	20394.0000
6949.0258	20741.0000
6949.0653	20883.0000
6949.1048	21253.0000
6949.1443	21787.0000
6949.1838	21786.0000
6949.2234	21406.0000
6949.2629	20933.0000
6949.3024	19750.0000
6949.3419	19166.0000
6949.3814	18712.0000
6949.4209	18760.0000
6949.4604	18459.0000
6949.4999	18621.0000
6949.5394	18175.0000
6949.5789	17701.0000
6949.6184	17100.0000
6949.6579	16673.0000
6949.6975	16617.0000
6949.7370	17270.0000
6949.7765	18257.0000
6949.8160	19254.0000
6949.8555	20140.0000
6949.8949	20556.0000
6949.9344	20912.0000
6949.9739	21084.0000
6950.0134	21209.0000
6950.0529	21197.0000
6950.0923	21037.0000
6950.1318	21178.0000
6950.1713	21719.0000
6950.2108	22452.0000
6950.2502	23352.0000
6950.2897	24321.0000
6950.3292	25391.0000
6950.3686	25858.0000
6950.4081	26309.0000
6950.4476	26102.0000
6950.4870	25572.0000
6950.5265	24792.0000
6950.5659	23959.0000
6950.6054	23148.0000
6950.6448	22050.0000
6950.6843	21389.0000
6950.7237	20552.0000
6950.7633	19856.0000
6950.8027	19516.0000
6950.8422	19323.0000
6950.8816	19404.0000
6950.9210	19668.0000
6950.9605	20544.0000
6950.9999	21436.0000
6951.0394	22517.0000
6951.0788	23638.0000
6951.1182	24376.0000
6951.1576	24776.0000
6951.1971	24743.0000
6951.2365	24563.0000
6951.2759	23855.0000
6951.3154	22692.0000
6951.3548	21700.0000
6951.3942	20890.0000
6951.4336	20450.0000
6951.4730	20150.0000
6951.5124	19875.0000
6951.5518	19373.0000
6951.5913	18896.0000
6951.6307	18875.0000
6951.6701	18778.0000
6951.7095	19231.0000
6951.7489	20094.0000
6951.7884	20776.0000
6951.8278	21443.0000
6951.8672	22135.0000
6951.9066	22311.0000
6951.9460	22373.0000
6951.9854	22156.0000
6952.0248	21619.0000
6952.0641	21485.0000
6952.1035	21394.0000
6952.1429	21168.0000
6952.1823	21062.0000
6952.2217	21240.0000
6952.2611	21169.0000
6952.3004	21063.0000
6952.3398	20824.0000
6952.3792	20181.0000
6952.4186	19527.0000
6952.4579	18943.0000
6952.4973	18776.0000
6952.5367	18988.0000
6952.5760	19374.0000
6952.6154	19964.0000
6952.6548	20500.0000
6952.6941	21150.0000
6952.7335	21512.0000
6952.7729	21379.0000
6952.8122	21179.0000
6952.8517	21302.0000
6952.8910	21423.0000
6952.9304	21708.0000
6952.9697	22283.0000
6953.0091	22973.0000
6953.0484	23354.0000
6953.0878	23597.0000
6953.1271	23295.0000
6953.1664	22776.0000
6953.2058	21714.0000
6953.2451	20826.0000
6953.2844	19969.0000
6953.3238	19663.0000
6953.3631	19558.0000
6953.4024	19741.0000
6953.4418	19789.0000
6953.4811	20255.0000
6953.5204	20456.0000
6953.5597	20572.0000
6953.5991	20745.0000
6953.6384	20586.0000
6953.6777	20532.0000
6953.7170	20567.0000
6953.7563	20602.0000
6953.7956	20505.0000
6953.8350	20359.0000
6953.8743	20336.0000
6953.9137	20109.0000
6953.9530	19766.0000
6953.9923	19555.0000
6954.0316	19245.0000
6954.0709	18734.0000
6954.1102	18009.0000
6954.1495	17076.0000
6954.1888	16588.0000
6954.2281	16556.0000
6954.2674	16969.0000
6954.3067	17499.0000
6954.3459	18295.0000
6954.3852	18963.0000
6954.4245	19393.0000
6954.4638	20022.0000
6954.5031	20804.0000
6954.5424	21573.0000
6954.5816	22078.0000
6954.6209	22707.0000
6954.6602	23198.0000
6954.6995	23446.0000
6954.7387	23511.0000
6954.7780	22979.0000
6954.8173	22344.0000
6954.8565	21759.0000
6954.8958	21244.0000
6954.9351	21036.0000
6954.9744	21380.0000
6955.0137	21776.0000
6955.0529	22304.0000
6955.0922	22816.0000
6955.1314	23022.0000
6955.1707	22943.0000
6955.2099	22792.0000
6955.2492	22636.0000
6955.2884	22488.0000
6955.3277	22761.0000
6955.3669	23175.0000
6955.4062	23887.0000
6955.4454	24828.0000
6955.4846	26431.0000
6955.5239	27666.0000
6955.5631	28509.0000
6955.6023	28760.0000
6955.6416	27883.0000
6955.6808	26014.0000
6955.7200	24058.0000
6955.7593	22391.0000
6955.7985	21429.0000
6955.8377	20965.0000
6955.8769	21265.0000
6955.9161	22032.0000
6955.9554	22808.0000
6955.9947	23136.0000
6956.0339	23116.0000
6956.0731	22716.0000
6956.1123	22013.0000
6956.1515	21157.0000
6956.1907	20325.0000
6956.2299	19776.0000
6956.2691	19682.0000
6956.3083	19850.0000
6956.3475	20474.0000
6956.3867	21234.0000
6956.4259	22155.0000
6956.4651	22840.0000
6956.5043	23243.0000
6956.5435	23264.0000
6956.5827	23102.0000
6956.6219	22508.0000
6956.6611	21808.0000
6956.7002	21138.0000
6956.7394	20738.0000
6956.7786	20869.0000
6956.8178	20931.0000
6956.8570	20956.0000
6956.8961	20617.0000
6956.9353	19561.0000
6956.9745	17568.0000
6957.0136	15689.0000
6957.0529	14310.0000
6957.0921	14093.0000
6957.1312	14682.0000
6957.1704	15921.0000
6957.2096	17442.0000
6957.2487	19036.0000
6957.2879	20135.0000
6957.3270	21096.0000
6957.3662	21492.0000
6957.4053	21518.0000
6957.4445	21111.0000
6957.4836	20792.0000
6957.5228	20380.0000
6957.5619	19915.0000
6957.6011	19713.0000
6957.6402	19717.0000
6957.6794	20161.0000
6957.7185	20873.0000
6957.7576	21435.0000
6957.7968	22033.0000
6957.8359	22873.0000
6957.8750	23065.0000
6957.9142	22875.0000
6957.9533	22257.0000
6957.9924	21571.0000
6958.0315	20711.0000
6958.0707	20103.0000
6958.1099	19934.0000
6958.1490	20192.0000
6958.1881	20768.0000
6958.2272	21362.0000
6958.2663	21927.0000
6958.3055	21923.0000
6958.3446	21719.0000
6958.3837	21159.0000
6958.4228	20510.0000
6958.4619	20127.0000
6958.5010	19694.0000
6958.5401	19542.0000
6958.5792	19790.0000
6958.6183	20113.0000
6958.6574	20736.0000
6958.6965	21287.0000
6958.7356	21812.0000
6958.7747	22178.0000
6958.8138	22202.0000
6958.8528	21652.0000
6958.8919	21060.0000
6958.9310	20553.0000
6958.9701	19770.0000
6959.0092	19344.0000
6959.0483	19128.0000
6959.0873	19123.0000
6959.1264	19028.0000
6959.1656	19374.0000
6959.2047	19949.0000
6959.2437	20014.0000
6959.2828	20221.0000
6959.3219	20398.0000
6959.3609	20097.0000
6959.4000	19755.0000
6959.4390	19519.0000
6959.4781	19669.0000
6959.5172	19772.0000
6959.5562	20067.0000
6959.5953	20338.0000
6959.6343	20831.0000
6959.6734	20775.0000
6959.7124	20990.0000
6959.7515	21103.0000
6959.7905	21388.0000
6959.8296	21407.0000
6959.8686	21451.0000
6959.9076	21324.0000
6959.9467	20751.0000
6959.9857	19362.0000
6960.0248	17808.0000
6960.0638	16819.0000
6960.1028	16552.0000
6960.1419	16918.0000
6960.1809	17814.0000
6960.2200	18769.0000
6960.2590	19289.0000
6960.2981	19387.0000
6960.3371	19629.0000
6960.3761	19490.0000
6960.4151	19386.0000
6960.4541	18973.0000
6960.4931	18550.0000
6960.5322	18196.0000
6960.5712	18167.0000
6960.6102	18316.0000
6960.6492	18501.0000
6960.6882	18839.0000
6960.7272	19421.0000
6960.7662	20026.0000
6960.8052	21108.0000
6960.8442	22126.0000
6960.8832	22920.0000
6960.9222	23732.0000
6960.9612	24297.0000
6961.0002	24914.0000
6961.0392	25056.0000
6961.0782	24750.0000
6961.1171	24195.0000
6961.1561	23623.0000
6961.1951	22740.0000
6961.2341	22025.0000
6961.2732	21292.0000
6961.3121	20845.0000
6961.3511	20642.0000
6961.3901	20609.0000
6961.4291	20556.0000
6961.4680	20532.0000
6961.5070	20543.0000
6961.5460	20580.0000
6961.5849	20495.0000
6961.6239	20353.0000
6961.6629	20443.0000
6961.7018	20238.0000
6961.7408	19855.0000
6961.7797	18921.0000
6961.8187	17287.0000
6961.8576	16025.0000
6961.8966	15852.0000
6961.9355	16663.0000
6961.9745	17571.0000
6962.0134	18495.0000
6962.0524	18999.0000
6962.0913	19067.0000
6962.1303	18810.0000
6962.1692	18685.0000
6962.2081	18533.0000
6962.2471	18730.0000
6962.2860	18984.0000
6962.3250	19392.0000
6962.3640	20139.0000
6962.4029	21315.0000
6962.4418	22258.0000
6962.4808	23152.0000
6962.5197	23886.0000
6962.5586	24477.0000
6962.5975	24595.0000
6962.6364	24720.0000
6962.6754	24535.0000
6962.7143	24858.0000
6962.7532	24278.0000
6962.7921	23682.0000
6962.8310	23100.0000
6962.8699	22507.0000
6962.9088	22098.0000
6962.9477	21932.0000
6962.9866	22281.0000
6963.0255	22821.0000
6963.0644	23216.0000
6963.1033	23266.0000
6963.1422	23586.0000
6963.1811	23519.0000
6963.2200	22964.0000
6963.2589	22567.0000
6963.2978	22103.0000
6963.3367	21534.0000
6963.3757	21253.0000
6963.4145	21177.0000
6963.4534	21290.0000
6963.4923	21213.0000
6963.5312	21190.0000
6963.5701	20919.0000
6963.6089	20826.0000
6963.6478	21167.0000
6963.6867	21541.0000
6963.7256	22314.0000
6963.7644	23345.0000
6963.8033	24613.0000
6963.8421	25390.0000
6963.8810	25940.0000
6963.9199	26090.0000
6963.9587	26103.0000
6963.9976	26416.0000
6964.0364	26592.0000
6964.0753	26628.0000
6964.1142	26302.0000
6964.1530	26121.0000
6964.1918	25254.0000
6964.2307	24092.0000
6964.2695	22887.0000
6964.3084	21986.0000
6964.3472	21023.0000
6964.3861	20681.0000
6964.4250	20531.0000
6964.4638	20469.0000
6964.5027	20566.0000
6964.5415	20685.0000
6964.5803	20671.0000
6964.6192	20856.0000
6964.6580	20767.0000
6964.6968	20711.0000
6964.7356	20679.0000
6964.7745	20650.0000
6964.8133	20550.0000
6964.8521	20583.0000
6964.8909	20654.0000
6964.9297	21005.0000
6964.9686	21411.0000
6965.0074	21780.0000
6965.0462	21708.0000
6965.0850	21393.0000
6965.1238	21017.0000
6965.1626	20375.0000
6965.2014	19936.0000
6965.2402	19982.0000
6965.2790	20352.0000
6965.3178	20465.0000
6965.3566	20741.0000
6965.3954	21141.0000
6965.4342	21346.0000
6965.4731	21726.0000
6965.5119	22141.0000
6965.5507	22767.0000
6965.5894	23196.0000
6965.6282	23203.0000
6965.6670	23424.0000
6965.7058	23541.0000
6965.7446	23592.0000
6965.7833	24324.0000
6965.8221	25253.0000
6965.8609	26296.0000
6965.8997	27194.0000
6965.9384	27643.0000
6965.9772	27811.0000
6966.0160	27613.0000
6966.0547	27230.0000
6966.0935	26940.0000
6966.1323	26213.0000
6966.1710	25947.0000
6966.2098	25722.0000
6966.2485	25108.0000
6966.2873	24569.0000
6966.3260	23823.0000
6966.3648	22970.0000
6966.4035	21872.0000
6966.4423	21131.0000
6966.4810	20315.0000
6966.5198	19844.0000
6966.5586	19685.0000
6966.5974	19628.0000
6966.6361	19849.0000
6966.6748	19776.0000
6966.7136	20020.0000
6966.7523	19970.0000
6966.7910	19752.0000
6966.8298	19905.0000
6966.8685	19833.0000
6966.9072	20190.0000
6966.9459	20967.0000
6966.9847	21662.0000
6967.0234	22675.0000
6967.0621	23456.0000
6967.1008	24029.0000
6967.1395	24329.0000
6967.1783	24178.0000
6967.2170	24074.0000
6967.2557	23337.0000
6967.2944	22857.0000
6967.3331	22130.0000
6967.3718	21768.0000
6967.4105	21372.0000
6967.4492	21227.0000
6967.4879	21335.0000
6967.5266	21611.0000
6967.5653	22076.0000
6967.6041	22686.0000
6967.6428	23344.0000
6967.6815	23787.0000
6967.7202	24095.0000
6967.7589	24256.0000
6967.7975	24425.0000
6967.8362	24732.0000
6967.8749	24935.0000
6967.9136	25089.0000
6967.9523	25220.0000
6967.9910	24853.0000
6968.0296	24101.0000
6968.0683	23581.0000
6968.1070	22676.0000
6968.1456	22154.0000
6968.1843	21713.0000
6968.2230	21167.0000
6968.2616	21354.0000
6968.3003	21101.0000
6968.3390	21065.0000
6968.3776	21312.0000
6968.4163	21357.0000
6968.4550	21337.0000
6968.4936	21357.0000
6968.5323	21384.0000
6968.5709	21557.0000
6968.6096	21717.0000
6968.6483	21910.0000
6968.6870	22313.0000
6968.7256	22582.0000
6968.7642	23050.0000
6968.8029	23334.0000
6968.8415	23367.0000
6968.8802	23145.0000
6968.9188	22848.0000
6968.9574	22270.0000
6968.9961	21659.0000
6969.0347	21209.0000
6969.0733	21014.0000
6969.1119	20910.0000
6969.1506	21310.0000
6969.1892	21948.0000
6969.2278	22615.0000
6969.2664	23165.0000
6969.3051	23551.0000
6969.3437	24135.0000
6969.3823	24282.0000
6969.4209	24729.0000
6969.4595	24922.0000
6969.4981	24551.0000
6969.5367	24079.0000
6969.5753	23563.0000
6969.6139	22586.0000
6969.6525	22018.0000
6969.6912	21381.0000
6969.7298	20782.0000
6969.7684	20334.0000
6969.8070	19969.0000
6969.8456	19891.0000
6969.8842	19679.0000
6969.9228	19347.0000
6969.9614	19164.0000
6970.0000	18761.0000
6970.0386	18368.0000
6970.0772	18267.0000
6970.1157	18159.0000
6970.1543	18521.0000
6970.1929	18918.0000
6970.2315	19501.0000
6970.2701	20070.0000
6970.3086	20875.0000
6970.3472	21454.0000
6970.3858	21827.0000
6970.4243	22489.0000
6970.4629	23000.0000
6970.5015	23398.0000
6970.5400	24256.0000
6970.5786	24653.0000
6970.6171	25187.0000
6970.6557	25540.0000
6970.6943	25311.0000
6970.7329	24985.0000
6970.7715	24084.0000
6970.8100	23178.0000
6970.8486	22187.0000
6970.8871	21526.0000
6970.9257	21385.0000
6970.9642	21700.0000
6971.0027	22382.0000
6971.0413	22875.0000
6971.0798	23226.0000
6971.1184	23401.0000
6971.1569	23458.0000
6971.1954	23421.0000
6971.2340	23065.0000
6971.2725	22684.0000
6971.3110	22592.0000
6971.3495	22305.0000
6971.3881	21915.0000
6971.4266	21574.0000
6971.4651	21520.0000
6971.5036	21659.0000
6971.5421	21964.0000
6971.5807	22329.0000
6971.6192	22328.0000
6971.6577	22057.0000
6971.6962	21675.0000
6971.7347	21198.0000
6971.7732	20763.0000
6971.8118	20344.0000
6971.8503	20230.0000
6971.8888	20389.0000
6971.9273	20558.0000
6971.9658	20593.0000
6972.0043	20663.0000
6972.0428	20581.0000
6972.0813	20593.0000
6972.1198	20916.0000
6972.1583	21249.0000
6972.1968	21596.0000
6972.2353	21901.0000
6972.2737	22045.0000
6972.3122	22199.0000
6972.3507	22286.0000
6972.3892	22434.0000
6972.4277	22539.0000
6972.4661	22708.0000
6972.5046	22664.0000
6972.5431	22384.0000
6972.5815	21883.0000
6972.6200	21688.0000
6972.6585	21672.0000
6972.6969	21616.0000
6972.7354	21667.0000
6972.7739	22066.0000
6972.8123	22147.0000
6972.8509	22203.0000
6972.8893	22486.0000
6972.9278	23013.0000
6972.9663	23246.0000
6973.0047	23559.0000
6973.0432	23710.0000
6973.0816	23924.0000
6973.1200	23505.0000
6973.1585	23270.0000
6973.1969	22681.0000
6973.2354	21886.0000
6973.2738	21725.0000
6973.3123	21632.0000
6973.3507	21219.0000
6973.3891	21177.0000
6973.4276	20923.0000
6973.4660	20645.0000
6973.5044	20423.0000
6973.5428	20366.0000
6973.5813	20611.0000
6973.6197	20849.0000
6973.6581	21031.0000
6973.6965	21128.0000
6973.7349	20900.0000
6973.7734	20804.0000
6973.8118	20460.0000
6973.8502	20248.0000
6973.8886	20378.0000
6973.9271	20733.0000
6973.9655	21375.0000
6974.0039	22151.0000
6974.0423	23173.0000
6974.0807	24474.0000
6974.1191	25216.0000
6974.1575	25442.0000
6974.1959	25258.0000
6974.2343	24921.0000
6974.2727	24469.0000
6974.3111	24098.0000
6974.3495	23596.0000
6974.3879	23133.0000
6974.4263	22984.0000
6974.4647	22897.0000
6974.5030	22935.0000
6974.5414	22988.0000
6974.5798	22980.0000
6974.6182	22914.0000
6974.6566	22867.0000
6974.6949	23238.0000
6974.7333	23614.0000
6974.7717	24518.0000
6974.8100	25408.0000
6974.8484	26226.0000
6974.8868	26731.0000
6974.9251	26769.0000
6974.9636	25883.0000
6975.0020	24531.0000
6975.0403	22743.0000
6975.0787	21623.0000
6975.1170	20769.0000
6975.1554	20212.0000
6975.1937	19851.0000
6975.2321	19858.0000
6975.2704	20030.0000
6975.3088	20320.0000
6975.3471	20798.0000
6975.3855	21291.0000
6975.4238	21789.0000
6975.4621	22072.0000
6975.5005	22143.0000
6975.5388	21939.0000
6975.5772	21651.0000
6975.6155	21445.0000
6975.6538	21649.0000
6975.6921	21825.0000
6975.7305	22084.0000
6975.7688	22585.0000
6975.8071	23066.0000
6975.8454	22934.0000
6975.8838	22733.0000
6975.9221	22223.0000
6975.9604	21917.0000
6975.9988	21836.0000
6976.0371	21833.0000
6976.0754	22084.0000
6976.1137	22325.0000
6976.1521	22552.0000
6976.1904	22919.0000
6976.2287	23097.0000
6976.2670	23146.0000
6976.3053	23107.0000
6976.3436	22790.0000
6976.3819	22710.0000
6976.4202	22865.0000
6976.4585	23106.0000
6976.4967	23610.0000
6976.5350	24351.0000
6976.5733	25461.0000
6976.6116	26636.0000
6976.6499	27695.0000
6976.6882	28195.0000
6976.7265	28003.0000
6976.7647	27345.0000
6976.8030	26296.0000
6976.8413	24814.0000
6976.8796	23277.0000
6976.9178	22079.0000
6976.9561	21270.0000
6976.9944	20408.0000
6977.0327	19698.0000
6977.0710	19386.0000
6977.1093	19449.0000
6977.1476	19347.0000
6977.1858	19291.0000
6977.2241	19758.0000
6977.2623	20056.0000
6977.3006	20635.0000
6977.3388	21358.0000
6977.3771	21838.0000
6977.4153	22486.0000
6977.4536	23052.0000
6977.4918	23487.0000
6977.5301	23826.0000
6977.5683	24009.0000
6977.6066	24085.0000
6977.6448	23969.0000
6977.6830	23549.0000
6977.7213	23069.0000
6977.7595	22678.0000
6977.7978	22546.0000
6977.8360	22687.0000
6977.8742	22755.0000
6977.9124	22985.0000
6977.9507	23215.0000
6977.9889	23037.0000
6978.0271	22730.0000
6978.0653	22205.0000
6978.1037	21685.0000
6978.1419	21353.0000
6978.1801	21443.0000
6978.2183	21693.0000
6978.2565	21999.0000
6978.2947	22101.0000
6978.3329	21941.0000
6978.3711	21515.0000
6978.4093	21015.0000
6978.4475	20566.0000
6978.4857	20556.0000
6978.5239	20716.0000
6978.5621	21077.0000
6978.6003	21604.0000
6978.6385	22384.0000
6978.6767	22816.0000
6978.7149	23343.0000
6978.7531	23253.0000
6978.7913	22820.0000
6978.8295	22354.0000
6978.8677	21402.0000
6978.9059	20645.0000
6978.9440	20208.0000
6978.9822	19829.0000
6979.0204	20006.0000
6979.0586	20612.0000
6979.0967	21485.0000
6979.1349	22460.0000
6979.1732	23654.0000
6979.2113	24676.0000
6979.2495	25108.0000
6979.2877	25295.0000
6979.3258	24876.0000
6979.3640	24055.0000
6979.4022	23078.0000
6979.4403	22183.0000
6979.4785	21366.0000
6979.5166	21092.0000
6979.5548	21071.0000
6979.5929	21367.0000
6979.6311	21692.0000
6979.6692	21799.0000
6979.7074	21881.0000
6979.7455	21946.0000
6979.7837	21955.0000
6979.8218	22079.0000
6979.8599	22423.0000
6979.8981	22800.0000
6979.9362	23375.0000
6979.9744	24232.0000
6980.0125	25191.0000
6980.0506	26076.0000
6980.0887	26774.0000
6980.1269	27419.0000
6980.1650	27352.0000
6980.2031	26945.0000
6980.2413	26348.0000
6980.2795	25774.0000
6980.3176	25267.0000
6980.3557	24606.0000
6980.3938	23907.0000
6980.4319	23460.0000
6980.4700	23025.0000
6980.5081	22923.0000
6980.5462	23027.0000
6980.5844	23132.0000
6980.6225	22918.0000
6980.6606	22142.0000
6980.6987	21285.0000
6980.7368	20234.0000
6980.7749	19379.0000
6980.8130	18924.0000
6980.8510	18639.0000
6980.8891	18475.0000
6980.9272	18896.0000
6980.9653	19570.0000
6981.0034	20170.0000
6981.0415	20593.0000
6981.0796	21023.0000
6981.1177	21573.0000
6981.1557	22012.0000
6981.1938	22335.0000
6981.2319	22569.0000
6981.2701	22638.0000
6981.3081	22809.0000
6981.3462	22602.0000
6981.3843	22481.0000
6981.4223	22211.0000
6981.4604	22150.0000
6981.4985	22232.0000
6981.5365	22196.0000
6981.5746	22487.0000
6981.6127	22786.0000
6981.6507	23193.0000
6981.6888	23409.0000
6981.7268	23297.0000
6981.7649	23094.0000
6981.8029	22493.0000
6981.8410	22098.0000
6981.8790	21480.0000
6981.9171	20842.0000
6981.9551	20384.0000
6981.9931	19977.0000
6982.0312	19472.0000
6982.0692	19246.0000
6982.1073	19702.0000
6982.1453	20595.0000
6982.1833	21376.0000
6982.2214	22275.0000
6982.2594	23023.0000
6982.2974	23204.0000
6982.3355	23139.0000
6982.3736	22865.0000
6982.4116	22455.0000
6982.4496	22125.0000
6982.4876	22032.0000
6982.5256	21877.0000
6982.5637	21515.0000
6982.6017	21076.0000
6982.6397	20564.0000
6982.6777	19915.0000
6982.7157	18878.0000
6982.7537	18144.0000
6982.7917	17590.0000
6982.8297	17504.0000
6982.8677	17752.0000
6982.9057	18124.0000
6982.9437	18850.0000
6982.9817	19626.0000
6983.0197	20124.0000
6983.0577	20414.0000
6983.0957	20580.0000
6983.1337	20197.0000
6983.1717	19892.0000
6983.2096	19341.0000
6983.2476	18906.0000
6983.2856	18646.0000
6983.3236	14919.0000
6983.3616	14715.0000
6983.3996	14440.0000
6983.4376	14544.0000
6983.4756	14463.0000
6983.5136	14451.0000
6983.5515	14031.0000
6983.5895	13827.0000
6983.6275	13792.0000
