R_Cam.4
4842.8875	14.0000
4842.9165	36.0000
4842.9455	87.0000
4842.9745	92.0000
4843.0035	121.0000
4843.0324	141.0000
4843.0614	114.0000
4843.0904	84.0000
4843.1194	71.0000
4843.1485	124.0000
4843.1774	145.0000
4843.2064	106.0000
4843.2354	111.0000
4843.2644	204.0000
4843.2933	201.0000
4843.3223	203.0000
4843.3513	179.0000
4843.3803	176.0000
4843.4092	190.0000
4843.4382	181.0000
4843.4672	106.0000
4843.4961	124.0000
4843.5251	73.0000
4843.5541	156.0000
4843.5830	178.0000
4843.6120	130.0000
4843.6409	141.0000
4843.6699	155.0000
4843.6989	190.0000
4843.7278	164.0000
4843.7568	119.0000
4843.7857	111.0000
4843.8147	189.0000
4843.8436	167.0000
4843.8726	177.0000
4843.9015	159.0000
4843.9305	124.0000
4843.9594	178.0000
4843.9884	121.0000
4844.0173	193.0000
4844.0462	240.0000
4844.0752	175.0000
4844.1041	128.0000
4844.1331	157.0000
4844.1620	154.0000
4844.1909	155.0000
4844.2200	206.0000
4844.2489	89.0000
4844.2778	80.0000
4844.3068	142.0000
4844.3357	98.0000
4844.3646	94.0000
4844.3936	105.0000
4844.4225	91.0000
4844.4514	142.0000
4844.4804	112.0000
4844.5093	160.0000
4844.5382	166.0000
4844.5671	76.0000
4844.5960	44.0000
4844.6250	98.0000
4844.6539	149.0000
4844.6828	133.0000
4844.7117	130.0000
4844.7406	124.0000
4844.7695	164.0000
4844.7985	152.0000
4844.8274	122.0000
4844.8563	115.0000
4844.8852	120.0000
4844.9141	86.0000
4844.9430	81.0000
4844.9719	136.0000
4845.0008	107.0000
4845.0297	160.0000
4845.0586	71.0000
4845.0875	97.0000
4845.1164	115.0000
4845.1453	106.0000
4845.1742	61.0000
4845.2031	112.0000
4845.2320	114.0000
4845.2610	100.0000
4845.2899	126.0000
4845.3188	182.0000
4845.3477	221.0000
4845.3766	176.0000
4845.4055	190.0000
4845.4343	194.0000
4845.4632	200.0000
4845.4921	170.0000
4845.5210	237.0000
4845.5499	153.0000
4845.5788	148.0000
4845.6076	115.0000
4845.6365	145.0000
4845.6654	147.0000
4845.6943	146.0000
4845.7232	103.0000
4845.7520	122.0000
4845.7809	152.0000
4845.8098	73.0000
4845.8386	106.0000
4845.8675	126.0000
4845.8964	162.0000
4845.9253	166.0000
4845.9541	149.0000
4845.9830	172.0000
4846.0118	176.0000
4846.0407	101.0000
4846.0696	92.0000
4846.0984	115.0000
4846.1273	129.0000
4846.1561	113.0000
4846.1850	150.0000
4846.2139	138.0000
4846.2427	142.0000
4846.2716	127.0000
4846.3005	61.0000
4846.3294	102.0000
4846.3582	73.0000
4846.3871	102.0000
4846.4159	119.0000
4846.4448	129.0000
4846.4736	84.0000
4846.5025	162.0000
4846.5313	196.0000
4846.5601	206.0000
4846.5890	202.0000
4846.6178	153.0000
4846.6467	180.0000
4846.6755	165.0000
4846.7043	186.0000
4846.7332	200.0000
4846.7620	230.0000
4846.7908	151.0000
4846.8197	189.0000
4846.8485	164.0000
4846.8773	166.0000
4846.9061	210.0000
4846.9350	167.0000
4846.9638	127.0000
4846.9926	126.0000
4847.0214	115.0000
4847.0503	166.0000
4847.0791	182.0000
4847.1079	132.0000
4847.1367	79.0000
4847.1655	121.0000
4847.1944	143.0000
4847.2232	79.0000
4847.2520	168.0000
4847.2808	161.0000
4847.3096	72.0000
4847.3384	154.0000
4847.3673	133.0000
4847.3961	56.0000
4847.4249	86.0000
4847.4538	102.0000
4847.4826	127.0000
4847.5114	123.0000
4847.5402	126.0000
4847.5690	86.0000
4847.5978	57.0000
4847.6266	103.0000
4847.6554	103.0000
4847.6842	144.0000
4847.7129	77.0000
4847.7417	72.0000
4847.7705	147.0000
4847.7993	101.0000
4847.8281	117.0000
4847.8569	169.0000
4847.8857	167.0000
4847.9145	107.0000
4847.9433	97.0000
4847.9721	112.0000
4848.0008	137.0000
4848.0296	101.0000
4848.0584	111.0000
4848.0872	104.0000
4848.1160	166.0000
4848.1447	248.0000
4848.1735	203.0000
4848.2023	183.0000
4848.2311	91.0000
4848.2598	141.0000
4848.2886	113.0000
4848.3174	131.0000
4848.3461	135.0000
4848.3749	122.0000
4848.4038	173.0000
4848.4325	126.0000
4848.4613	143.0000
4848.4901	124.0000
4848.5188	136.0000
4848.5476	134.0000
4848.5764	91.0000
4848.6051	117.0000
4848.6339	186.0000
4848.6626	172.0000
4848.6914	150.0000
4848.7201	169.0000
4848.7489	194.0000
4848.7776	150.0000
4848.8064	146.0000
4848.8351	68.0000
4848.8639	125.0000
4848.8926	69.0000
4848.9214	96.0000
4848.9501	147.0000
4848.9789	160.0000
4849.0076	167.0000
4849.0364	125.0000
4849.0651	129.0000
4849.0938	162.0000
4849.1226	179.0000
4849.1513	208.0000
4849.1800	203.0000
4849.2088	153.0000
4849.2375	147.0000
4849.2662	142.0000
4849.2950	107.0000
4849.3237	152.0000
4849.3524	153.0000
4849.3812	220.0000
4849.4099	221.0000
4849.4386	177.0000
4849.4674	138.0000
4849.4962	108.0000
4849.5249	138.0000
4849.5536	147.0000
4849.5823	159.0000
4849.6110	166.0000
4849.6397	143.0000
4849.6685	143.0000
4849.6972	186.0000
4849.7259	120.0000
4849.7546	128.0000
4849.7833	114.0000
4849.8120	150.0000
4849.8407	129.0000
4849.8694	165.0000
4849.8981	180.0000
4849.9268	159.0000
4849.9556	157.0000
4849.9843	87.0000
4850.0130	164.0000
4850.0417	262.0000
4850.0704	254.0000
4850.0991	194.0000
4850.1277	127.0000
4850.1564	137.0000
4850.1851	185.0000
4850.2138	127.0000
4850.2425	175.0000
4850.2712	179.0000
4850.2999	109.0000
4850.3286	176.0000
4850.3573	142.0000
4850.3860	116.0000
4850.4146	194.0000
4850.4433	128.0000
4850.4720	146.0000
4850.5007	102.0000
4850.5295	74.0000
4850.5582	95.0000
4850.5868	121.0000
4850.6155	113.0000
4850.6442	94.0000
4850.6729	195.0000
4850.7015	136.0000
4850.7302	98.0000
4850.7589	122.0000
4850.7875	169.0000
4850.8162	147.0000
4850.8449	121.0000
4850.8735	186.0000
4850.9022	142.0000
4850.9309	115.0000
4850.9595	162.0000
4850.9882	194.0000
4851.0169	169.0000
4851.0455	53.0000
4851.0742	86.0000
4851.1028	160.0000
4851.1315	229.0000
4851.1601	207.0000
4851.1888	202.0000
4851.2174	153.0000
4851.2461	113.0000
4851.2747	91.0000
4851.3034	132.0000
4851.3320	144.0000
4851.3607	170.0000
4851.3893	182.0000
4851.4180	160.0000
4851.4466	133.0000
4851.4753	104.0000
4851.5039	178.0000
4851.5325	156.0000
4851.5612	107.0000
4851.5899	88.0000
4851.6185	86.0000
4851.6472	145.0000
4851.6758	165.0000
4851.7044	110.0000
4851.7331	75.0000
4851.7617	73.0000
4851.7903	72.0000
4851.8190	60.0000
4851.8476	107.0000
4851.8762	161.0000
4851.9048	194.0000
4851.9335	145.0000
4851.9621	159.0000
4851.9907	114.0000
4852.0193	200.0000
4852.0479	158.0000
4852.0766	182.0000
4852.1052	276.0000
4852.1338	242.0000
4852.1624	184.0000
4852.1910	162.0000
4852.2196	255.0000
4852.2482	275.0000
4852.2768	136.0000
4852.3054	173.0000
4852.3340	153.0000
4852.3627	243.0000
4852.3913	200.0000
4852.4199	230.0000
4852.4485	221.0000
4852.4771	200.0000
4852.5057	204.0000
4852.5343	186.0000
4852.5629	189.0000
4852.5914	119.0000
4852.6201	158.0000
4852.6487	157.0000
4852.6773	138.0000
4852.7059	190.0000
4852.7345	209.0000
4852.7631	220.0000
4852.7917	226.0000
4852.8203	231.0000
4852.8489	253.0000
4852.8774	231.0000
4852.9060	236.0000
4852.9346	217.0000
4852.9632	177.0000
4852.9918	226.0000
4853.0203	275.0000
4853.0489	202.0000
4853.0775	229.0000
4853.1061	185.0000
4853.1346	224.0000
4853.1632	280.0000
4853.1918	263.0000
4853.2203	211.0000
4853.2489	276.0000
4853.2775	244.0000
4853.3060	252.0000
4853.3346	180.0000
4853.3632	231.0000
4853.3917	248.0000
4853.4203	265.0000
4853.4489	243.0000
4853.4774	220.0000
4853.5060	221.0000
4853.5345	253.0000
4853.5631	229.0000
4853.5916	258.0000
4853.6202	306.0000
4853.6487	244.0000
4853.6774	265.0000
4853.7059	306.0000
4853.7345	251.0000
4853.7630	231.0000
4853.7916	251.0000
4853.8201	335.0000
4853.8487	323.0000
4853.8772	325.0000
4853.9058	300.0000
4853.9343	215.0000
4853.9628	171.0000
4853.9914	223.0000
4854.0199	266.0000
4854.0484	283.0000
4854.0770	204.0000
4854.1055	191.0000
4854.1340	209.0000
4854.1626	254.0000
4854.1911	278.0000
4854.2196	203.0000
4854.2482	265.0000
4854.2767	288.0000
4854.3052	322.0000
4854.3337	216.0000
4854.3623	221.0000
4854.3908	216.0000
4854.4193	286.0000
4854.4478	308.0000
4854.4763	205.0000
4854.5048	168.0000
4854.5334	226.0000
4854.5619	254.0000
4854.5904	207.0000
4854.6189	158.0000
4854.6474	168.0000
4854.6759	227.0000
4854.7044	238.0000
4854.7330	260.0000
4854.7615	349.0000
4854.7900	310.0000
4854.8185	359.0000
4854.8470	244.0000
4854.8755	229.0000
4854.9040	337.0000
4854.9325	287.0000
4854.9610	242.0000
4854.9895	292.0000
4855.0180	284.0000
4855.0465	249.0000
4855.0750	247.0000
4855.1035	244.0000
4855.1320	252.0000
4855.1605	253.0000
4855.1890	239.0000
4855.2175	286.0000
4855.2459	318.0000
4855.2744	270.0000
4855.3029	257.0000
4855.3314	292.0000
4855.3599	259.0000
4855.3884	263.0000
4855.4168	287.0000
4855.4453	231.0000
4855.4738	291.0000
4855.5023	348.0000
4855.5307	291.0000
4855.5592	211.0000
4855.5877	257.0000
4855.6161	241.0000
4855.6446	245.0000
4855.6731	285.0000
4855.7015	263.0000
4855.7300	250.0000
4855.7585	264.0000
4855.7870	207.0000
4855.8155	207.0000
4855.8440	298.0000
4855.8724	263.0000
4855.9009	232.0000
4855.9293	250.0000
4855.9578	265.0000
4855.9862	295.0000
4856.0147	349.0000
4856.0432	360.0000
4856.0716	269.0000
4856.1001	277.0000
4856.1285	230.0000
4856.1569	201.0000
4856.1854	189.0000
4856.2138	297.0000
4856.2423	301.0000
4856.2707	268.0000
4856.2992	221.0000
4856.3276	198.0000
4856.3560	259.0000
4856.3845	261.0000
4856.4129	257.0000
4856.4414	249.0000
4856.4698	193.0000
4856.4982	225.0000
4856.5267	185.0000
4856.5551	206.0000
4856.5835	125.0000
4856.6119	86.0000
4856.6404	176.0000
4856.6688	240.0000
4856.6972	225.0000
4856.7256	230.0000
4856.7541	267.0000
4856.7825	267.0000
4856.8109	234.0000
4856.8394	285.0000
4856.8678	279.0000
4856.8963	326.0000
4856.9247	362.0000
4856.9531	288.0000
4856.9815	248.0000
4857.0099	251.0000
4857.0383	278.0000
4857.0667	185.0000
4857.0951	182.0000
4857.1235	213.0000
4857.1520	216.0000
4857.1804	196.0000
4857.2088	283.0000
4857.2372	329.0000
4857.2656	314.0000
4857.2940	371.0000
4857.3224	386.0000
4857.3508	360.0000
4857.3792	327.0000
4857.4076	336.0000
4857.4359	318.0000
4857.4643	285.0000
4857.4927	296.0000
4857.5211	295.0000
4857.5495	313.0000
4857.5779	308.0000
4857.6063	242.0000
4857.6347	217.0000
4857.6631	215.0000
4857.6914	288.0000
4857.7198	278.0000
4857.7482	289.0000
4857.7766	299.0000
4857.8050	260.0000
4857.8333	216.0000
4857.8617	225.0000
4857.8902	202.0000
4857.9186	195.0000
4857.9469	217.0000
4857.9753	208.0000
4858.0037	187.0000
4858.0320	251.0000
4858.0604	195.0000
4858.0888	187.0000
4858.1171	194.0000
4858.1455	240.0000
4858.1739	218.0000
4858.2022	149.0000
4858.2306	196.0000
4858.2589	253.0000
4858.2873	237.0000
4858.3157	232.0000
4858.3440	233.0000
4858.3724	219.0000
4858.4007	186.0000
4858.4291	213.0000
4858.4574	240.0000
4858.4858	243.0000
4858.5141	245.0000
4858.5425	199.0000
4858.5708	227.0000
4858.5992	327.0000
4858.6275	268.0000
4858.6559	316.0000
4858.6842	265.0000
4858.7125	295.0000
4858.7409	228.0000
4858.7692	304.0000
4858.7975	300.0000
4858.8259	258.0000
4858.8542	243.0000
4858.8826	185.0000
4858.9109	265.0000
4858.9393	292.0000
4858.9676	293.0000
4858.9960	220.0000
4859.0243	260.0000
4859.0526	267.0000
4859.0809	245.0000
4859.1093	235.0000
4859.1376	225.0000
4859.1659	234.0000
4859.1942	244.0000
4859.2226	175.0000
4859.2509	198.0000
4859.2792	281.0000
4859.3075	337.0000
4859.3358	249.0000
4859.3641	232.0000
4859.3924	297.0000
4859.4208	265.0000
4859.4491	305.0000
4859.4774	337.0000
4859.5057	358.0000
4859.5340	334.0000
4859.5623	268.0000
4859.5906	249.0000
4859.6189	226.0000
4859.6472	229.0000
4859.6755	183.0000
4859.7038	167.0000
4859.7321	251.0000
4859.7604	142.0000
4859.7887	183.0000
4859.8170	192.0000
4859.8453	144.0000
4859.8736	147.0000
4859.9018	234.0000
4859.9301	203.0000
4859.9584	244.0000
4859.9868	182.0000
4860.0151	204.0000
4860.0434	240.0000
4860.0717	173.0000
4860.0999	180.0000
4860.1282	222.0000
4860.1565	197.0000
4860.1848	187.0000
4860.2131	224.0000
4860.2413	254.0000
4860.2696	265.0000
4860.2979	247.0000
4860.3262	227.0000
4860.3544	236.0000
4860.3827	276.0000
4860.4110	286.0000
4860.4392	182.0000
4860.4675	186.0000
4860.4958	250.0000
4860.5240	262.0000
4860.5523	240.0000
4860.5805	199.0000
4860.6088	137.0000
4860.6371	189.0000
4860.6653	247.0000
4860.6936	254.0000
4860.7218	271.0000
4860.7501	188.0000
4860.7783	214.0000
4860.8066	273.0000
4860.8348	245.0000
4860.8631	305.0000
4860.8913	254.0000
4860.9196	318.0000
4860.9478	377.0000
4860.9761	404.0000
4861.0043	402.0000
4861.0326	359.0000
4861.0609	324.0000
4861.0891	294.0000
4861.1174	274.0000
4861.1456	311.0000
4861.1739	267.0000
4861.2021	226.0000
4861.2303	341.0000
4861.2586	300.0000
4861.2868	296.0000
4861.3150	272.0000
4861.3432	331.0000
4861.3715	254.0000
4861.3997	237.0000
4861.4279	268.0000
4861.4562	244.0000
4861.4844	270.0000
4861.5126	215.0000
4861.5408	230.0000
4861.5690	291.0000
4861.5973	307.0000
4861.6255	361.0000
4861.6537	296.0000
4861.6819	317.0000
4861.7101	328.0000
4861.7383	289.0000
4861.7665	267.0000
4861.7947	298.0000
4861.8230	277.0000
4861.8512	306.0000
4861.8794	248.0000
4861.9076	297.0000
4861.9358	275.0000
4861.9640	222.0000
4861.9922	317.0000
4862.0204	338.0000
4862.0486	260.0000
4862.0768	293.0000
4862.1051	251.0000
4862.1333	215.0000
4862.1615	256.0000
4862.1897	281.0000
4862.2179	278.0000
4862.2460	336.0000
4862.2742	198.0000
4862.3024	149.0000
4862.3306	177.0000
4862.3588	178.0000
4862.3870	217.0000
4862.4152	225.0000
4862.4433	257.0000
4862.4715	263.0000
4862.4997	288.0000
4862.5279	350.0000
4862.5561	299.0000
4862.5842	235.0000
4862.6124	335.0000
4862.6406	270.0000
4862.6688	257.0000
4862.6969	216.0000
4862.7251	247.0000
4862.7533	282.0000
4862.7814	210.0000
4862.8096	228.0000
4862.8378	345.0000
4862.8659	274.0000
4862.8941	197.0000
4862.9223	253.0000
4862.9504	224.0000
4862.9786	201.0000
4863.0067	164.0000
4863.0349	166.0000
4863.0630	108.0000
4863.0912	191.0000
4863.1194	119.0000
4863.1476	194.0000
4863.1758	225.0000
4863.2039	160.0000
4863.2321	189.0000
4863.2602	167.0000
4863.2883	177.0000
4863.3165	211.0000
4863.3446	181.0000
4863.3728	152.0000
4863.4009	153.0000
4863.4291	175.0000
4863.4572	254.0000
4863.4853	262.0000
4863.5135	224.0000
4863.5416	234.0000
4863.5697	230.0000
4863.5979	183.0000
4863.6260	199.0000
4863.6541	250.0000
4863.6823	255.0000
4863.7104	259.0000
4863.7385	194.0000
4863.7666	233.0000
4863.7948	267.0000
4863.8229	223.0000
4863.8510	240.0000
4863.8791	275.0000
4863.9073	204.0000
4863.9354	174.0000
4863.9635	181.0000
4863.9916	149.0000
4864.0197	160.0000
4864.0478	188.0000
4864.0759	253.0000
4864.1041	165.0000
4864.1322	203.0000
4864.1603	177.0000
4864.1884	222.0000
4864.2166	310.0000
4864.2447	272.0000
4864.2728	247.0000
4864.3009	236.0000
4864.3290	215.0000
4864.3571	251.0000
4864.3852	250.0000
4864.4133	289.0000
4864.4414	329.0000
4864.4695	302.0000
4864.4976	280.0000
4864.5257	198.0000
4864.5538	172.0000
4864.5819	161.0000
4864.6100	218.0000
4864.6380	157.0000
4864.6661	103.0000
4864.6942	127.0000
4864.7223	175.0000
4864.7504	155.0000
4864.7785	136.0000
4864.8065	115.0000
4864.8346	146.0000
4864.8627	98.0000
4864.8908	46.0000
4864.9189	108.0000
4864.9469	178.0000
4864.9750	185.0000
4865.0031	150.0000
4865.0312	208.0000
4865.0592	237.0000
4865.0873	193.0000
4865.1154	255.0000
4865.1434	253.0000
4865.1715	242.0000
4865.1996	211.0000
4865.2276	265.0000
4865.2558	277.0000
4865.2838	224.0000
4865.3119	278.0000
4865.3400	240.0000
4865.3680	227.0000
4865.3961	222.0000
4865.4241	289.0000
4865.4522	332.0000
4865.4802	299.0000
4865.5083	259.0000
4865.5363	272.0000
4865.5644	343.0000
4865.5924	283.0000
4865.6205	176.0000
4865.6485	253.0000
4865.6766	291.0000
4865.7046	250.0000
4865.7326	210.0000
4865.7607	193.0000
4865.7887	193.0000
4865.8168	245.0000
4865.8448	276.0000
4865.8728	216.0000
4865.9009	233.0000
4865.9289	190.0000
4865.9569	212.0000
4865.9850	192.0000
4866.0130	257.0000
4866.0410	292.0000
4866.0690	311.0000
4866.0971	305.0000
4866.1251	365.0000
4866.1531	364.0000
4866.1811	362.0000
4866.2092	331.0000
4866.2372	353.0000
4866.2652	298.0000
4866.2932	288.0000
4866.3213	238.0000
4866.3493	190.0000
4866.3774	279.0000
4866.4054	236.0000
4866.4334	181.0000
4866.4614	144.0000
4866.4894	253.0000
4866.5174	322.0000
4866.5454	249.0000
4866.5734	237.0000
4866.6014	209.0000
4866.6294	209.0000
4866.6574	153.0000
4866.6854	193.0000
4866.7134	226.0000
4866.7414	220.0000
4866.7694	268.0000
4866.7974	279.0000
4866.8254	248.0000
4866.8534	352.0000
4866.8814	326.0000
4866.9094	228.0000
4866.9374	230.0000
4866.9654	207.0000
4866.9933	197.0000
4867.0213	221.0000
4867.0493	234.0000
4867.0773	313.0000
4867.1053	319.0000
4867.1333	337.0000
4867.1612	301.0000
4867.1892	273.0000
4867.2172	290.0000
4867.2452	355.0000
4867.2731	345.0000
4867.3011	363.0000
4867.3291	363.0000
4867.3572	325.0000
4867.3851	409.0000
4867.4131	323.0000
4867.4411	380.0000
4867.4690	349.0000
4867.4970	286.0000
4867.5250	294.0000
4867.5529	251.0000
4867.5809	173.0000
4867.6089	217.0000
4867.6368	304.0000
4867.6648	285.0000
4867.6927	355.0000
4867.7207	323.0000
4867.7486	349.0000
4867.7766	269.0000
4867.8045	276.0000
4867.8325	338.0000
4867.8604	336.0000
4867.8884	273.0000
4867.9163	250.0000
4867.9443	302.0000
4867.9722	346.0000
4868.0002	288.0000
4868.0281	335.0000
4868.0560	354.0000
4868.0840	319.0000
4868.1119	282.0000
4868.1399	273.0000
4868.1678	273.0000
4868.1957	306.0000
4868.2237	334.0000
4868.2516	272.0000
4868.2795	297.0000
4868.3075	333.0000
4868.3354	325.0000
4868.3633	326.0000
4868.3912	368.0000
4868.4193	342.0000
4868.4472	363.0000
4868.4751	301.0000
4868.5030	291.0000
4868.5310	324.0000
4868.5589	304.0000
4868.5868	310.0000
4868.6147	298.0000
4868.6426	320.0000
4868.6705	329.0000
4868.6984	395.0000
4868.7264	438.0000
4868.7543	383.0000
4868.7822	361.0000
4868.8101	414.0000
4868.8380	398.0000
4868.8659	375.0000
4868.8938	357.0000
4868.9217	347.0000
4868.9496	367.0000
4868.9775	409.0000
4869.0054	377.0000
4869.0333	421.0000
4869.0612	464.0000
4869.0891	405.0000
4869.1170	351.0000
4869.1449	363.0000
4869.1728	411.0000
4869.2007	385.0000
4869.2286	312.0000
4869.2564	321.0000
4869.2843	256.0000
4869.3122	234.0000
4869.3401	269.0000
4869.3680	313.0000
4869.3959	286.0000
4869.4238	288.0000
4869.4516	279.0000
4869.4796	293.0000
4869.5075	341.0000
4869.5354	253.0000
4869.5632	320.0000
4869.5911	322.0000
4869.6190	372.0000
4869.6469	395.0000
4869.6747	393.0000
4869.7026	452.0000
4869.7305	391.0000
4869.7583	381.0000
4869.7862	400.0000
4869.8141	374.0000
4869.8419	312.0000
4869.8698	271.0000
4869.8976	290.0000
4869.9255	296.0000
4869.9534	331.0000
4869.9812	271.0000
4870.0091	282.0000
4870.0369	387.0000
4870.0648	386.0000
4870.0926	332.0000
4870.1205	389.0000
4870.1483	355.0000
4870.1762	415.0000
4870.2040	393.0000
4870.2319	345.0000
4870.2597	339.0000
4870.2876	367.0000
4870.3154	319.0000
4870.3433	286.0000
4870.3711	323.0000
4870.3989	307.0000
4870.4268	353.0000
4870.4546	285.0000
4870.4824	270.0000
4870.5103	329.0000
4870.5382	353.0000
4870.5660	392.0000
4870.5939	336.0000
4870.6217	317.0000
4870.6495	389.0000
4870.6773	467.0000
4870.7052	432.0000
4870.7330	329.0000
4870.7608	355.0000
4870.7886	361.0000
4870.8165	380.0000
4870.8443	374.0000
4870.8721	432.0000
4870.8999	461.0000
4870.9277	485.0000
4870.9555	447.0000
4870.9834	510.0000
4871.0112	482.0000
4871.0390	376.0000
4871.0668	383.0000
4871.0946	348.0000
4871.1224	452.0000
4871.1502	461.0000
4871.1780	377.0000
4871.2058	372.0000
4871.2336	361.0000
4871.2614	389.0000
4871.2892	402.0000
4871.3170	428.0000
4871.3448	471.0000
4871.3726	440.0000
4871.4004	512.0000
4871.4282	522.0000
4871.4560	518.0000
4871.4838	460.0000
4871.5116	454.0000
4871.5394	496.0000
4871.5672	474.0000
4871.5950	394.0000
4871.6228	298.0000
4871.6506	289.0000
4871.6784	378.0000
4871.7062	407.0000
4871.7339	404.0000
4871.7617	430.0000
4871.7895	412.0000
4871.8173	392.0000
4871.8451	468.0000
4871.8728	537.0000
4871.9006	482.0000
4871.9284	435.0000
4871.9561	392.0000
4871.9839	424.0000
4872.0117	464.0000
4872.0394	500.0000
4872.0672	415.0000
4872.0950	375.0000
4872.1227	374.0000
4872.1505	403.0000
4872.1783	333.0000
4872.2060	382.0000
4872.2338	426.0000
4872.2615	411.0000
4872.2893	437.0000
4872.3170	470.0000
4872.3448	494.0000
4872.3726	526.0000
4872.4003	545.0000
4872.4281	487.0000
4872.4558	494.0000
4872.4835	446.0000
4872.5113	418.0000
4872.5390	424.0000
4872.5668	479.0000
4872.5945	525.0000
4872.6224	492.0000
4872.6501	461.0000
4872.6778	432.0000
4872.7056	423.0000
4872.7333	443.0000
4872.7610	380.0000
4872.7888	385.0000
4872.8165	388.0000
4872.8442	488.0000
4872.8720	462.0000
4872.8997	374.0000
4872.9274	391.0000
4872.9552	458.0000
4872.9829	406.0000
4873.0106	489.0000
4873.0383	469.0000
4873.0661	457.0000
4873.0938	446.0000
4873.1215	432.0000
4873.1492	458.0000
4873.1769	454.0000
4873.2046	489.0000
4873.2324	487.0000
4873.2601	432.0000
4873.2878	405.0000
4873.3155	417.0000
4873.3432	480.0000
4873.3709	501.0000
4873.3986	499.0000
4873.4263	470.0000
4873.4540	538.0000
4873.4817	501.0000
4873.5094	419.0000
4873.5371	374.0000
4873.5648	427.0000
4873.5925	486.0000
4873.6202	496.0000
4873.6479	444.0000
4873.6757	414.0000
4873.7034	489.0000
4873.7311	491.0000
4873.7588	470.0000
4873.7865	437.0000
4873.8142	424.0000
4873.8419	430.0000
4873.8695	432.0000
4873.8972	448.0000
4873.9249	439.0000
4873.9526	429.0000
4873.9803	477.0000
4874.0079	426.0000
4874.0356	395.0000
4874.0633	416.0000
4874.0910	466.0000
4874.1187	541.0000
4874.1463	488.0000
4874.1740	377.0000
4874.2017	386.0000
4874.2293	370.0000
4874.2570	337.0000
4874.2847	405.0000
4874.3123	470.0000
4874.3400	450.0000
4874.3677	414.0000
4874.3953	436.0000
4874.4230	468.0000
4874.4507	435.0000
4874.4783	455.0000
4874.5060	460.0000
4874.5336	447.0000
4874.5613	499.0000
4874.5889	494.0000
4874.6166	492.0000
4874.6442	638.0000
4874.6719	622.0000
4874.6995	653.0000
4874.7273	661.0000
4874.7549	608.0000
4874.7826	467.0000
4874.8102	509.0000
4874.8379	488.0000
4874.8655	498.0000
4874.8931	524.0000
4874.9208	513.0000
4874.9484	487.0000
4874.9761	446.0000
4875.0037	500.0000
4875.0313	469.0000
4875.0590	457.0000
4875.0866	465.0000
4875.1142	520.0000
4875.1419	569.0000
4875.1695	548.0000
4875.1971	494.0000
4875.2247	487.0000
4875.2524	475.0000
4875.2800	400.0000
4875.3076	406.0000
4875.3352	411.0000
4875.3628	367.0000
4875.3905	329.0000
4875.4181	359.0000
4875.4457	327.0000
4875.4733	290.0000
4875.5009	308.0000
4875.5285	357.0000
4875.5561	355.0000
4875.5838	340.0000
4875.6114	348.0000
4875.6390	351.0000
4875.6666	369.0000
4875.6942	391.0000
4875.7218	419.0000
4875.7494	460.0000
4875.7771	428.0000
4875.8047	467.0000
4875.8323	509.0000
4875.8599	520.0000
4875.8875	487.0000
4875.9151	411.0000
4875.9427	468.0000
4875.9703	528.0000
4875.9979	479.0000
4876.0254	537.0000
4876.0530	575.0000
4876.0806	596.0000
4876.1082	473.0000
4876.1358	394.0000
4876.1634	420.0000
4876.1910	481.0000
4876.2185	487.0000
4876.2461	460.0000
4876.2737	457.0000
4876.3013	413.0000
4876.3289	465.0000
4876.3564	478.0000
4876.3840	395.0000
4876.4116	468.0000
4876.4391	457.0000
4876.4667	421.0000
4876.4943	469.0000
4876.5219	519.0000
4876.5494	528.0000
4876.5770	454.0000
4876.6046	557.0000
4876.6321	511.0000
4876.6597	507.0000
4876.6872	463.0000
4876.7148	428.0000
4876.7424	484.0000
4876.7699	441.0000
4876.7975	454.0000
4876.8250	512.0000
4876.8527	602.0000
4876.8802	514.0000
4876.9078	553.0000
4876.9353	571.0000
4876.9629	490.0000
4876.9904	548.0000
4877.0180	600.0000
4877.0455	590.0000
4877.0731	500.0000
4877.1006	530.0000
4877.1281	587.0000
4877.1557	528.0000
4877.1832	493.0000
4877.2107	457.0000
4877.2383	475.0000
4877.2658	474.0000
4877.2934	482.0000
4877.3209	453.0000
4877.3484	469.0000
4877.3759	466.0000
4877.4035	496.0000
4877.4310	479.0000
4877.4585	527.0000
4877.4861	639.0000
4877.5136	639.0000
4877.5411	665.0000
4877.5686	620.0000
4877.5961	544.0000
4877.6237	574.0000
4877.6512	589.0000
4877.6787	494.0000
4877.7062	424.0000
4877.7337	425.0000
4877.7612	461.0000
4877.7887	451.0000
4877.8163	535.0000
4877.8438	483.0000
4877.8713	448.0000
4877.8989	476.0000
4877.9264	473.0000
4877.9539	466.0000
4877.9814	525.0000
4878.0089	494.0000
4878.0364	475.0000
4878.0639	486.0000
4878.0914	517.0000
4878.1189	536.0000
4878.1464	558.0000
4878.1739	500.0000
4878.2014	542.0000
4878.2289	534.0000
4878.2563	522.0000
4878.2838	590.0000
4878.3113	624.0000
4878.3388	652.0000
4878.3663	701.0000
4878.3938	656.0000
4878.4213	670.0000
4878.4487	644.0000
4878.4762	554.0000
4878.5037	524.0000
4878.5312	524.0000
4878.5586	485.0000
4878.5861	445.0000
4878.6136	431.0000
4878.6411	374.0000
4878.6685	460.0000
4878.6960	495.0000
4878.7235	451.0000
4878.7510	410.0000
4878.7784	466.0000
4878.8059	450.0000
4878.8333	442.0000
4878.8608	482.0000
4878.8883	504.0000
4878.9157	498.0000
4878.9433	463.0000
4878.9707	428.0000
4878.9982	448.0000
4879.0257	498.0000
4879.0531	434.0000
4879.0806	453.0000
4879.1080	549.0000
4879.1355	475.0000
4879.1629	427.0000
4879.1904	445.0000
4879.2178	463.0000
4879.2453	428.0000
4879.2727	425.0000
4879.3001	434.0000
4879.3276	420.0000
4879.3550	456.0000
4879.3825	509.0000
4879.4099	450.0000
4879.4373	465.0000
4879.4648	469.0000
4879.4922	470.0000
4879.5196	529.0000
4879.5471	537.0000
4879.5745	502.0000
4879.6019	493.0000
4879.6294	509.0000
4879.6568	548.0000
4879.6842	529.0000
4879.7116	544.0000
4879.7391	451.0000
4879.7665	443.0000
4879.7939	429.0000
4879.8213	409.0000
4879.8487	419.0000
4879.8762	436.0000
4879.9036	536.0000
4879.9310	570.0000
4879.9584	527.0000
4879.9859	463.0000
4880.0133	482.0000
4880.0407	501.0000
4880.0682	434.0000
4880.0956	451.0000
4880.1230	444.0000
4880.1504	420.0000
4880.1778	426.0000
4880.2052	446.0000
4880.2326	424.0000
4880.2600	470.0000
4880.2874	460.0000
4880.3148	428.0000
4880.3422	493.0000
4880.3696	461.0000
4880.3970	449.0000
4880.4243	514.0000
4880.4517	506.0000
4880.4791	498.0000
4880.5065	514.0000
4880.5339	541.0000
4880.5613	496.0000
4880.5887	465.0000
4880.6161	445.0000
4880.6434	472.0000
4880.6708	486.0000
4880.6982	509.0000
4880.7256	494.0000
4880.7530	549.0000
4880.7803	517.0000
4880.8077	598.0000
4880.8351	605.0000
4880.8625	562.0000
4880.8898	538.0000
4880.9172	505.0000
4880.9446	533.0000
4880.9719	498.0000
4880.9993	458.0000
4881.0267	428.0000
4881.0541	389.0000
4881.0815	338.0000
4881.1088	364.0000
4881.1362	418.0000
4881.1636	438.0000
4881.1909	493.0000
4881.2183	464.0000
4881.2456	442.0000
4881.2730	411.0000
4881.3003	363.0000
4881.3277	390.0000
4881.3550	401.0000
4881.3824	291.0000
4881.4097	233.0000
4881.4371	185.0000
4881.4644	201.0000
4881.4918	174.0000
4881.5191	149.0000
4881.5465	148.0000
4881.5738	97.0000
4881.6011	124.0000
4881.6285	164.0000
4881.6558	197.0000
4881.6831	169.0000
4881.7105	240.0000
4881.7378	218.0000
4881.7651	247.0000
4881.7925	298.0000
4881.8198	316.0000
4881.8471	287.0000
4881.8745	266.0000
4881.9018	345.0000
4881.9291	459.0000
4881.9564	504.0000
4881.9838	524.0000
4882.0111	535.0000
4882.0384	475.0000
4882.0657	451.0000
4882.0931	398.0000
4882.1204	419.0000
4882.1478	484.0000
4882.1751	514.0000
4882.2024	486.0000
4882.2297	466.0000
4882.2570	510.0000
4882.2843	421.0000
4882.3116	358.0000
4882.3389	382.0000
4882.3662	451.0000
4882.3935	452.0000
4882.4208	544.0000
4882.4481	493.0000
4882.4754	509.0000
4882.5027	491.0000
4882.5300	434.0000
4882.5573	418.0000
4882.5846	363.0000
4882.6119	310.0000
4882.6392	290.0000
4882.6665	275.0000
4882.6938	266.0000
4882.7211	251.0000
4882.7483	243.0000
4882.7756	204.0000
4882.8029	274.0000
4882.8302	316.0000
4882.8575	329.0000
4882.8848	287.0000
4882.9120	321.0000
4882.9393	360.0000
4882.9666	367.0000
4882.9939	326.0000
4883.0211	347.0000
4883.0484	346.0000
4883.0757	359.0000
4883.1030	373.0000
4883.1302	363.0000
4883.1576	450.0000
4883.1849	422.0000
4883.2121	365.0000
4883.2394	400.0000
4883.2667	425.0000
4883.2939	469.0000
4883.3212	396.0000
4883.3484	378.0000
4883.3757	392.0000
4883.4030	402.0000
4883.4302	442.0000
4883.4575	439.0000
4883.4847	446.0000
4883.5120	423.0000
4883.5392	410.0000
4883.5665	379.0000
4883.5937	325.0000
4883.6210	321.0000
4883.6482	315.0000
4883.6755	248.0000
4883.7027	179.0000
4883.7299	158.0000
4883.7572	157.0000
4883.7844	158.0000
4883.8117	197.0000
4883.8389	238.0000
4883.8661	189.0000
4883.8934	199.0000
4883.9206	216.0000
4883.9478	288.0000
4883.9751	325.0000
4884.0023	279.0000
4884.0295	280.0000
4884.0567	303.0000
4884.0840	277.0000
4884.1112	308.0000
4884.1384	384.0000
4884.1656	355.0000
4884.1929	427.0000
4884.2202	417.0000
4884.2474	390.0000
4884.2746	485.0000
4884.3018	528.0000
4884.3290	538.0000
4884.3563	544.0000
4884.3835	479.0000
4884.4107	510.0000
4884.4379	499.0000
4884.4651	413.0000
4884.4923	484.0000
4884.5195	478.0000
4884.5467	409.0000
4884.5739	363.0000
4884.6011	364.0000
4884.6283	380.0000
4884.6555	308.0000
4884.6827	395.0000
4884.7099	436.0000
4884.7371	436.0000
4884.7643	415.0000
4884.7915	395.0000
4884.8187	384.0000
4884.8459	437.0000
4884.8731	449.0000
4884.9002	454.0000
4884.9274	402.0000
4884.9546	325.0000
4884.9818	323.0000
4885.0090	326.0000
4885.0362	341.0000
4885.0633	323.0000
4885.0905	399.0000
4885.1177	392.0000
4885.1449	326.0000
4885.1721	413.0000
4885.1992	449.0000
4885.2264	411.0000
4885.2537	372.0000
4885.2808	404.0000
4885.3080	426.0000
4885.3352	424.0000
4885.3624	451.0000
4885.3895	380.0000
4885.4167	372.0000
4885.4438	427.0000
4885.4710	392.0000
4885.4982	364.0000
4885.5253	381.0000
4885.5525	405.0000
4885.5796	411.0000
4885.6068	451.0000
4885.6340	477.0000
4885.6611	479.0000
4885.6883	500.0000
4885.7154	463.0000
4885.7426	439.0000
4885.7697	474.0000
4885.7968	384.0000
4885.8240	386.0000
4885.8511	478.0000
4885.8783	508.0000
4885.9054	462.0000
4885.9326	534.0000
4885.9597	437.0000
4885.9868	504.0000
4886.0140	553.0000
4886.0411	570.0000
4886.0682	538.0000
4886.0954	558.0000
4886.1225	587.0000
4886.1496	640.0000
4886.1768	693.0000
4886.2039	639.0000
4886.2310	520.0000
4886.2582	479.0000
4886.2853	414.0000
4886.3125	417.0000
4886.3396	421.0000
4886.3667	337.0000
4886.3939	395.0000
4886.4210	471.0000
4886.4481	450.0000
4886.4752	420.0000
4886.5023	499.0000
4886.5294	497.0000
4886.5565	430.0000
4886.5837	422.0000
4886.6108	473.0000
4886.6379	544.0000
4886.6650	447.0000
4886.6921	464.0000
4886.7192	507.0000
4886.7463	526.0000
4886.7734	544.0000
4886.8005	503.0000
4886.8276	478.0000
4886.8547	488.0000
4886.8818	480.0000
4886.9089	518.0000
4886.9360	494.0000
4886.9631	484.0000
4886.9902	514.0000
4887.0173	522.0000
4887.0443	531.0000
4887.0714	575.0000
4887.0985	646.0000
4887.1256	599.0000
4887.1527	623.0000
4887.1798	603.0000
4887.2069	628.0000
4887.2339	583.0000
4887.2610	610.0000
4887.2881	619.0000
4887.3152	592.0000
4887.3422	524.0000
4887.3694	479.0000
4887.3965	487.0000
4887.4236	480.0000
4887.4506	494.0000
4887.4777	523.0000
4887.5048	507.0000
4887.5318	530.0000
4887.5589	616.0000
4887.5860	610.0000
4887.6130	593.0000
4887.6401	542.0000
4887.6671	529.0000
4887.6942	515.0000
4887.7213	480.0000
4887.7483	497.0000
4887.7754	473.0000
4887.8024	468.0000
4887.8295	507.0000
4887.8565	534.0000
4887.8836	576.0000
4887.9106	623.0000
4887.9377	583.0000
4887.9647	548.0000
4887.9918	542.0000
4888.0188	541.0000
4888.0459	564.0000
4888.0729	630.0000
4888.0999	643.0000
4888.1270	663.0000
4888.1540	670.0000
4888.1810	668.0000
4888.2081	626.0000
4888.2351	664.0000
4888.2621	618.0000
4888.2892	591.0000
4888.3162	578.0000
4888.3432	571.0000
4888.3703	491.0000
4888.3973	521.0000
4888.4244	569.0000
4888.4514	554.0000
4888.4785	573.0000
4888.5055	610.0000
4888.5325	611.0000
4888.5595	716.0000
4888.5865	745.0000
4888.6136	708.0000
4888.6406	707.0000
4888.6676	714.0000
4888.6946	676.0000
4888.7216	587.0000
4888.7486	576.0000
4888.7756	571.0000
4888.8026	582.0000
4888.8296	569.0000
4888.8566	495.0000
4888.8836	505.0000
4888.9106	470.0000
4888.9377	518.0000
4888.9646	484.0000
4888.9916	387.0000
4889.0186	449.0000
4889.0456	430.0000
4889.0726	386.0000
4889.0996	429.0000
4889.1266	450.0000
4889.1536	462.0000
4889.1806	440.0000
4889.2076	556.0000
4889.2346	516.0000
4889.2616	465.0000
4889.2885	519.0000
4889.3155	480.0000
4889.3425	480.0000
4889.3695	490.0000
4889.3965	469.0000
4889.4235	464.0000
4889.4504	524.0000
4889.4775	559.0000
4889.5045	580.0000
4889.5315	671.0000
4889.5584	605.0000
4889.5854	558.0000
4889.6124	594.0000
4889.6393	641.0000
4889.6663	629.0000
4889.6933	625.0000
4889.7202	591.0000
4889.7472	580.0000
4889.7742	548.0000
4889.8011	525.0000
4889.8281	536.0000
4889.8550	540.0000
4889.8820	519.0000
4889.9089	559.0000
4889.9359	662.0000
4889.9629	680.0000
4889.9898	754.0000
4890.0168	742.0000
4890.0437	771.0000
4890.0707	741.0000
4890.0976	726.0000
4890.1245	676.0000
4890.1515	666.0000
4890.1784	625.0000
4890.2054	549.0000
4890.2323	542.0000
4890.2593	523.0000
4890.2862	549.0000
4890.3131	520.0000
4890.3401	592.0000
4890.3670	593.0000
4890.3939	579.0000
4890.4209	617.0000
4890.4478	624.0000
4890.4747	594.0000
4890.5017	608.0000
4890.5287	560.0000
4890.5556	594.0000
4890.5825	613.0000
4890.6094	632.0000
4890.6364	648.0000
4890.6633	638.0000
4890.6902	615.0000
4890.7171	586.0000
4890.7440	573.0000
4890.7710	509.0000
4890.7979	515.0000
4890.8248	494.0000
4890.8517	504.0000
4890.8786	518.0000
4890.9055	543.0000
4890.9324	463.0000
4890.9593	431.0000
4890.9862	535.0000
4891.0131	495.0000
4891.0400	474.0000
4891.0669	453.0000
4891.0938	449.0000
4891.1207	472.0000
4891.1476	475.0000
4891.1745	462.0000
4891.2014	464.0000
4891.2283	451.0000
4891.2552	505.0000
4891.2821	516.0000
4891.3090	481.0000
4891.3359	569.0000
4891.3628	578.0000
4891.3897	632.0000
4891.4165	637.0000
4891.4434	633.0000
4891.4703	613.0000
4891.4972	616.0000
4891.5241	544.0000
4891.5509	519.0000
4891.5779	528.0000
4891.6048	578.0000
4891.6317	563.0000
4891.6586	521.0000
4891.6854	616.0000
4891.7123	649.0000
4891.7392	613.0000
4891.7660	638.0000
4891.7929	583.0000
4891.8198	594.0000
4891.8466	618.0000
4891.8735	616.0000
4891.9004	590.0000
4891.9272	690.0000
4891.9541	624.0000
4891.9809	562.0000
4892.0078	471.0000
4892.0346	508.0000
4892.0615	527.0000
4892.0884	569.0000
4892.1152	608.0000
4892.1421	538.0000
4892.1689	522.0000
4892.1958	524.0000
4892.2226	547.0000
4892.2494	513.0000
4892.2763	508.0000
4892.3031	549.0000
4892.3300	540.0000
4892.3568	524.0000
4892.3837	556.0000
4892.4105	600.0000
4892.4373	626.0000
4892.4642	633.0000
4892.4910	706.0000
4892.5178	723.0000
4892.5447	625.0000
4892.5715	645.0000
4892.5983	629.0000
4892.6253	634.0000
4892.6521	630.0000
4892.6789	645.0000
4892.7057	594.0000
4892.7326	588.0000
4892.7594	568.0000
4892.7862	509.0000
4892.8130	569.0000
4892.8398	557.0000
4892.8666	486.0000
4892.8935	508.0000
4892.9203	451.0000
4892.9471	487.0000
4892.9739	448.0000
4893.0007	424.0000
4893.0275	423.0000
4893.0543	414.0000
4893.0811	440.0000
4893.1079	415.0000
4893.1347	412.0000
4893.1615	390.0000
4893.1883	368.0000
4893.2151	384.0000
4893.2419	380.0000
4893.2687	370.0000
4893.2955	370.0000
4893.3223	366.0000
4893.3491	360.0000
4893.3759	419.0000
4893.4027	395.0000
4893.4295	434.0000
4893.4563	476.0000
4893.4831	483.0000
4893.5099	512.0000
4893.5366	490.0000
4893.5634	452.0000
4893.5902	434.0000
4893.6170	446.0000
4893.6438	518.0000
4893.6705	511.0000
4893.6974	421.0000
4893.7242	454.0000
4893.7510	446.0000
4893.7777	519.0000
4893.8045	521.0000
4893.8313	507.0000
4893.8581	542.0000
4893.8848	581.0000
4893.9116	571.0000
4893.9384	552.0000
4893.9651	503.0000
4893.9919	462.0000
4894.0187	472.0000
4894.0454	478.0000
4894.0722	480.0000
4894.0989	428.0000
4894.1257	459.0000
4894.1524	429.0000
4894.1792	385.0000
4894.2059	402.0000
4894.2327	433.0000
4894.2594	380.0000
4894.2862	364.0000
4894.3129	459.0000
4894.3397	521.0000
4894.3664	489.0000
4894.3932	509.0000
4894.4199	490.0000
4894.4467	459.0000
4894.4734	516.0000
4894.5001	477.0000
4894.5269	482.0000
4894.5536	495.0000
4894.5804	491.0000
4894.6071	485.0000
4894.6338	551.0000
4894.6606	514.0000
4894.6873	541.0000
4894.7140	558.0000
4894.7408	482.0000
4894.7676	462.0000
4894.7943	579.0000
4894.8210	595.0000
4894.8477	558.0000
4894.8745	575.0000
4894.9012	572.0000
4894.9279	624.0000
4894.9546	617.0000
4894.9813	610.0000
4895.0080	538.0000
4895.0348	477.0000
4895.0615	445.0000
4895.0882	374.0000
4895.1149	314.0000
4895.1416	312.0000
4895.1683	391.0000
4895.1950	376.0000
4895.2217	375.0000
4895.2484	368.0000
4895.2751	366.0000
4895.3018	410.0000
4895.3285	376.0000
4895.3552	375.0000
4895.3819	432.0000
4895.4086	414.0000
4895.4353	359.0000
4895.4620	369.0000
4895.4887	406.0000
4895.5154	456.0000
4895.5421	421.0000
4895.5688	392.0000
4895.5954	418.0000
4895.6221	466.0000
4895.6488	404.0000
4895.6755	444.0000
4895.7022	458.0000
4895.7289	385.0000
4895.7555	416.0000
4895.7823	428.0000
4895.8090	335.0000
4895.8357	377.0000
4895.8623	376.0000
4895.8890	379.0000
4895.9157	316.0000
4895.9424	322.0000
4895.9690	363.0000
4895.9957	385.0000
4896.0224	368.0000
4896.0490	387.0000
4896.0757	339.0000
4896.1024	328.0000
4896.1290	318.0000
4896.1557	347.0000
4896.1823	339.0000
4896.2090	415.0000
4896.2356	418.0000
4896.2623	403.0000
4896.2890	429.0000
4896.3156	420.0000
4896.3423	362.0000
4896.3689	414.0000
4896.3956	375.0000
4896.4222	375.0000
4896.4488	427.0000
4896.4755	440.0000
4896.5021	397.0000
4896.5288	313.0000
4896.5554	322.0000
4896.5821	389.0000
4896.6087	354.0000
4896.6353	390.0000
4896.6620	404.0000
4896.6886	384.0000
4896.7152	372.0000
4896.7419	317.0000
4896.7685	297.0000
4896.7951	344.0000
4896.8218	295.0000
4896.8485	258.0000
4896.8751	213.0000
4896.9017	244.0000
4896.9284	234.0000
4896.9550	243.0000
4896.9816	258.0000
4897.0082	262.0000
4897.0348	275.0000
4897.0615	285.0000
4897.0881	286.0000
4897.1147	287.0000
4897.1413	400.0000
4897.1679	386.0000
4897.1945	357.0000
4897.2211	435.0000
4897.2477	462.0000
4897.2743	434.0000
4897.3009	442.0000
4897.3275	463.0000
4897.3541	416.0000
4897.3807	380.0000
4897.4073	297.0000
4897.4339	297.0000
4897.4605	297.0000
4897.4871	292.0000
4897.5137	295.0000
4897.5403	221.0000
4897.5669	263.0000
4897.5935	338.0000
4897.6201	427.0000
4897.6467	411.0000
4897.6733	446.0000
4897.6999	428.0000
4897.7264	445.0000
4897.7530	421.0000
4897.7796	350.0000
4897.8062	336.0000
4897.8328	390.0000
4897.8594	396.0000
4897.8860	354.0000
4897.9126	393.0000
4897.9392	432.0000
4897.9658	435.0000
4897.9923	421.0000
4898.0189	404.0000
4898.0455	323.0000
4898.0720	370.0000
4898.0986	334.0000
4898.1252	317.0000
4898.1517	323.0000
4898.1783	298.0000
4898.2049	302.0000
4898.2314	285.0000
4898.2580	251.0000
4898.2845	290.0000
4898.3111	325.0000
4898.3376	317.0000
4898.3642	351.0000
4898.3907	356.0000
4898.4173	366.0000
4898.4438	362.0000
4898.4704	311.0000
4898.4969	297.0000
4898.5235	276.0000
4898.5500	313.0000
4898.5766	319.0000
4898.6031	391.0000
4898.6297	392.0000
4898.6562	386.0000
4898.6827	445.0000
4898.7093	429.0000
4898.7358	464.0000
4898.7623	455.0000
4898.7889	434.0000
4898.8154	380.0000
4898.8419	391.0000
4898.8685	414.0000
4898.8950	430.0000
4898.9215	302.0000
4898.9482	275.0000
4898.9747	250.0000
4899.0012	258.0000
4899.0277	249.0000
4899.0542	254.0000
4899.0808	366.0000
4899.1073	343.0000
4899.1338	291.0000
4899.1603	348.0000
4899.1868	352.0000
4899.2133	339.0000
4899.2399	389.0000
4899.2664	393.0000
4899.2929	402.0000
4899.3194	385.0000
4899.3459	374.0000
4899.3724	325.0000
4899.3989	297.0000
4899.4254	314.0000
4899.4519	320.0000
4899.4784	220.0000
4899.5049	194.0000
4899.5314	213.0000
4899.5579	202.0000
4899.5844	133.0000
4899.6109	152.0000
4899.6374	108.0000
4899.6639	102.0000
4899.6903	109.0000
4899.7168	106.0000
