R_Cam.20
5797.1725	1142.0000
5797.2073	1725.0000
5797.2421	1762.0000
5797.2769	1918.0000
5797.3117	1910.0000
5797.3465	1838.0000
5797.3813	1908.0000
5797.4160	1850.0000
5797.4508	1779.0000
5797.4856	1646.0000
5797.5204	1992.0000
5797.5552	1899.0000
5797.5900	1883.0000
5797.6247	1997.0000
5797.6595	1999.0000
5797.6943	2035.0000
5797.7291	2085.0000
5797.7638	2176.0000
5797.7986	2306.0000
5797.8334	2469.0000
5797.8681	2541.0000
5797.9029	2661.0000
5797.9377	2747.0000
5797.9724	2728.0000
5798.0073	2715.0000
5798.0421	2816.0000
5798.0768	2796.0000
5798.1116	2815.0000
5798.1463	2788.0000
5798.1811	2725.0000
5798.2159	2734.0000
5798.2506	2706.0000
5798.2854	2664.0000
5798.3201	2764.0000
5798.3549	2816.0000
5798.3896	2775.0000
5798.4243	2789.0000
5798.4591	2842.0000
5798.4938	2811.0000
5798.5286	2860.0000
5798.5633	2926.0000
5798.5981	2984.0000
5798.6328	2967.0000
5798.6675	2988.0000
5798.7023	2995.0000
5798.7370	2962.0000
5798.7717	2828.0000
5798.8065	2708.0000
5798.8412	2781.0000
5798.8759	2792.0000
5798.9106	2690.0000
5798.9454	2593.0000
5798.9801	2591.0000
5799.0148	2428.0000
5799.0496	2460.0000
5799.0843	2602.0000
5799.1191	2721.0000
5799.1538	2835.0000
5799.1885	3039.0000
5799.2232	3187.0000
5799.2579	3311.0000
5799.2926	3332.0000
5799.3273	3390.0000
5799.3620	3350.0000
5799.3967	3327.0000
5799.4314	3270.0000
5799.4661	3221.0000
5799.5008	3189.0000
5799.5355	3077.0000
5799.5702	3037.0000
5799.6049	2900.0000
5799.6396	2953.0000
5799.6743	2916.0000
5799.7090	2998.0000
5799.7437	2945.0000
5799.7784	3062.0000
5799.8131	3298.0000
5799.8478	3338.0000
5799.8825	3247.0000
5799.9171	3260.0000
5799.9518	3128.0000
5799.9865	3071.0000
5800.0212	3003.0000
5800.0559	2859.0000
5800.0906	2900.0000
5800.1253	2871.0000
5800.1600	2828.0000
5800.1947	2796.0000
5800.2293	2831.0000
5800.2640	2770.0000
5800.2987	2771.0000
5800.3333	2795.0000
5800.3680	2745.0000
5800.4027	2576.0000
5800.4373	2436.0000
5800.4720	2384.0000
5800.5066	2475.0000
5800.5413	2621.0000
5800.5759	2757.0000
5800.6106	2956.0000
5800.6453	3025.0000
5800.6799	3187.0000
5800.7146	3114.0000
5800.7492	3135.0000
5800.7839	3175.0000
5800.8185	3125.0000
5800.8531	3098.0000
5800.8878	3055.0000
5800.9224	2943.0000
5800.9571	2911.0000
5800.9917	2949.0000
5801.0263	2980.0000
5801.0610	2902.0000
5801.0956	2915.0000
5801.1302	2773.0000
5801.1650	2825.0000
5801.1996	2882.0000
5801.2342	2886.0000
5801.2689	2853.0000
5801.3035	2993.0000
5801.3381	2973.0000
5801.3727	3060.0000
5801.4074	2996.0000
5801.4420	2987.0000
5801.4766	3046.0000
5801.5112	2967.0000
5801.5458	2887.0000
5801.5804	2874.0000
5801.6151	2856.0000
5801.6497	2833.0000
5801.6843	2861.0000
5801.7189	2844.0000
5801.7535	2856.0000
5801.7881	2877.0000
5801.8227	2822.0000
5801.8573	2693.0000
5801.8919	2559.0000
5801.9265	2519.0000
5801.9611	2499.0000
5801.9957	2500.0000
5802.0303	2588.0000
5802.0649	2696.0000
5802.0995	2792.0000
5802.1341	2899.0000
5802.1687	3061.0000
5802.2033	3300.0000
5802.2379	3393.0000
5802.2725	3445.0000
5802.3071	3475.0000
5802.3417	3527.0000
5802.3763	3319.0000
5802.4108	3331.0000
5802.4454	3351.0000
5802.4800	3251.0000
5802.5146	3151.0000
5802.5491	3190.0000
5802.5837	3261.0000
5802.6183	3189.0000
5802.6528	3213.0000
5802.6874	3235.0000
5802.7220	3277.0000
5802.7565	3234.0000
5802.7911	3231.0000
5802.8257	3222.0000
5802.8602	3247.0000
5802.8948	3193.0000
5802.9293	3192.0000
5802.9639	3254.0000
5802.9985	3068.0000
5803.0330	3087.0000
5803.0676	3012.0000
5803.1021	3041.0000
5803.1367	3040.0000
5803.1712	2991.0000
5803.2058	3052.0000
5803.2403	3268.0000
5803.2749	3376.0000
5803.3095	3455.0000
5803.3440	3419.0000
5803.3786	3262.0000
5803.4131	3055.0000
5803.4476	2965.0000
5803.4822	2830.0000
5803.5167	2741.0000
5803.5512	2822.0000
5803.5858	2914.0000
5803.6203	3019.0000
5803.6548	3117.0000
5803.6893	3296.0000
5803.7239	3511.0000
5803.7584	3702.0000
5803.7929	3823.0000
5803.8274	3910.0000
5803.8619	3942.0000
5803.8965	3924.0000
5803.9310	3915.0000
5803.9655	3920.0000
5804.0000	3740.0000
5804.0345	3558.0000
5804.0690	3498.0000
5804.1035	3482.0000
5804.1380	3470.0000
5804.1725	3526.0000
5804.2070	3644.0000
5804.2415	3741.0000
5804.2760	3754.0000
5804.3106	3715.0000
5804.3451	3758.0000
5804.3796	3677.0000
5804.4141	3569.0000
5804.4486	3580.0000
5804.4831	3505.0000
5804.5176	3452.0000
5804.5521	3422.0000
5804.5866	3507.0000
5804.6211	3552.0000
5804.6556	3570.0000
5804.6900	3474.0000
5804.7245	3597.0000
5804.7590	3560.0000
5804.7935	3489.0000
5804.8280	3432.0000
5804.8624	3338.0000
5804.8969	3236.0000
5804.9314	3183.0000
5804.9659	3053.0000
5805.0003	2995.0000
5805.0348	2928.0000
5805.0693	3028.0000
5805.1037	3128.0000
5805.1382	3269.0000
5805.1727	3461.0000
5805.2071	3596.0000
5805.2416	3748.0000
5805.2760	3797.0000
5805.3105	3802.0000
5805.3450	3942.0000
5805.3795	3988.0000
5805.4140	3921.0000
5805.4484	3984.0000
5805.4829	3949.0000
5805.5173	3933.0000
5805.5518	3837.0000
5805.5862	3736.0000
5805.6206	3735.0000
5805.6551	3650.0000
5805.6895	3604.0000
5805.7240	3712.0000
5805.7584	3859.0000
5805.7928	3934.0000
5805.8273	3929.0000
5805.8617	3980.0000
5805.8961	3998.0000
5805.9306	3994.0000
5805.9650	3976.0000
5805.9994	3933.0000
5806.0339	3894.0000
5806.0683	3807.0000
5806.1027	3798.0000
5806.1371	3719.0000
5806.1716	3720.0000
5806.2060	3793.0000
5806.2404	3762.0000
5806.2748	3812.0000
5806.3092	3839.0000
5806.3436	3754.0000
5806.3780	3675.0000
5806.4126	3506.0000
5806.4470	3384.0000
5806.4814	3239.0000
5806.5158	3230.0000
5806.5502	3276.0000
5806.5846	3239.0000
5806.6190	3188.0000
5806.6534	3217.0000
5806.6878	3220.0000
5806.7222	3384.0000
5806.7566	3510.0000
5806.7910	3683.0000
5806.8254	3867.0000
5806.8598	4042.0000
5806.8942	4211.0000
5806.9285	4235.0000
5806.9629	4373.0000
5806.9973	4378.0000
5807.0317	4351.0000
5807.0661	4261.0000
5807.1005	4111.0000
5807.1348	4055.0000
5807.1692	3850.0000
5807.2036	3685.0000
5807.2380	3555.0000
5807.2724	3521.0000
5807.3067	3606.0000
5807.3411	3696.0000
5807.3755	3786.0000
5807.4098	3942.0000
5807.4442	3973.0000
5807.4787	4027.0000
5807.5130	3959.0000
5807.5474	3999.0000
5807.5818	4054.0000
5807.6161	4049.0000
5807.6505	4153.0000
5807.6848	4208.0000
5807.7192	4254.0000
5807.7535	4262.0000
5807.7879	4241.0000
5807.8222	4090.0000
5807.8566	3956.0000
5807.8909	3950.0000
5807.9253	3961.0000
5807.9596	3817.0000
5807.9940	3755.0000
5808.0283	3600.0000
5808.0627	3562.0000
5808.0970	3657.0000
5808.1313	3534.0000
5808.1657	3541.0000
5808.2000	3648.0000
5808.2343	3585.0000
5808.2687	3580.0000
5808.3030	3587.0000
5808.3373	3534.0000
5808.3717	3598.0000
5808.4060	3697.0000
5808.4403	3807.0000
5808.4746	3891.0000
5808.5091	3973.0000
5808.5434	4092.0000
5808.5777	4182.0000
5808.6120	4076.0000
5808.6463	4166.0000
5808.6806	4142.0000
5808.7150	4114.0000
5808.7493	4112.0000
5808.7836	4085.0000
5808.8179	4036.0000
5808.8522	4157.0000
5808.8865	4132.0000
5808.9208	4085.0000
5808.9551	4087.0000
5808.9894	3996.0000
5809.0237	3881.0000
5809.0580	3698.0000
5809.0923	3633.0000
5809.1266	3502.0000
5809.1609	3543.0000
5809.1952	3478.0000
5809.2295	3527.0000
5809.2638	3544.0000
5809.2981	3641.0000
5809.3324	3753.0000
5809.3666	3717.0000
5809.4009	3785.0000
5809.4352	3700.0000
5809.4695	3740.0000
5809.5038	3725.0000
5809.5380	3754.0000
5809.5724	3668.0000
5809.6067	3537.0000
5809.6410	3605.0000
5809.6752	3722.0000
5809.7095	3629.0000
5809.7438	3621.0000
5809.7781	3565.0000
5809.8123	3307.0000
5809.8466	3151.0000
5809.8808	3216.0000
5809.9151	3218.0000
5809.9494	3140.0000
5809.9836	3136.0000
5810.0179	3190.0000
5810.0521	3178.0000
5810.0864	3185.0000
5810.1207	3200.0000
5810.1549	3220.0000
5810.1892	3091.0000
5810.2234	3033.0000
5810.2577	3086.0000
5810.2919	3105.0000
5810.3261	3102.0000
5810.3604	3156.0000
5810.3946	3163.0000
5810.4289	3141.0000
5810.4631	3287.0000
5810.4973	3392.0000
5810.5316	3364.0000
5810.5658	3296.0000
5810.6001	3378.0000
5810.6344	3376.0000
5810.6686	3473.0000
5810.7028	3501.0000
5810.7371	3471.0000
5810.7713	3557.0000
5810.8055	3509.0000
5810.8397	3447.0000
5810.8740	3290.0000
5810.9082	3158.0000
5810.9424	3039.0000
5810.9766	2972.0000
5811.0108	2963.0000
5811.0451	2825.0000
5811.0793	2841.0000
5811.1135	2864.0000
5811.1477	2996.0000
5811.1819	2971.0000
5811.2161	2936.0000
5811.2503	2995.0000
5811.2845	3163.0000
5811.3187	3204.0000
5811.3529	3214.0000
5811.3871	3260.0000
5811.4213	3177.0000
5811.4555	3128.0000
5811.4897	2985.0000
5811.5239	2868.0000
5811.5581	2916.0000
5811.5923	2781.0000
5811.6265	2644.0000
5811.6607	2642.0000
5811.6950	2633.0000
5811.7291	2587.0000
5811.7633	2675.0000
5811.7975	2808.0000
5811.8317	2953.0000
5811.8659	3019.0000
5811.9000	3121.0000
5811.9342	3175.0000
5811.9684	3266.0000
5812.0026	3156.0000
5812.0367	3083.0000
5812.0709	3070.0000
5812.1051	3134.0000
5812.1392	3218.0000
5812.1734	3286.0000
5812.2076	3224.0000
5812.2417	3222.0000
5812.2759	3232.0000
5812.3101	3166.0000
5812.3442	3287.0000
5812.3784	3329.0000
5812.4125	3422.0000
5812.4467	3484.0000
5812.4808	3492.0000
5812.5150	3469.0000
5812.5491	3453.0000
5812.5833	3460.0000
5812.6174	3508.0000
5812.6516	3531.0000
5812.6857	3445.0000
5812.7200	3420.0000
5812.7541	3468.0000
5812.7883	3555.0000
5812.8224	3440.0000
5812.8565	3429.0000
5812.8907	3363.0000
5812.9248	3258.0000
5812.9589	3305.0000
5812.9931	3309.0000
5813.0272	3275.0000
5813.0613	3341.0000
5813.0955	3395.0000
5813.1296	3375.0000
5813.1637	3402.0000
5813.1978	3430.0000
5813.2319	3427.0000
5813.2661	3371.0000
5813.3002	3327.0000
5813.3343	3391.0000
5813.3684	3281.0000
5813.4025	3353.0000
5813.4366	3277.0000
5813.4708	3253.0000
5813.5049	3120.0000
5813.5390	3094.0000
5813.5731	3008.0000
5813.6072	2985.0000
5813.6413	2953.0000
5813.6754	3025.0000
5813.7095	3085.0000
5813.7436	3085.0000
5813.7778	3211.0000
5813.8119	3249.0000
5813.8460	3203.0000
5813.8801	3167.0000
5813.9142	3182.0000
5813.9483	3202.0000
5813.9823	3199.0000
5814.0164	3283.0000
5814.0505	3436.0000
5814.0846	3476.0000
5814.1187	3545.0000
5814.1528	3707.0000
5814.1868	3719.0000
5814.2209	3816.0000
5814.2550	3731.0000
5814.2891	3740.0000
5814.3232	3666.0000
5814.3572	3579.0000
5814.3913	3418.0000
5814.4254	3328.0000
5814.4594	3316.0000
5814.4935	3306.0000
5814.5276	3442.0000
5814.5616	3475.0000
5814.5957	3454.0000
5814.6298	3454.0000
5814.6638	3490.0000
5814.6979	3495.0000
5814.7319	3411.0000
5814.7660	3270.0000
5814.8000	3116.0000
5814.8342	3007.0000
5814.8682	2875.0000
5814.9023	2834.0000
5814.9363	2701.0000
5814.9704	2736.0000
5815.0044	2847.0000
5815.0385	2856.0000
5815.0725	2800.0000
5815.1066	2771.0000
5815.1406	2794.0000
5815.1746	2831.0000
5815.2087	2843.0000
5815.2427	2941.0000
5815.2768	3021.0000
5815.3108	3043.0000
5815.3448	2979.0000
5815.3788	3002.0000
5815.4129	2994.0000
5815.4469	3005.0000
5815.4809	3017.0000
5815.5149	3137.0000
5815.5490	3206.0000
5815.5830	3201.0000
5815.6170	3328.0000
5815.6510	3495.0000
5815.6850	3443.0000
5815.7191	3464.0000
5815.7531	3476.0000
5815.7871	3410.0000
5815.8211	3258.0000
5815.8551	3195.0000
5815.8892	3243.0000
5815.9232	3289.0000
5815.9572	3264.0000
5815.9912	3382.0000
5816.0252	3342.0000
5816.0592	3287.0000
5816.0932	3334.0000
5816.1272	3292.0000
5816.1612	3244.0000
5816.1952	3245.0000
5816.2292	3267.0000
5816.2632	3241.0000
5816.2972	3229.0000
5816.3312	3204.0000
5816.3652	3203.0000
5816.3991	3204.0000
5816.4331	3172.0000
5816.4671	3173.0000
5816.5011	3120.0000
5816.5351	3152.0000
5816.5691	3240.0000
5816.6030	3241.0000
5816.6370	3322.0000
5816.6710	3370.0000
5816.7050	3489.0000
5816.7389	3608.0000
5816.7729	3616.0000
5816.8069	3649.0000
5816.8408	3599.0000
5816.8748	3413.0000
5816.9088	3409.0000
5816.9428	3357.0000
5816.9768	3231.0000
5817.0107	3222.0000
5817.0447	3293.0000
5817.0787	3333.0000
5817.1126	3431.0000
5817.1466	3435.0000
5817.1805	3581.0000
5817.2145	3666.0000
5817.2484	3811.0000
5817.2824	3924.0000
5817.3163	3920.0000
5817.3503	3952.0000
5817.3842	3914.0000
5817.4181	3743.0000
5817.4521	3661.0000
5817.4860	3626.0000
5817.5200	3636.0000
5817.5539	3725.0000
5817.5878	3762.0000
5817.6218	3822.0000
5817.6557	3805.0000
5817.6896	3732.0000
5817.7235	3624.0000
5817.7575	3549.0000
5817.7914	3497.0000
5817.8253	3475.0000
5817.8592	3557.0000
5817.8932	3574.0000
5817.9271	3687.0000
5817.9610	3637.0000
5817.9950	3793.0000
5818.0289	3930.0000
5818.0629	3802.0000
5818.0968	3703.0000
5818.1307	3683.0000
5818.1646	3642.0000
5818.1985	3495.0000
5818.2324	3390.0000
5818.2663	3404.0000
5818.3002	3466.0000
5818.3341	3283.0000
5818.3680	3115.0000
5818.4019	3243.0000
5818.4358	3317.0000
5818.4697	3267.0000
5818.5036	3375.0000
5818.5375	3360.0000
5818.5714	3416.0000
5818.6053	3482.0000
5818.6392	3458.0000
5818.6731	3463.0000
5818.7069	3420.0000
5818.7408	3329.0000
5818.7747	3335.0000
5818.8086	3325.0000
5818.8425	3357.0000
5818.8764	3222.0000
5818.9102	3329.0000
5818.9441	3374.0000
5818.9780	3385.0000
5819.0119	3301.0000
5819.0458	3332.0000
5819.0797	3352.0000
5819.1136	3483.0000
5819.1474	3505.0000
5819.1813	3552.0000
5819.2152	3726.0000
5819.2490	3772.0000
5819.2829	3848.0000
5819.3167	3825.0000
5819.3506	3595.0000
5819.3845	3552.0000
5819.4183	3528.0000
5819.4522	3444.0000
5819.4860	3456.0000
5819.5199	3511.0000
5819.5537	3503.0000
5819.5876	3576.0000
5819.6214	3527.0000
5819.6553	3501.0000
5819.6891	3332.0000
5819.7230	3363.0000
5819.7568	3449.0000
5819.7906	3492.0000
5819.8245	3541.0000
5819.8583	3575.0000
5819.8921	3623.0000
5819.9260	3788.0000
5819.9598	3712.0000
5819.9936	3715.0000
5820.0275	3687.0000
5820.0613	3617.0000
5820.0952	3484.0000
5820.1290	3471.0000
5820.1629	3471.0000
5820.1967	3519.0000
5820.2305	3718.0000
5820.2643	3756.0000
5820.2982	3743.0000
5820.3320	3744.0000
5820.3658	3654.0000
5820.3996	3571.0000
5820.4334	3364.0000
5820.4672	3379.0000
5820.5010	3401.0000
5820.5348	3358.0000
5820.5686	3422.0000
5820.6024	3523.0000
5820.6362	3576.0000
5820.6701	3557.0000
5820.7039	3533.0000
5820.7376	3603.0000
5820.7714	3708.0000
5820.8052	3742.0000
5820.8390	3859.0000
5820.8728	3922.0000
5820.9066	4040.0000
5820.9404	4170.0000
5820.9742	4222.0000
5821.0080	4297.0000
5821.0418	4072.0000
5821.0756	3968.0000
5821.1093	3740.0000
5821.1432	3719.0000
5821.1770	3633.0000
5821.2108	3554.0000
5821.2446	3564.0000
5821.2783	3561.0000
5821.3121	3610.0000
5821.3459	3610.0000
5821.3796	3678.0000
5821.4134	3657.0000
5821.4472	3722.0000
5821.4810	3759.0000
5821.5147	3861.0000
5821.5485	3966.0000
5821.5822	3988.0000
5821.6160	4064.0000
5821.6498	4090.0000
5821.6835	3976.0000
5821.7173	3885.0000
5821.7510	3878.0000
5821.7848	3764.0000
5821.8185	3738.0000
5821.8523	3717.0000
5821.8860	3683.0000
5821.9198	3679.0000
5821.9535	3592.0000
5821.9873	3553.0000
5822.0210	3693.0000
5822.0548	3771.0000
5822.0885	3735.0000
5822.1222	3705.0000
5822.1560	3647.0000
5822.1897	3696.0000
5822.2235	3749.0000
5822.2573	3691.0000
5822.2910	3785.0000
5822.3247	3739.0000
5822.3585	3896.0000
5822.3922	4090.0000
5822.4259	4143.0000
5822.4596	4129.0000
5822.4934	4048.0000
5822.5271	4028.0000
5822.5608	3813.0000
5822.5945	3632.0000
5822.6282	3599.0000
5822.6620	3726.0000
5822.6957	3839.0000
5822.7294	3923.0000
5822.7631	4078.0000
5822.7968	4175.0000
5822.8305	4313.0000
5822.8642	4376.0000
5822.8979	4300.0000
5822.9316	4313.0000
5822.9653	4215.0000
5822.9990	4265.0000
5823.0327	4192.0000
5823.0664	4077.0000
5823.1001	4010.0000
5823.1338	3950.0000
5823.1675	3734.0000
5823.2012	3710.0000
5823.2349	3802.0000
5823.2687	3899.0000
5823.3024	3917.0000
5823.3361	3988.0000
5823.3697	4047.0000
5823.4034	4104.0000
5823.4371	4160.0000
5823.4708	4220.0000
5823.5045	4331.0000
5823.5381	4351.0000
5823.5718	4523.0000
5823.6055	4449.0000
5823.6392	4451.0000
5823.6728	4443.0000
5823.7065	4337.0000
5823.7402	4142.0000
5823.7738	3961.0000
5823.8075	3876.0000
5823.8412	3797.0000
5823.8748	3702.0000
5823.9085	3717.0000
5823.9422	3720.0000
5823.9758	3739.0000
5824.0095	3835.0000
5824.0431	4004.0000
5824.0768	4091.0000
5824.1104	4225.0000
5824.1441	4361.0000
5824.1777	4483.0000
5824.2114	4355.0000
5824.2450	4364.0000
5824.2787	4400.0000
5824.3124	4251.0000
5824.3461	4163.0000
5824.3797	4240.0000
5824.4133	4180.0000
5824.4470	4030.0000
5824.4806	4000.0000
5824.5142	4005.0000
5824.5479	3984.0000
5824.5815	4075.0000
5824.6151	4175.0000
5824.6488	4342.0000
5824.6824	4446.0000
5824.7160	4500.0000
5824.7496	4646.0000
5824.7833	4546.0000
5824.8169	4473.0000
5824.8505	4361.0000
5824.8841	4167.0000
5824.9177	4025.0000
5824.9514	3898.0000
5824.9850	3808.0000
5825.0186	3940.0000
5825.0522	4014.0000
5825.0858	4028.0000
5825.1194	4159.0000
5825.1530	4339.0000
5825.1866	4419.0000
5825.2202	4537.0000
5825.2538	4717.0000
5825.2874	4799.0000
5825.3210	4944.0000
5825.3547	4883.0000
5825.3883	4784.0000
5825.4219	4658.0000
5825.4555	4488.0000
5825.4891	4263.0000
5825.5227	4020.0000
5825.5563	3907.0000
5825.5899	3928.0000
5825.6235	3874.0000
5825.6571	3910.0000
5825.6906	3934.0000
5825.7242	3995.0000
5825.7578	4273.0000
5825.7914	4401.0000
5825.8250	4542.0000
5825.8585	4792.0000
5825.8921	4741.0000
5825.9257	4707.0000
5825.9593	4664.0000
5825.9928	4535.0000
5826.0264	4361.0000
5826.0600	4281.0000
5826.0935	4182.0000
5826.1271	4240.0000
5826.1607	4336.0000
5826.1942	4277.0000
5826.2278	4419.0000
5826.2613	4353.0000
5826.2949	4257.0000
5826.3285	4231.0000
5826.3620	4131.0000
5826.3956	4019.0000
5826.4292	4003.0000
5826.4628	3978.0000
5826.4963	3923.0000
5826.5299	3903.0000
5826.5634	3912.0000
5826.5969	3829.0000
5826.6305	3738.0000
5826.6640	3558.0000
5826.6976	3567.0000
5826.7311	3536.0000
5826.7646	3468.0000
5826.7982	3417.0000
5826.8317	3495.0000
5826.8652	3649.0000
5826.8988	3825.0000
5826.9323	3899.0000
5826.9658	3968.0000
5826.9994	4111.0000
5827.0329	4335.0000
5827.0664	4323.0000
5827.0999	4291.0000
5827.1334	4264.0000
5827.1670	4194.0000
5827.2005	4126.0000
5827.2340	3826.0000
5827.2675	3729.0000
5827.3010	3854.0000
5827.3345	3830.0000
5827.3681	3889.0000
5827.4016	3868.0000
5827.4351	4037.0000
5827.4687	4138.0000
5827.5022	4061.0000
5827.5357	4132.0000
5827.5692	4291.0000
5827.6027	4217.0000
5827.6362	4103.0000
5827.6697	4055.0000
5827.7032	4145.0000
5827.7367	4127.0000
5827.7702	4103.0000
5827.8037	3973.0000
5827.8371	3907.0000
5827.8706	3974.0000
5827.9041	3992.0000
5827.9376	4050.0000
5827.9711	4154.0000
5828.0046	4269.0000
5828.0380	4447.0000
5828.0715	4600.0000
5828.1050	4797.0000
5828.1385	4956.0000
5828.1720	4942.0000
5828.2054	5012.0000
5828.2389	4795.0000
5828.2724	4575.0000
5828.3058	4375.0000
5828.3393	4115.0000
5828.3728	3914.0000
5828.4062	3809.0000
5828.4397	3812.0000
5828.4732	3823.0000
5828.5067	3801.0000
5828.5402	3825.0000
5828.5736	4020.0000
5828.6071	4219.0000
5828.6406	4337.0000
5828.6740	4462.0000
5828.7075	4575.0000
5828.7409	4614.0000
5828.7744	4648.0000
5828.8078	4709.0000
5828.8413	4595.0000
5828.8747	4533.0000
5828.9081	4561.0000
5828.9416	4563.0000
5828.9750	4545.0000
5829.0085	4445.0000
5829.0419	4532.0000
5829.0753	4427.0000
5829.1088	4175.0000
5829.1422	4175.0000
5829.1756	4270.0000
5829.2091	4340.0000
5829.2425	4451.0000
5829.2759	4550.0000
5829.3093	4559.0000
5829.3428	4604.0000
5829.3762	4589.0000
5829.4096	4550.0000
5829.4430	4525.0000
5829.4764	4547.0000
5829.5099	4656.0000
5829.5433	4636.0000
5829.5768	4713.0000
5829.6102	4813.0000
5829.6436	4864.0000
5829.6770	4927.0000
5829.7104	4812.0000
5829.7438	4692.0000
5829.7772	4448.0000
5829.8106	4171.0000
5829.8440	4174.0000
5829.8774	4204.0000
5829.9108	4311.0000
5829.9442	4433.0000
5829.9776	4505.0000
5830.0110	4720.0000
5830.0444	4947.0000
5830.0778	4950.0000
5830.1112	4935.0000
5830.1446	5100.0000
5830.1780	5306.0000
5830.2114	5422.0000
5830.2447	5349.0000
5830.2781	5235.0000
5830.3115	5205.0000
5830.3449	5248.0000
5830.3783	5182.0000
5830.4116	4960.0000
5830.4450	4663.0000
5830.4784	4384.0000
5830.5118	4365.0000
5830.5451	4237.0000
5830.5785	4229.0000
5830.6120	4222.0000
5830.6453	4382.0000
5830.6787	4504.0000
5830.7121	4574.0000
5830.7454	4638.0000
5830.7788	4621.0000
5830.8122	4661.0000
5830.8455	4674.0000
5830.8789	4762.0000
5830.9122	4793.0000
5830.9456	4948.0000
5830.9789	5061.0000
5831.0123	5134.0000
5831.0456	5094.0000
5831.0790	5194.0000
5831.1123	5192.0000
5831.1457	5186.0000
5831.1790	5209.0000
5831.2124	5060.0000
5831.2457	5003.0000
5831.2790	4841.0000
5831.3124	4921.0000
5831.3457	4996.0000
5831.3790	5004.0000
5831.4124	4827.0000
5831.4457	4672.0000
5831.4790	4675.0000
5831.5124	4699.0000
5831.5457	4747.0000
5831.5790	4779.0000
5831.6123	4921.0000
5831.6457	5001.0000
5831.6791	4996.0000
5831.7124	5033.0000
5831.7457	5014.0000
5831.7790	4900.0000
5831.8123	4930.0000
5831.8457	4889.0000
5831.8790	4820.0000
5831.9123	4582.0000
5831.9456	4531.0000
5831.9789	4524.0000
5832.0122	4552.0000
5832.0455	4649.0000
5832.0788	4845.0000
5832.1121	5002.0000
5832.1454	5220.0000
5832.1787	5552.0000
5832.2120	5791.0000
5832.2453	5903.0000
5832.2786	5983.0000
5832.3119	6162.0000
5832.3452	6282.0000
5832.3785	6402.0000
5832.4118	6361.0000
5832.4451	6224.0000
5832.4783	5972.0000
5832.5116	5618.0000
5832.5449	5287.0000
5832.5782	5071.0000
5832.6115	4702.0000
5832.6447	4456.0000
5832.6780	4357.0000
5832.7113	4348.0000
5832.7447	4400.0000
5832.7779	4643.0000
5832.8112	4919.0000
5832.8445	5266.0000
5832.8778	5432.0000
5832.9110	5560.0000
5832.9443	5579.0000
5832.9775	5483.0000
5833.0108	5518.0000
5833.0441	5424.0000
5833.0773	5568.0000
5833.1106	5737.0000
5833.1438	5913.0000
5833.1771	6125.0000
5833.2104	6213.0000
5833.2436	6283.0000
5833.2769	6243.0000
5833.3101	6152.0000
5833.3434	6001.0000
5833.3766	5850.0000
5833.4098	5581.0000
5833.4431	5276.0000
5833.4763	5279.0000
5833.5096	5283.0000
5833.5428	5340.0000
5833.5760	5303.0000
5833.6093	5457.0000
5833.6425	5473.0000
5833.6757	5357.0000
5833.7090	5309.0000
5833.7422	5182.0000
5833.7755	5106.0000
5833.8088	5057.0000
5833.8420	4981.0000
5833.8752	5035.0000
5833.9084	5116.0000
5833.9417	5071.0000
5833.9749	4958.0000
5834.0081	4867.0000
5834.0413	4911.0000
5834.0745	4857.0000
5834.1077	4768.0000
5834.1410	4821.0000
5834.1742	4996.0000
5834.2074	5064.0000
5834.2406	5065.0000
5834.2738	5182.0000
5834.3070	5253.0000
5834.3402	5368.0000
5834.3734	5607.0000
5834.4066	5763.0000
5834.4398	6012.0000
5834.4730	6069.0000
5834.5062	6234.0000
5834.5394	6309.0000
5834.5726	6217.0000
5834.6058	6057.0000
5834.6390	5889.0000
5834.6721	5541.0000
5834.7053	5237.0000
5834.7385	4979.0000
5834.7717	4829.0000
5834.8049	4781.0000
5834.8382	4786.0000
5834.8713	4796.0000
5834.9045	4856.0000
5834.9377	4812.0000
5834.9709	5025.0000
5835.0041	5095.0000
5835.0372	5065.0000
5835.0704	5148.0000
5835.1036	5271.0000
5835.1367	5320.0000
5835.1699	5314.0000
5835.2031	5331.0000
5835.2362	5467.0000
5835.2694	5584.0000
5835.3026	5747.0000
5835.3357	5776.0000
5835.3689	5867.0000
5835.4020	5880.0000
5835.4352	5834.0000
5835.4683	5696.0000
5835.5015	5601.0000
5835.5346	5614.0000
5835.5678	5555.0000
5835.6009	5434.0000
5835.6341	5562.0000
5835.6672	5494.0000
5835.7004	5377.0000
5835.7335	5257.0000
5835.7666	5147.0000
5835.7998	5038.0000
5835.8329	4923.0000
5835.8661	4804.0000
5835.8993	4785.0000
5835.9324	4662.0000
5835.9656	4592.0000
5835.9987	4594.0000
5836.0318	4775.0000
5836.0649	4660.0000
5836.0981	4751.0000
5836.1312	4888.0000
5836.1643	4950.0000
5836.1974	5076.0000
5836.2306	5142.0000
5836.2637	5226.0000
5836.2968	5305.0000
5836.3299	5223.0000
5836.3630	5150.0000
5836.3961	5080.0000
5836.4292	5128.0000
5836.4624	5307.0000
5836.4955	5433.0000
5836.5286	5549.0000
5836.5617	5499.0000
5836.5948	5479.0000
5836.6279	5285.0000
5836.6610	5267.0000
5836.6941	5240.0000
5836.7272	5153.0000
5836.7603	5125.0000
5836.7934	5077.0000
5836.8265	5150.0000
5836.8595	5278.0000
5836.8926	5416.0000
5836.9257	5404.0000
5836.9589	5467.0000
5836.9920	5387.0000
5837.0251	5461.0000
5837.0582	5471.0000
5837.0912	5432.0000
5837.1243	5461.0000
5837.1574	5331.0000
5837.1905	5270.0000
5837.2236	5194.0000
5837.2566	5011.0000
5837.2897	4804.0000
5837.3228	4711.0000
5837.3558	4681.0000
5837.3889	4573.0000
5837.4220	4498.0000
5837.4550	4528.0000
5837.4881	4500.0000
5837.5212	4359.0000
5837.5542	4343.0000
5837.5873	4348.0000
5837.6203	4412.0000
5837.6534	4457.0000
5837.6865	4645.0000
5837.7195	4786.0000
5837.7526	4915.0000
5837.7856	5111.0000
5837.8187	5336.0000
5837.8517	5483.0000
5837.8848	5460.0000
5837.9178	5491.0000
5837.9508	5655.0000
5837.9840	5461.0000
5838.0170	5367.0000
5838.0501	5283.0000
5838.0831	5155.0000
5838.1161	5025.0000
5838.1492	4827.0000
5838.1822	4752.0000
5838.2152	4705.0000
5838.2483	4744.0000
5838.2813	4781.0000
5838.3143	4784.0000
5838.3473	4803.0000
5838.3804	4765.0000
5838.4134	4628.0000
5838.4464	4469.0000
5838.4794	4393.0000
5838.5124	4186.0000
5838.5455	4126.0000
5838.5785	4038.0000
5838.6115	4024.0000
5838.6445	4076.0000
5838.6775	4213.0000
5838.7105	4194.0000
5838.7435	4079.0000
5838.7765	3853.0000
5838.8095	3671.0000
5838.8425	3416.0000
5838.8755	3228.0000
5838.9085	2946.0000
5838.9415	2752.0000
5838.9745	2689.0000
5839.0075	2708.0000
5839.0406	2691.0000
5839.0736	2694.0000
5839.1066	2638.0000
5839.1396	2837.0000
5839.1726	2998.0000
5839.2056	3013.0000
5839.2386	2990.0000
5839.2716	3108.0000
5839.3045	3154.0000
5839.3375	3155.0000
5839.3705	3180.0000
5839.4035	3152.0000
5839.4364	3153.0000
5839.4694	3159.0000
5839.5024	3208.0000
5839.5354	3212.0000
5839.5683	3275.0000
5839.6013	3327.0000
5839.6343	3380.0000
5839.6672	3277.0000
5839.7002	3289.0000
5839.7332	3389.0000
5839.7661	3378.0000
5839.7991	3430.0000
5839.8321	3342.0000
5839.8650	3393.0000
5839.8980	3422.0000
5839.9309	3492.0000
5839.9639	3645.0000
5839.9968	3719.0000
5840.0298	3720.0000
5840.0627	3726.0000
5840.0958	3717.0000
5840.1287	3781.0000
5840.1617	3754.0000
5840.1946	3776.0000
5840.2275	3819.0000
5840.2605	3687.0000
5840.2934	3729.0000
5840.3264	3664.0000
5840.3593	3605.0000
5840.3922	3547.0000
5840.4252	3565.0000
5840.4581	3527.0000
5840.4910	3529.0000
5840.5240	3643.0000
5840.5569	3738.0000
5840.5898	3839.0000
5840.6227	3998.0000
5840.6556	4030.0000
5840.6886	4159.0000
5840.7215	4105.0000
5840.7544	4132.0000
5840.7873	4216.0000
5840.8202	4165.0000
5840.8532	4183.0000
5840.8861	4222.0000
5840.9190	4271.0000
5840.9519	4276.0000
5840.9848	4261.0000
5841.0177	4208.0000
5841.0506	4042.0000
5841.0835	3926.0000
5841.1164	3933.0000
5841.1494	3894.0000
5841.1823	4019.0000
5841.2152	3984.0000
5841.2481	4006.0000
5841.2810	4043.0000
5841.3139	4064.0000
5841.3468	4026.0000
5841.3797	4075.0000
5841.4125	4229.0000
5841.4454	4302.0000
5841.4783	4422.0000
5841.5112	4551.0000
5841.5441	4493.0000
5841.5770	4362.0000
5841.6098	4333.0000
5841.6427	4187.0000
5841.6756	4112.0000
5841.7085	4051.0000
5841.7414	3962.0000
5841.7742	3932.0000
5841.8071	3888.0000
5841.8400	3784.0000
5841.8728	3556.0000
5841.9057	3339.0000
5841.9386	3338.0000
5841.9714	3257.0000
5842.0043	3277.0000
5842.0371	3304.0000
5842.0700	3355.0000
5842.1029	3590.0000
5842.1357	3726.0000
5842.1686	3730.0000
5842.2015	3646.0000
5842.2344	3591.0000
5842.2672	3491.0000
5842.3001	3513.0000
5842.3329	3337.0000
5842.3658	3380.0000
5842.3986	3365.0000
5842.4315	3466.0000
5842.4643	3638.0000
5842.4971	3688.0000
5842.5300	3666.0000
5842.5628	3783.0000
5842.5956	3732.0000
5842.6285	3876.0000
5842.6613	3856.0000
5842.6941	3827.0000
5842.7270	3921.0000
5842.7598	4007.0000
5842.7926	4114.0000
5842.8254	4314.0000
5842.8583	4352.0000
5842.8911	4312.0000
5842.9239	4254.0000
5842.9567	4270.0000
5842.9895	4272.0000
5843.0224	4256.0000
5843.0552	4058.0000
5843.0880	4004.0000
5843.1208	3969.0000
5843.1536	4056.0000
5843.1864	4143.0000
5843.2192	4206.0000
5843.2521	4266.0000
5843.2849	4259.0000
5843.3177	4188.0000
5843.3505	4255.0000
5843.3833	4169.0000
5843.4161	4134.0000
5843.4489	4123.0000
5843.4817	4098.0000
5843.5145	4064.0000
5843.5473	4073.0000
5843.5801	4018.0000
5843.6129	4010.0000
5843.6457	3917.0000
5843.6785	3778.0000
5843.7113	3684.0000
5843.7440	3581.0000
5843.7768	3499.0000
5843.8096	3537.0000
5843.8424	3467.0000
5843.8752	3497.0000
5843.9079	3589.0000
5843.9407	3692.0000
5843.9735	3792.0000
5844.0063	4013.0000
5844.0390	4223.0000
5844.0718	4169.0000
5844.1046	4214.0000
5844.1373	4333.0000
5844.1701	4329.0000
5844.2028	4160.0000
5844.2356	4059.0000
5844.2684	3948.0000
5844.3012	3831.0000
5844.3340	3680.0000
5844.3667	3682.0000
5844.3995	3723.0000
5844.4322	3742.0000
5844.4650	3876.0000
5844.4977	3991.0000
5844.5305	4183.0000
5844.5632	4181.0000
5844.5960	4244.0000
5844.6287	4265.0000
5844.6615	4135.0000
5844.6942	4026.0000
5844.7270	3911.0000
5844.7597	3870.0000
5844.7924	3888.0000
5844.8252	3926.0000
5844.8579	4035.0000
5844.8906	4007.0000
5844.9234	4075.0000
5844.9561	4120.0000
5844.9888	4025.0000
5845.0215	4010.0000
5845.0543	3887.0000
5845.0870	3871.0000
5845.1197	3843.0000
5845.1524	3758.0000
5845.1851	3726.0000
5845.2179	3769.0000
5845.2506	3722.0000
5845.2833	3712.0000
5845.3160	3679.0000
5845.3487	3749.0000
5845.3815	3817.0000
5845.4142	3882.0000
5845.4469	4036.0000
5845.4796	4107.0000
5845.5123	4096.0000
5845.5450	4271.0000
5845.5777	4307.0000
5845.6104	4237.0000
5845.6431	4269.0000
5845.6758	4160.0000
5845.7085	3974.0000
5845.7412	3914.0000
5845.7739	3856.0000
5845.8066	3960.0000
5845.8393	4100.0000
5845.8720	4218.0000
5845.9047	4274.0000
5845.9374	4312.0000
5845.9700	4296.0000
5846.0027	4244.0000
5846.0354	4122.0000
5846.0681	3965.0000
5846.1008	3781.0000
5846.1334	3656.0000
5846.1661	3570.0000
5846.1988	3400.0000
5846.2314	3422.0000
5846.2641	3453.0000
5846.2968	3462.0000
5846.3295	3503.0000
5846.3621	3502.0000
5846.3948	3477.0000
5846.4275	3471.0000
5846.4602	3380.0000
5846.4929	3338.0000
5846.5255	3196.0000
5846.5582	3214.0000
5846.5908	3163.0000
5846.6235	3184.0000
5846.6561	3226.0000
5846.6888	3166.0000
5846.7214	3109.0000
5846.7541	3108.0000
5846.7867	3043.0000
5846.8194	3083.0000
5846.8520	3074.0000
5846.8847	3013.0000
5846.9173	3108.0000
5846.9499	3136.0000
5846.9826	3122.0000
5847.0152	3302.0000
5847.0478	3326.0000
5847.0805	3437.0000
5847.1131	3544.0000
5847.1457	3485.0000
5847.1784	3510.0000
5847.2110	3467.0000
5847.2436	3349.0000
5847.2762	3220.0000
5847.3089	3110.0000
5847.3415	2974.0000
5847.3741	2970.0000
5847.4067	2880.0000
5847.4393	2858.0000
5847.4721	2750.0000
5847.5047	2690.0000
5847.5373	2517.0000
5847.5699	2346.0000
5847.6025	2124.0000
5847.6351	2078.0000
5847.6677	1894.0000
5847.7003	1826.0000
5847.7329	1826.0000
5847.7655	1808.0000
5847.7981	1831.0000
5847.8307	1852.0000
5847.8633	1876.0000
5847.8959	1820.0000
5847.9285	1863.0000
5847.9611	1708.0000
5847.9937	1732.0000
5848.0263	1699.0000
5848.0589	1637.0000
5848.0915	1632.0000
5848.1240	1634.0000
5848.1566	1609.0000
5848.1892	1634.0000
5848.2218	1592.0000
5848.2544	1531.0000
5848.2869	1565.0000
5848.3195	1684.0000
5848.3521	1737.0000
5848.3847	1799.0000
5848.4172	1794.0000
5848.4498	1813.0000
5848.4824	1819.0000
5848.5150	1849.0000
5848.5476	1900.0000
5848.5802	1917.0000
5848.6127	1886.0000
5848.6453	1931.0000
5848.6779	1936.0000
5848.7104	1958.0000
5848.7430	2017.0000
5848.7755	2054.0000
5848.8081	2068.0000
5848.8406	2108.0000
5848.8732	2049.0000
5848.9057	2175.0000
5848.9383	2130.0000
5848.9708	2101.0000
5849.0034	2079.0000
5849.0359	2088.0000
5849.0685	2021.0000
5849.1010	2008.0000
5849.1335	2012.0000
5849.1661	1907.0000
5849.1986	1877.0000
5849.2312	1933.0000
5849.2637	1994.0000
5849.2962	1974.0000
5849.3288	2009.0000
5849.3613	1949.0000
5849.3938	1957.0000
5849.4263	2021.0000
5849.4589	1961.0000
5849.4914	1931.0000
5849.5239	1815.0000
5849.5564	1857.0000
5849.5890	1942.0000
5849.6216	1885.0000
5849.6541	1765.0000
5849.6866	1824.0000
5849.7191	1768.0000
5849.7516	1729.0000
5849.7841	1708.0000
5849.8166	1749.0000
5849.8491	1706.0000
5849.8816	1776.0000
5849.9141	1879.0000
5849.9466	1828.0000
5849.9791	1769.0000
5850.0116	1707.0000
5850.0441	1708.0000
5850.0766	1754.0000
5850.1091	1687.0000
5850.1416	1718.0000
5850.1741	1675.0000
5850.2066	1616.0000
5850.2391	1586.0000
5850.2716	1631.0000
5850.3041	1729.0000
5850.3366	1672.0000
5850.3690	1629.0000
5850.4015	1706.0000
5850.4340	1740.0000
5850.4665	1801.0000
5850.4990	1819.0000
5850.5314	1797.0000
5850.5639	1747.0000
5850.5964	1763.0000
5850.6290	1750.0000
5850.6614	1694.0000
5850.6939	1618.0000
5850.7264	1678.0000
5850.7588	1721.0000
5850.7913	1761.0000
5850.8238	1653.0000
5850.8562	1585.0000
5850.8887	1653.0000
5850.9211	1726.0000
5850.9536	1677.0000
5850.9860	1669.0000
5851.0185	1610.0000
5851.0509	1694.0000
5851.0834	1701.0000
5851.1158	1711.0000
5851.1483	1708.0000
5851.1807	1687.0000
5851.2132	1627.0000
5851.2456	1710.0000
5851.2781	1706.0000
5851.3105	1640.0000
5851.3429	1625.0000
5851.3754	1609.0000
5851.4078	1654.0000
5851.4403	1738.0000
5851.4727	1711.0000
5851.5051	1710.0000
5851.5375	1798.0000
5851.5700	1722.0000
5851.6024	1692.0000
5851.6348	1735.0000
5851.6674	1682.0000
5851.6998	1718.0000
5851.7322	1736.0000
5851.7646	1726.0000
5851.7970	1742.0000
5851.8294	1684.0000
5851.8619	1615.0000
5851.8943	1607.0000
5851.9267	1586.0000
5851.9591	1621.0000
5851.9915	1627.0000
5852.0239	1739.0000
5852.0563	1782.0000
5852.0887	1863.0000
5852.1211	1929.0000
5852.1535	1931.0000
5852.1859	1891.0000
5852.2183	1892.0000
5852.2507	1790.0000
5852.2831	1790.0000
5852.3155	1831.0000
5852.3479	1807.0000
5852.3803	1771.0000
5852.4127	1776.0000
5852.4451	1871.0000
5852.4775	1870.0000
5852.5099	1800.0000
5852.5422	1832.0000
5852.5746	1902.0000
5852.6070	1931.0000
5852.6394	1907.0000
5852.6718	1810.0000
5852.7041	1788.0000
5852.7366	1726.0000
5852.7690	1802.0000
5852.8014	1767.0000
5852.8337	1784.0000
5852.8661	1880.0000
5852.8985	1912.0000
5852.9308	1942.0000
5852.9632	1909.0000
5852.9956	1930.0000
5853.0279	1889.0000
5853.0603	1825.0000
5853.0926	1777.0000
5853.1250	1724.0000
5853.1573	1684.0000
5853.1897	1625.0000
5853.2221	1657.0000
5853.2544	1769.0000
5853.2868	1729.0000
5853.3191	1717.0000
5853.3514	1894.0000
5853.3838	1891.0000
5853.4161	1988.0000
5853.4485	2068.0000
5853.4808	2026.0000
5853.5132	1945.0000
5853.5455	1900.0000
5853.5778	1860.0000
5853.6102	1769.0000
5853.6425	1658.0000
5853.6748	1658.0000
5853.7072	1599.0000
5853.7395	1545.0000
5853.7718	1454.0000
5853.8042	1398.0000
5853.8366	1436.0000
5853.8689	1446.0000
5853.9012	1536.0000
5853.9335	1644.0000
5853.9659	1711.0000
5853.9982	1789.0000
5854.0305	1835.0000
5854.0628	1884.0000
5854.0951	1973.0000
5854.1274	1972.0000
5854.1597	1987.0000
5854.1920	1976.0000
5854.2243	1901.0000
5854.2567	1832.0000
5854.2890	1757.0000
5854.3213	1707.0000
5854.3536	1683.0000
5854.3859	1746.0000
5854.4182	1781.0000
5854.4505	1803.0000
5854.4827	1760.0000
5854.5150	1769.0000
5854.5473	1762.0000
5854.5796	1752.0000
5854.6119	1830.0000
5854.6442	1932.0000
5854.6765	2027.0000
5854.7088	1976.0000
5854.7411	2123.0000
5854.7733	2077.0000
5854.8056	2043.0000
5854.8380	2022.0000
5854.8703	1997.0000
5854.9025	1898.0000
5854.9348	1836.0000
5854.9671	1809.0000
5854.9994	1711.0000
5855.0316	1635.0000
5855.0639	1679.0000
5855.0962	1670.0000
5855.1284	1575.0000
5855.1607	1555.0000
5855.1930	1630.0000
5855.2252	1805.0000
5855.2575	1852.0000
5855.2897	1878.0000
5855.3220	1956.0000
5855.3542	2028.0000
5855.3865	1984.0000
5855.4187	1869.0000
5855.4510	1852.0000
5855.4832	1983.0000
5855.5155	1971.0000
5855.5477	1911.0000
5855.5800	1851.0000
5855.6122	1854.0000
5855.6445	1797.0000
5855.6767	1707.0000
5855.7089	1704.0000
5855.7412	1697.0000
5855.7734	1793.0000
5855.8057	1834.0000
5855.8379	1791.0000
5855.8701	1816.0000
5855.9024	1858.0000
5855.9347	1901.0000
5855.9669	1896.0000
5855.9991	1875.0000
5856.0313	1902.0000
5856.0636	1918.0000
5856.0958	1900.0000
5856.1280	1909.0000
5856.1602	1845.0000
5856.1924	1740.0000
5856.2247	1747.0000
5856.2569	1686.0000
5856.2891	1679.0000
5856.3213	1715.0000
5856.3535	1669.0000
5856.3857	1751.0000
5856.4179	1878.0000
5856.4501	1904.0000
5856.4823	1979.0000
5856.5145	1960.0000
5856.5467	1968.0000
5856.5789	1927.0000
5856.6111	1888.0000
5856.6433	1820.0000
5856.6755	1833.0000
5856.7077	1773.0000
5856.7399	1740.0000
5856.7721	1732.0000
5856.8043	1713.0000
5856.8365	1654.0000
5856.8686	1665.0000
5856.9008	1669.0000
5856.9331	1705.0000
5856.9653	1713.0000
5856.9975	1809.0000
5857.0296	1834.0000
5857.0618	1858.0000
5857.0940	1846.0000
5857.1262	1856.0000
5857.1583	1870.0000
5857.1905	1832.0000
5857.2227	1837.0000
5857.2548	1726.0000
5857.2870	1738.0000
5857.3192	1726.0000
5857.3513	1710.0000
5857.3835	1666.0000
5857.4157	1645.0000
5857.4478	1616.0000
5857.4800	1537.0000
5857.5121	1566.0000
5857.5443	1614.0000
5857.5764	1659.0000
5857.6086	1742.0000
5857.6407	1906.0000
5857.6729	2022.0000
5857.7050	2122.0000
5857.7372	2129.0000
5857.7693	2079.0000
5857.8015	2052.0000
5857.8336	2008.0000
5857.8657	1949.0000
5857.8979	1804.0000
5857.9300	1827.0000
5857.9621	1767.0000
5857.9944	1661.0000
5858.0265	1508.0000
5858.0586	1441.0000
5858.0908	1543.0000
5858.1229	1506.0000
5858.1550	1551.0000
5858.1871	1570.0000
5858.2193	1622.0000
5858.2514	1660.0000
5858.2835	1732.0000
5858.3156	1883.0000
5858.3477	2022.0000
5858.3798	2077.0000
5858.4120	2160.0000
5858.4441	2228.0000
5858.4762	2181.0000
5858.5083	2021.0000
5858.5404	1943.0000
5858.5725	1800.0000
5858.6046	1742.0000
5858.6367	1666.0000
5858.6688	1625.0000
5858.7009	1629.0000
5858.7330	1570.0000
5858.7651	1510.0000
5858.7972	1475.0000
5858.8293	1405.0000
5858.8614	1401.0000
5858.8935	1498.0000
5858.9256	1555.0000
5858.9577	1535.0000
5858.9898	1645.0000
5859.0218	1767.0000
5859.0540	1862.0000
5859.0861	1927.0000
5859.1182	2007.0000
5859.1503	2026.0000
5859.1823	2071.0000
5859.2144	2020.0000
5859.2465	1952.0000
5859.2786	1813.0000
5859.3106	1759.0000
5859.3427	1702.0000
5859.3748	1569.0000
5859.4068	1540.0000
5859.4389	1482.0000
5859.4710	1468.0000
5859.5030	1466.0000
5859.5351	1462.0000
5859.5672	1450.0000
5859.5992	1511.0000
5859.6313	1554.0000
5859.6633	1595.0000
5859.6954	1640.0000
5859.7274	1740.0000
5859.7595	1749.0000
5859.7915	1776.0000
5859.8236	1778.0000
5859.8556	1800.0000
5859.8877	1777.0000
5859.9197	1665.0000
5859.9518	1591.0000
5859.9838	1443.0000
5860.0158	1410.0000
5860.0479	1370.0000
5860.0799	1263.0000
5860.1121	1230.0000
5860.1441	1239.0000
5860.1761	1198.0000
5860.2081	1150.0000
5860.2402	1140.0000
5860.2722	1112.0000
5860.3042	1107.0000
5860.3363	1134.0000
5860.3683	1210.0000
5860.4003	1230.0000
5860.4323	1274.0000
5860.4643	1328.0000
5860.4964	1366.0000
5860.5284	1366.0000
5860.5604	1381.0000
5860.5924	1415.0000
5860.6244	1368.0000
5860.6564	1411.0000
5860.6884	1434.0000
5860.7204	1426.0000
5860.7524	1416.0000
5860.7844	1412.0000
5860.8164	1321.0000
5860.8484	1357.0000
5860.8804	1402.0000
5860.9124	1321.0000
5860.9444	1381.0000
5860.9764	1356.0000
5861.0084	1292.0000
5861.0404	1202.0000
5861.0724	1264.0000
5861.1044	1327.0000
5861.1364	1329.0000
5861.1685	1396.0000
5861.2004	1457.0000
5861.2324	1535.0000
5861.2644	1606.0000
5861.2964	1562.0000
5861.3284	1508.0000
5861.3603	1603.0000
5861.3923	1621.0000
5861.4243	1545.0000
5861.4563	1596.0000
5861.4882	1516.0000
5861.5202	1509.0000
5861.5522	1502.0000
5861.5841	1387.0000
5861.6161	1350.0000
5861.6481	1357.0000
5861.6800	1313.0000
5861.7120	1313.0000
5861.7439	1339.0000
5861.7759	1357.0000
5861.8079	1382.0000
5861.8398	1322.0000
5861.8718	1287.0000
5861.9037	1279.0000
5861.9357	1360.0000
5861.9676	1465.0000
5861.9996	1454.0000
5862.0315	1570.0000
5862.0635	1574.0000
5862.0954	1563.0000
5862.1273	1638.0000
5862.1593	1643.0000
5862.1912	1582.0000
5862.2232	1653.0000
5862.2552	1629.0000
5862.2871	1625.0000
5862.3190	1541.0000
5862.3510	1437.0000
5862.3829	1412.0000
5862.4148	1389.0000
5862.4468	1298.0000
5862.4787	1356.0000
5862.5106	1306.0000
5862.5425	1333.0000
5862.5745	1231.0000
5862.6064	1166.0000
5862.6383	1195.0000
5862.6702	1212.0000
5862.7021	1255.0000
5862.7340	1251.0000
5862.7659	1267.0000
5862.7978	1313.0000
5862.8298	1369.0000
5862.8617	1295.0000
5862.8936	1284.0000
5862.9255	1308.0000
5862.9574	1342.0000
5862.9893	1366.0000
5863.0212	1370.0000
5863.0531	1462.0000
5863.0850	1446.0000
5863.1169	1419.0000
5863.1488	1412.0000
5863.1806	1382.0000
5863.2125	1349.0000
5863.2444	1380.0000
5863.2764	1396.0000
5863.3083	1400.0000
5863.3402	1453.0000
5863.3721	1418.0000
5863.4039	1376.0000
5863.4358	1366.0000
5863.4677	1327.0000
5863.4996	1340.0000
5863.5315	1347.0000
5863.5633	1316.0000
5863.5952	1401.0000
5863.6271	1431.0000
5863.6589	1443.0000
5863.6908	1480.0000
5863.7227	1478.0000
5863.7545	1460.0000
5863.7864	1454.0000
5863.8183	1485.0000
5863.8501	1426.0000
5863.8820	1376.0000
5863.9138	1425.0000
5863.9457	1369.0000
5863.9776	1421.0000
5864.0094	1484.0000
5864.0413	1448.0000
5864.0731	1394.0000
5864.1050	1414.0000
5864.1368	1437.0000
5864.1687	1361.0000
5864.2005	1374.0000
5864.2323	1336.0000
5864.2642	1303.0000
5864.2960	1383.0000
5864.3280	1381.0000
5864.3598	1449.0000
5864.3916	1380.0000
5864.4235	1380.0000
5864.4553	1425.0000
5864.4871	1433.0000
5864.5190	1459.0000
5864.5508	1516.0000
5864.5826	1553.0000
5864.6144	1575.0000
5864.6463	1578.0000
5864.6781	1584.0000
5864.7099	1573.0000
5864.7417	1519.0000
5864.7735	1457.0000
5864.8053	1471.0000
5864.8372	1424.0000
5864.8690	1461.0000
5864.9008	1545.0000
5864.9326	1529.0000
5864.9644	1484.0000
5864.9962	1572.0000
5865.0280	1658.0000
5865.0598	1357.0000
5865.0916	1278.0000
5865.1234	1186.0000
5865.1552	1203.0000
5865.1870	1166.0000
5865.2188	1174.0000
5865.2506	1152.0000
5865.2824	1070.0000
5865.3142	1080.0000
5865.3460	1091.0000
