R_Cam.30
6611.4367	3242.0000
6611.4764	4888.0000
6611.5162	5099.0000
6611.5559	5342.0000
6611.5957	5467.0000
6611.6355	5608.0000
6611.6752	5575.0000
6611.7150	5584.0000
6611.7548	5523.0000
6611.7946	5453.0000
6611.8343	7134.0000
6611.8741	6972.0000
6611.9138	6780.0000
6611.9536	6607.0000
6611.9933	6476.0000
6612.0330	6434.0000
6612.0728	6377.0000
6612.1125	6478.0000
6612.1522	6805.0000
6612.1920	6905.0000
6612.2317	7124.0000
6612.2714	7311.0000
6612.3112	7391.0000
6612.3509	7542.0000
6612.3906	7571.0000
6612.4303	7593.0000
6612.4701	7678.0000
6612.5098	7757.0000
6612.5495	7719.0000
6612.5892	7627.0000
6612.6289	7402.0000
6612.6686	7062.0000
6612.7084	6822.0000
6612.7481	6747.0000
6612.7878	6630.0000
6612.8276	6603.0000
6612.8673	6695.0000
6612.9070	6821.0000
6612.9467	6833.0000
6612.9864	7075.0000
6613.0261	7260.0000
6613.0658	7391.0000
6613.1055	7572.0000
6613.1452	7583.0000
6613.1849	7668.0000
6613.2245	7557.0000
6613.2642	7535.0000
6613.3039	7403.0000
6613.3436	7175.0000
6613.3833	7030.0000
6613.4230	6916.0000
6613.4626	6769.0000
6613.5023	6615.0000
6613.5420	6674.0000
6613.5817	6780.0000
6613.6213	7041.0000
6613.6610	7183.0000
6613.7007	7265.0000
6613.7403	7442.0000
6613.7800	7593.0000
6613.8197	7653.0000
6613.8594	7661.0000
6613.8991	7668.0000
6613.9388	7673.0000
6613.9784	7755.0000
6614.0181	7708.0000
6614.0577	7704.0000
6614.0974	7681.0000
6614.1370	7615.0000
6614.1767	7500.0000
6614.2163	7200.0000
6614.2560	6990.0000
6614.2956	6829.0000
6614.3353	6818.0000
6614.3749	6910.0000
6614.4145	6926.0000
6614.4542	7042.0000
6614.4938	7350.0000
6614.5334	7664.0000
6614.5731	7849.0000
6614.6127	8033.0000
6614.6523	8034.0000
6614.6920	8004.0000
6614.7316	7936.0000
6614.7712	7852.0000
6614.8108	7798.0000
6614.8505	7661.0000
6614.8901	7442.0000
6614.9298	7438.0000
6614.9694	7431.0000
6615.0090	7381.0000
6615.0486	7466.0000
6615.0882	7412.0000
6615.1278	7316.0000
6615.1675	7098.0000
6615.2071	6984.0000
6615.2467	7119.0000
6615.2863	7115.0000
6615.3259	7205.0000
6615.3655	7320.0000
6615.4051	7689.0000
6615.4447	8107.0000
6615.4842	8351.0000
6615.5238	8591.0000
6615.5634	8712.0000
6615.6030	8715.0000
6615.6426	8449.0000
6615.6822	8259.0000
6615.7218	8119.0000
6615.7614	7994.0000
6615.8009	7973.0000
6615.8405	7837.0000
6615.8801	7781.0000
6615.9197	7776.0000
6615.9593	7622.0000
6615.9989	7532.0000
6616.0385	7534.0000
6616.0780	7545.0000
6616.1176	7622.0000
6616.1572	7897.0000
6616.1967	8077.0000
6616.2363	8272.0000
6616.2759	8450.0000
6616.3154	8562.0000
6616.3550	8610.0000
6616.3945	8325.0000
6616.4341	8197.0000
6616.4736	7929.0000
6616.5132	7742.0000
6616.5527	7810.0000
6616.5923	7998.0000
6616.6318	8131.0000
6616.6714	8311.0000
6616.7109	8513.0000
6616.7504	8567.0000
6616.7900	8549.0000
6616.8295	8383.0000
6616.8691	8212.0000
6616.9086	8063.0000
6616.9481	8087.0000
6616.9876	8035.0000
6617.0273	7971.0000
6617.0668	8071.0000
6617.1063	8226.0000
6617.1458	8329.0000
6617.1854	8446.0000
6617.2249	8446.0000
6617.2644	8505.0000
6617.3039	8582.0000
6617.3434	8750.0000
6617.3829	8835.0000
6617.4225	8787.0000
6617.4620	8732.0000
6617.5015	8800.0000
6617.5410	8761.0000
6617.5805	8780.0000
6617.6200	8892.0000
6617.6595	9014.0000
6617.6990	9129.0000
6617.7385	8836.0000
6617.7780	8541.0000
6617.8175	8356.0000
6617.8570	8049.0000
6617.8965	7785.0000
6617.9359	7580.0000
6617.9754	7334.0000
6618.0149	7313.0000
6618.0544	7444.0000
6618.0940	7664.0000
6618.1335	7836.0000
6618.1729	8087.0000
6618.2124	8243.0000
6618.2519	8482.0000
6618.2914	8550.0000
6618.3308	8549.0000
6618.3703	8407.0000
6618.4098	8239.0000
6618.4492	8073.0000
6618.4887	7941.0000
6618.5282	7769.0000
6618.5676	7685.0000
6618.6071	7479.0000
6618.6466	7494.0000
6618.6860	7525.0000
6618.7255	7404.0000
6618.7649	7442.0000
6618.8044	7389.0000
6618.8438	7426.0000
6618.8833	7464.0000
6618.9227	7652.0000
6618.9622	7873.0000
6619.0016	7960.0000
6619.0411	8168.0000
6619.0805	8323.0000
6619.1200	8360.0000
6619.1595	8426.0000
6619.1989	8590.0000
6619.2383	8505.0000
6619.2778	8484.0000
6619.3172	8568.0000
6619.3566	8415.0000
6619.3961	8352.0000
6619.4355	8416.0000
6619.4749	8347.0000
6619.5143	8194.0000
6619.5537	8186.0000
6619.5932	8038.0000
6619.6326	7983.0000
6619.6720	7941.0000
6619.7114	7846.0000
6619.7508	7789.0000
6619.7902	7900.0000
6619.8296	8022.0000
6619.8690	8177.0000
6619.9084	8396.0000
6619.9479	8564.0000
6619.9873	8594.0000
6620.0267	8449.0000
6620.0661	8343.0000
6620.1054	8227.0000
6620.1448	8212.0000
6620.1843	8336.0000
6620.2237	8475.0000
6620.2631	8517.0000
6620.3025	8497.0000
6620.3419	8594.0000
6620.3813	8734.0000
6620.4207	8780.0000
6620.4600	8898.0000
6620.4994	8955.0000
6620.5388	8979.0000
6620.5782	9021.0000
6620.6176	8926.0000
6620.6569	8730.0000
6620.6963	8573.0000
6620.7357	8329.0000
6620.7750	8415.0000
6620.8144	8374.0000
6620.8538	8404.0000
6620.8931	8487.0000
6620.9325	8558.0000
6620.9718	8362.0000
6621.0112	8128.0000
6621.0506	7926.0000
6621.0899	7771.0000
6621.1293	7763.0000
6621.1686	7863.0000
6621.2080	7975.0000
6621.2474	8127.0000
6621.2868	8222.0000
6621.3261	8387.0000
6621.3654	8431.0000
6621.4048	8552.0000
6621.4441	8536.0000
6621.4835	8543.0000
6621.5228	8534.0000
6621.5621	8374.0000
6621.6015	8216.0000
6621.6408	8076.0000
6621.6801	7962.0000
6621.7195	7810.0000
6621.7588	7772.0000
6621.7981	7727.0000
6621.8374	7931.0000
6621.8768	8147.0000
6621.9161	8270.0000
6621.9554	8396.0000
6621.9947	8532.0000
6622.0340	8758.0000
6622.0733	8796.0000
6622.1126	8795.0000
6622.1520	8744.0000
6622.1913	8711.0000
6622.2306	8625.0000
6622.2699	8511.0000
6622.3093	8554.0000
6622.3486	8689.0000
6622.3879	8720.0000
6622.4272	8923.0000
6622.4665	8919.0000
6622.5058	9035.0000
6622.5450	8961.0000
6622.5843	8742.0000
6622.6236	8564.0000
6622.6629	8464.0000
6622.7022	8278.0000
6622.7415	8195.0000
6622.7808	8106.0000
6622.8200	8211.0000
6622.8593	8282.0000
6622.8986	8550.0000
6622.9379	8793.0000
6622.9772	9065.0000
6623.0164	9100.0000
6623.0557	9096.0000
6623.0950	9164.0000
6623.1342	9081.0000
6623.1735	8932.0000
6623.2128	8849.0000
6623.2520	8716.0000
6623.2913	8474.0000
6623.3306	8430.0000
6623.3699	8179.0000
6623.4092	8021.0000
6623.4484	8080.0000
6623.4877	8126.0000
6623.5269	8215.0000
6623.5662	8447.0000
6623.6054	8723.0000
6623.6447	8847.0000
6623.6839	8930.0000
6623.7231	8993.0000
6623.7624	8908.0000
6623.8016	8760.0000
6623.8409	8719.0000
6623.8801	8585.0000
6623.9193	8511.0000
6623.9586	8619.0000
6623.9978	8757.0000
6624.0370	8919.0000
6624.0762	9138.0000
6624.1155	9151.0000
6624.1547	9179.0000
6624.1939	9198.0000
6624.2331	9181.0000
6624.2723	9085.0000
6624.3116	9042.0000
6624.3508	8929.0000
6624.3901	8808.0000
6624.4293	8649.0000
6624.4685	8499.0000
6624.5077	8448.0000
6624.5469	8382.0000
6624.5861	8445.0000
6624.6253	8515.0000
6624.6645	8497.0000
6624.7037	8477.0000
6624.7429	8411.0000
6624.7821	8473.0000
6624.8213	8285.0000
6624.8605	8282.0000
6624.8997	8143.0000
6624.9389	8051.0000
6624.9781	8124.0000
6625.0173	8268.0000
6625.0565	8492.0000
6625.0956	8699.0000
6625.1348	8800.0000
6625.1740	8957.0000
6625.2132	9043.0000
6625.2524	9243.0000
6625.2915	9224.0000
6625.3307	9218.0000
6625.3699	9163.0000
6625.4090	9233.0000
6625.4483	9094.0000
6625.4875	9025.0000
6625.5266	8873.0000
6625.5658	8924.0000
6625.6050	8834.0000
6625.6441	8641.0000
6625.6833	8300.0000
6625.7224	8047.0000
6625.7616	7809.0000
6625.8008	7540.0000
6625.8399	7212.0000
6625.8791	7126.0000
6625.9182	7044.0000
6625.9573	6914.0000
6625.9965	6766.0000
6626.0356	6808.0000
6626.0748	6875.0000
6626.1139	6947.0000
6626.1531	7071.0000
6626.1922	7137.0000
6626.2313	7284.0000
6626.2705	7305.0000
6626.3096	7521.0000
6626.3487	7690.0000
6626.3878	7745.0000
6626.4270	7860.0000
6626.4661	7879.0000
6626.5053	7898.0000
6626.5444	7984.0000
6626.5836	8102.0000
6626.6227	8214.0000
6626.6618	8205.0000
6626.7009	8282.0000
6626.7400	8242.0000
6626.7791	8161.0000
6626.8182	7982.0000
6626.8573	7959.0000
6626.8965	7867.0000
6626.9356	7787.0000
6626.9747	7649.0000
6627.0138	7565.0000
6627.0529	7574.0000
6627.0920	7656.0000
6627.1311	7737.0000
6627.1701	7903.0000
6627.2092	8162.0000
6627.2483	8333.0000
6627.2874	8478.0000
6627.3265	8596.0000
6627.3656	8675.0000
6627.4047	8878.0000
6627.4438	8976.0000
6627.4828	8941.0000
6627.5219	8964.0000
6627.5611	8928.0000
6627.6002	8834.0000
6627.6392	8826.0000
6627.6783	8739.0000
6627.7174	8805.0000
6627.7565	8900.0000
6627.7955	9152.0000
6627.8346	9305.0000
6627.8737	9421.0000
6627.9127	9515.0000
6627.9518	9571.0000
6627.9908	9486.0000
6628.0299	9283.0000
6628.0689	8853.0000
6628.1080	8705.0000
6628.1471	8461.0000
6628.1861	8215.0000
6628.2252	7989.0000
6628.2642	7895.0000
6628.3032	7835.0000
6628.3423	7937.0000
6628.3813	8205.0000
6628.4204	8426.0000
6628.4594	8731.0000
6628.4984	8932.0000
6628.5375	9140.0000
6628.5765	9249.0000
6628.6156	9213.0000
6628.6547	9218.0000
6628.6937	9274.0000
6628.7327	9227.0000
6628.7718	9393.0000
6628.8108	9592.0000
6628.8498	9691.0000
6628.8888	9746.0000
6628.9278	9850.0000
6628.9669	9789.0000
6629.0059	9671.0000
6629.0449	9544.0000
6629.0839	9503.0000
6629.1229	9415.0000
6629.1619	9445.0000
6629.2009	9574.0000
6629.2399	9445.0000
6629.2789	9373.0000
6629.3179	9362.0000
6629.3569	9103.0000
6629.3959	8937.0000
6629.4349	8694.0000
6629.4739	8599.0000
6629.5129	8742.0000
6629.5519	8886.0000
6629.5909	9020.0000
6629.6299	9216.0000
6629.6690	9263.0000
6629.7080	9289.0000
6629.7469	9379.0000
6629.7859	9445.0000
6629.8249	9474.0000
6629.8639	9697.0000
6629.9029	9805.0000
6629.9418	9750.0000
6629.9808	9658.0000
6630.0198	9708.0000
6630.0588	9878.0000
6630.0977	10013.0000
6630.1367	9979.0000
6630.1756	10147.0000
6630.2146	10169.0000
6630.2536	10132.0000
6630.2925	9861.0000
6630.3315	9568.0000
6630.3704	9553.0000
6630.4094	9553.0000
6630.4484	9473.0000
6630.4873	9413.0000
6630.5263	9417.0000
6630.5652	9768.0000
6630.6042	9705.0000
6630.6431	9715.0000
6630.6820	9763.0000
6630.7211	9621.0000
6630.7600	9615.0000
6630.7990	9643.0000
6630.8379	9545.0000
6630.8768	9527.0000
6630.9158	9496.0000
6630.9547	9447.0000
6630.9936	9547.0000
6631.0326	9559.0000
6631.0715	9594.0000
6631.1104	9721.0000
6631.1493	9906.0000
6631.1882	10301.0000
6631.2272	10764.0000
6631.2661	11088.0000
6631.3050	11458.0000
6631.3439	11647.0000
6631.3828	11736.0000
6631.4217	11773.0000
6631.4606	11760.0000
6631.4996	11470.0000
6631.5385	11052.0000
6631.5774	10765.0000
6631.6163	10534.0000
6631.6552	10219.0000
6631.6941	9986.0000
6631.7330	9740.0000
6631.7720	9565.0000
6631.8109	9527.0000
6631.8498	9440.0000
6631.8886	9467.0000
6631.9275	9441.0000
6631.9664	9426.0000
6632.0053	9506.0000
6632.0442	9843.0000
6632.0831	10007.0000
6632.1220	10262.0000
6632.1608	10515.0000
6632.1997	10462.0000
6632.2386	10711.0000
6632.2775	10948.0000
6632.3163	10880.0000
6632.3552	10962.0000
6632.3941	11099.0000
6632.4329	11334.0000
6632.4718	11439.0000
6632.5107	11580.0000
6632.5495	11450.0000
6632.5884	11295.0000
6632.6273	11278.0000
6632.6661	11220.0000
6632.7050	11223.0000
6632.7438	11137.0000
6632.7827	11286.0000
6632.8216	11349.0000
6632.8605	11396.0000
6632.8993	11389.0000
6632.9382	11197.0000
6632.9770	10944.0000
6633.0159	10819.0000
6633.0547	10588.0000
6633.0935	10290.0000
6633.1324	10096.0000
6633.1712	9786.0000
6633.2100	9665.0000
6633.2489	9498.0000
6633.2877	9389.0000
6633.3265	9357.0000
6633.3654	9465.0000
6633.4042	9682.0000
6633.4430	9837.0000
6633.4818	9985.0000
6633.5207	10302.0000
6633.5595	10642.0000
6633.5983	10972.0000
6633.6371	11232.0000
6633.6759	11481.0000
6633.7147	11794.0000
6633.7535	11893.0000
6633.7924	12103.0000
6633.8312	12058.0000
6633.8701	11992.0000
6633.9089	12032.0000
6633.9477	11894.0000
6633.9865	11623.0000
6634.0253	11450.0000
6634.0641	11031.0000
6634.1029	10715.0000
6634.1417	10347.0000
6634.1804	10143.0000
6634.2192	10055.0000
6634.2580	9977.0000
6634.2968	9917.0000
6634.3356	9766.0000
6634.3744	9729.0000
6634.4132	9716.0000
6634.4519	9697.0000
6634.4907	9732.0000
6634.5295	9981.0000
6634.5683	10054.0000
6634.6071	10200.0000
6634.6458	10254.0000
6634.6846	10266.0000
6634.7234	10239.0000
6634.7621	10339.0000
6634.8009	10387.0000
6634.8397	10404.0000
6634.8784	10454.0000
6634.9173	10458.0000
6634.9560	10447.0000
6634.9948	10325.0000
6635.0336	10036.0000
6635.0723	9762.0000
6635.1111	9430.0000
6635.1498	8983.0000
6635.1886	8685.0000
6635.2273	8494.0000
6635.2660	8165.0000
6635.3048	7994.0000
6635.3435	8023.0000
6635.3823	7991.0000
6635.4210	7931.0000
6635.4598	8056.0000
6635.4985	8035.0000
6635.5372	7957.0000
6635.5760	8148.0000
6635.6147	8164.0000
6635.6534	8062.0000
6635.6921	8193.0000
6635.7309	8198.0000
6635.7696	8216.0000
6635.8083	8235.0000
6635.8470	8298.0000
6635.8857	8308.0000
6635.9245	8386.0000
6635.9633	8457.0000
6636.0020	8431.0000
6636.0407	8493.0000
6636.0794	8591.0000
6636.1181	8757.0000
6636.1568	8851.0000
6636.1955	8927.0000
6636.2342	9047.0000
6636.2729	9168.0000
6636.3116	9311.0000
6636.3503	9264.0000
6636.3890	9211.0000
6636.4277	9041.0000
6636.4664	8952.0000
6636.5051	9175.0000
6636.5438	9090.0000
6636.5825	8952.0000
6636.6212	8944.0000
6636.6599	8851.0000
6636.6985	8848.0000
6636.7372	8872.0000
6636.7759	8966.0000
6636.8146	8936.0000
6636.8533	8891.0000
6636.8919	8944.0000
6636.9306	8973.0000
6636.9693	8858.0000
6637.0080	8816.0000
6637.0467	8831.0000
6637.0854	8905.0000
6637.1241	8891.0000
6637.1627	8901.0000
6637.2014	9055.0000
6637.2400	9050.0000
6637.2787	9075.0000
6637.3173	9079.0000
6637.3560	9234.0000
6637.3947	9343.0000
6637.4333	9415.0000
6637.4720	9387.0000
6637.5106	9400.0000
6637.5493	9360.0000
6637.5879	9295.0000
6637.6265	9318.0000
6637.6652	9284.0000
6637.7038	9152.0000
6637.7425	9153.0000
6637.7811	9097.0000
6637.8197	8906.0000
6637.8584	8966.0000
6637.8970	8820.0000
6637.9356	8861.0000
6637.9743	8838.0000
6638.0129	8932.0000
6638.0515	8935.0000
6638.0902	9038.0000
6638.1288	9146.0000
6638.1675	9305.0000
6638.2061	9566.0000
6638.2447	9622.0000
6638.2833	9655.0000
6638.3219	9707.0000
6638.3605	9741.0000
6638.3991	9756.0000
6638.4378	9808.0000
6638.4764	9717.0000
6638.5150	9845.0000
6638.5536	9873.0000
6638.5922	10021.0000
6638.6308	9909.0000
6638.6694	9765.0000
6638.7080	9625.0000
6638.7466	9583.0000
6638.7852	9643.0000
6638.8237	9606.0000
6638.8623	9610.0000
6638.9009	9597.0000
6638.9395	9672.0000
6638.9781	9803.0000
6639.0167	9698.0000
6639.0553	9593.0000
6639.0938	9546.0000
6639.1325	9622.0000
6639.1711	9519.0000
6639.2097	9607.0000
6639.2482	9822.0000
6639.2868	10042.0000
6639.3254	10200.0000
6639.3639	10359.0000
6639.4025	10272.0000
6639.4411	10003.0000
6639.4796	9984.0000
6639.5182	9843.0000
6639.5568	9665.0000
6639.5953	9548.0000
6639.6339	9350.0000
6639.6724	9341.0000
6639.7110	9468.0000
6639.7495	9515.0000
6639.7881	9567.0000
6639.8266	9738.0000
6639.8652	9850.0000
6639.9037	10029.0000
6639.9423	10233.0000
6639.9808	10378.0000
6640.0193	10475.0000
6640.0579	10521.0000
6640.0964	10391.0000
6640.1349	10220.0000
6640.1736	10145.0000
6640.2121	10184.0000
6640.2506	10085.0000
6640.2892	10023.0000
6640.3277	9912.0000
6640.3662	9988.0000
6640.4047	9947.0000
6640.4433	10035.0000
6640.4818	9981.0000
6640.5203	10063.0000
6640.5588	9971.0000
6640.5973	9961.0000
6640.6358	10185.0000
6640.6743	10304.0000
6640.7129	10382.0000
6640.7514	10400.0000
6640.7899	10471.0000
6640.8284	10559.0000
6640.8669	10629.0000
6640.9054	10574.0000
6640.9439	10504.0000
6640.9824	10494.0000
6641.0209	10386.0000
6641.0594	10363.0000
6641.0979	10191.0000
6641.1363	9926.0000
6641.1748	9900.0000
6641.2133	10419.0000
6641.2519	10624.0000
6641.2904	11008.0000
6641.3289	11046.0000
6641.3674	10970.0000
6641.4058	10995.0000
6641.4443	10992.0000
6641.4828	10839.0000
6641.5213	10492.0000
6641.5597	10192.0000
6641.5982	10005.0000
6641.6367	9694.0000
6641.6751	9611.0000
6641.7136	9596.0000
6641.7521	9605.0000
6641.7905	9928.0000
6641.8290	10256.0000
6641.8675	10486.0000
6641.9059	10879.0000
6641.9444	11192.0000
6641.9828	11491.0000
6642.0213	11748.0000
6642.0597	11782.0000
6642.0982	11885.0000
6642.1366	11785.0000
6642.1751	11541.0000
6642.2135	11287.0000
6642.2519	11020.0000
6642.2905	10734.0000
6642.3289	10589.0000
6642.3674	10746.0000
6642.4058	10695.0000
6642.4442	10587.0000
6642.4827	10508.0000
6642.5211	10536.0000
6642.5595	10694.0000
6642.5980	10666.0000
6642.6364	11002.0000
6642.6748	11229.0000
6642.7132	11410.0000
6642.7516	11290.0000
6642.7901	11112.0000
6642.8285	11090.0000
6642.8669	10973.0000
6642.9053	10930.0000
6642.9437	11052.0000
6642.9821	11243.0000
6643.0205	11373.0000
6643.0589	11537.0000
6643.0974	11427.0000
6643.1358	11348.0000
6643.1742	11090.0000
6643.2126	11028.0000
6643.2510	11024.0000
6643.2894	10826.0000
6643.3277	10780.0000
6643.3662	10853.0000
6643.4046	10839.0000
6643.4430	10691.0000
6643.4814	10737.0000
6643.5198	10732.0000
6643.5582	10785.0000
6643.5966	10699.0000
6643.6350	10597.0000
6643.6733	10373.0000
6643.7117	10214.0000
6643.7501	10355.0000
6643.7885	10330.0000
6643.8268	10197.0000
6643.8652	10121.0000
6643.9036	10095.0000
6643.9419	9984.0000
6643.9803	10065.0000
6644.0187	10138.0000
6644.0570	10199.0000
6644.0954	10392.0000
6644.1338	10714.0000
6644.1721	10882.0000
6644.2105	11010.0000
6644.2488	11058.0000
6644.2872	11129.0000
6644.3255	11195.0000
6644.3639	11424.0000
6644.4023	11368.0000
6644.4407	11520.0000
6644.4790	11374.0000
6644.5174	11213.0000
6644.5557	11038.0000
6644.5941	10777.0000
6644.6324	10566.0000
6644.6707	10407.0000
6644.7091	10530.0000
6644.7474	10745.0000
6644.7857	10951.0000
6644.8241	11345.0000
6644.8624	11574.0000
6644.9007	11688.0000
6644.9390	11535.0000
6644.9774	11279.0000
6645.0157	11115.0000
6645.0540	10845.0000
6645.0923	10717.0000
6645.1306	10630.0000
6645.1690	10597.0000
6645.2073	10483.0000
6645.2456	10515.0000
6645.2839	10414.0000
6645.3222	10248.0000
6645.3605	10310.0000
6645.3988	10521.0000
6645.4372	10788.0000
6645.4755	10858.0000
6645.5138	11118.0000
6645.5521	11313.0000
6645.5904	11398.0000
6645.6287	11306.0000
6645.6670	11261.0000
6645.7053	11167.0000
6645.7436	10910.0000
6645.7819	10898.0000
6645.8202	10961.0000
6645.8584	10944.0000
6645.8967	11130.0000
6645.9350	11229.0000
6645.9733	11176.0000
6646.0116	11114.0000
6646.0498	10977.0000
6646.0881	10748.0000
6646.1264	10566.0000
6646.1647	10665.0000
6646.2029	10655.0000
6646.2412	10646.0000
6646.2795	10861.0000
6646.3177	10898.0000
6646.3560	10852.0000
6646.3943	10847.0000
6646.4325	10953.0000
6646.4708	10745.0000
6646.5091	10630.0000
6646.5474	10480.0000
6646.5856	10590.0000
6646.6239	10528.0000
6646.6621	10620.0000
6646.7004	10680.0000
6646.7386	10783.0000
6646.7769	10783.0000
6646.8151	10827.0000
6646.8534	10818.0000
6646.8916	10909.0000
6646.9298	11133.0000
6646.9681	11353.0000
6647.0063	11636.0000
6647.0445	11591.0000
6647.0828	11564.0000
6647.1210	11352.0000
6647.1592	11097.0000
6647.1975	11048.0000
6647.2357	10825.0000
6647.2739	10623.0000
6647.3121	10514.0000
6647.3503	10635.0000
6647.3886	10676.0000
6647.4268	10769.0000
6647.4650	10839.0000
6647.5032	10802.0000
6647.5415	10986.0000
6647.5797	11149.0000
6647.6179	11038.0000
6647.6561	11136.0000
6647.6944	11251.0000
6647.7326	11032.0000
6647.7708	11068.0000
6647.8090	11029.0000
6647.8472	10913.0000
6647.8853	10754.0000
6647.9235	10744.0000
6647.9617	10668.0000
6647.9999	10572.0000
6648.0381	10601.0000
6648.0763	10531.0000
6648.1145	10636.0000
6648.1527	10927.0000
6648.1909	11097.0000
6648.2290	11290.0000
6648.2672	11377.0000
6648.3054	11422.0000
6648.3436	11627.0000
6648.3817	11651.0000
6648.4199	11719.0000
6648.4581	11786.0000
6648.4963	12002.0000
6648.5344	12072.0000
6648.5726	12287.0000
6648.6109	12245.0000
6648.6490	12057.0000
6648.6872	11775.0000
6648.7253	11452.0000
6648.7635	11344.0000
6648.8017	11288.0000
6648.8398	11293.0000
6648.8780	11379.0000
6648.9161	11429.0000
6648.9543	11489.0000
6648.9924	11504.0000
6649.0306	11389.0000
6649.0687	11211.0000
6649.1068	11160.0000
6649.1450	11054.0000
6649.1831	10751.0000
6649.2213	10652.0000
6649.2594	10441.0000
6649.2975	10020.0000
6649.3357	9699.0000
6649.3738	9083.0000
6649.4119	8804.0000
6649.4501	8638.0000
6649.4882	8366.0000
6649.5263	8264.0000
6649.5644	8278.0000
6649.6026	8185.0000
6649.6407	8176.0000
6649.6789	8282.0000
6649.7170	8445.0000
6649.7551	8474.0000
6649.7932	8662.0000
6649.8313	8630.0000
6649.8695	8802.0000
6649.9076	8828.0000
6649.9457	8981.0000
6649.9838	9173.0000
6650.0219	9157.0000
6650.0600	9269.0000
6650.0981	9372.0000
6650.1362	9313.0000
6650.1743	9360.0000
6650.2124	8963.0000
6650.2505	8777.0000
6650.2885	8623.0000
6650.3266	8473.0000
6650.3647	8286.0000
6650.4028	8322.0000
6650.4409	8378.0000
6650.4790	8363.0000
6650.5171	8492.0000
6650.5551	8518.0000
6650.5932	8550.0000
6650.6313	8545.0000
6650.6694	8562.0000
6650.7075	8643.0000
6650.7456	8623.0000
6650.7837	8742.0000
6650.8217	8867.0000
6650.8598	8971.0000
6650.8979	8957.0000
6650.9359	9025.0000
6650.9740	8925.0000
6651.0121	8579.0000
6651.0501	8348.0000
6651.0882	7923.0000
6651.1262	7399.0000
6651.1643	6934.0000
6651.2023	6356.0000
6651.2404	6037.0000
6651.2784	5699.0000
6651.3165	5516.0000
6651.3545	5339.0000
6651.3926	5250.0000
6651.4306	5170.0000
6651.4686	5092.0000
6651.5067	5151.0000
6651.5447	5202.0000
6651.5828	5170.0000
6651.6208	5224.0000
6651.6588	5326.0000
6651.6968	5472.0000
6651.7349	5491.0000
6651.7730	5622.0000
6651.8110	5813.0000
6651.8490	5762.0000
6651.8871	5798.0000
6651.9251	5887.0000
6651.9631	5860.0000
6652.0011	5804.0000
6652.0391	5819.0000
6652.0771	5959.0000
6652.1152	5970.0000
6652.1532	5989.0000
6652.1912	6043.0000
6652.2292	6144.0000
6652.2672	6079.0000
6652.3052	6039.0000
6652.3432	6129.0000
6652.3812	6132.0000
6652.4192	6186.0000
6652.4572	6340.0000
6652.4952	6335.0000
6652.5332	6323.0000
6652.5712	6321.0000
6652.6091	6344.0000
6652.6471	6383.0000
6652.6851	6516.0000
6652.7231	6597.0000
6652.7611	6586.0000
6652.7991	6456.0000
6652.8371	6444.0000
6652.8751	6426.0000
6652.9131	6409.0000
6652.9511	6367.0000
6652.9890	6445.0000
6653.0270	6485.0000
6653.0650	6494.0000
6653.1030	6410.0000
6653.1409	6366.0000
6653.1789	6478.0000
6653.2168	6625.0000
6653.2548	6803.0000
6653.2928	7123.0000
6653.3307	7187.0000
6653.3687	7389.0000
6653.4066	7559.0000
6653.4446	7603.0000
6653.4825	7639.0000
6653.5205	7592.0000
6653.5584	7602.0000
6653.5964	7576.0000
6653.6343	7626.0000
6653.6723	7691.0000
6653.7102	7884.0000
6653.7481	7921.0000
6653.7861	8042.0000
6653.8240	8009.0000
6653.8621	7955.0000
6653.9000	7871.0000
6653.9379	7843.0000
6653.9758	7674.0000
6654.0138	7647.0000
6654.0517	7588.0000
6654.0896	7801.0000
6654.1275	7965.0000
6654.1655	8233.0000
6654.2034	8339.0000
6654.2413	8247.0000
6654.2792	8137.0000
6654.3171	8102.0000
6654.3550	7885.0000
6654.3930	7814.0000
6654.4309	7860.0000
6654.4688	7834.0000
6654.5067	7770.0000
6654.5446	7784.0000
6654.5825	7984.0000
6654.6204	8131.0000
6654.6583	8271.0000
6654.6962	8482.0000
6654.7341	8672.0000
6654.7720	8676.0000
6654.8099	8680.0000
6654.8478	8611.0000
6654.8856	8332.0000
6654.9236	8111.0000
6654.9615	8020.0000
6654.9994	8059.0000
6655.0373	8015.0000
6655.0752	8103.0000
6655.1130	8051.0000
6655.1509	7816.0000
6655.1888	7713.0000
6655.2267	7659.0000
6655.2645	7505.0000
6655.3024	7292.0000
6655.3403	7158.0000
6655.3781	7175.0000
6655.4160	7181.0000
6655.4539	7291.0000
6655.4917	7412.0000
6655.5296	7456.0000
6655.5675	7500.0000
6655.6053	7339.0000
6655.6432	7260.0000
6655.6810	7269.0000
6655.7189	7158.0000
6655.7567	7001.0000
6655.7946	7068.0000
6655.8324	6927.0000
6655.8703	6862.0000
6655.9081	7035.0000
6655.9460	7250.0000
6655.9839	7357.0000
6656.0217	7462.0000
6656.0596	7605.0000
6656.0974	7622.0000
6656.1352	7577.0000
6656.1731	7705.0000
6656.2109	7756.0000
6656.2487	7867.0000
6656.2866	7722.0000
6656.3244	7659.0000
6656.3622	7564.0000
6656.4000	7288.0000
6656.4379	7118.0000
6656.4757	7124.0000
6656.5135	7238.0000
6656.5513	7359.0000
6656.5891	7356.0000
6656.6269	7470.0000
6656.6647	7489.0000
6656.7026	7506.0000
6656.7404	7640.0000
6656.7782	7763.0000
6656.8160	7763.0000
6656.8538	7829.0000
6656.8916	7889.0000
6656.9294	7661.0000
6656.9672	7483.0000
6657.0050	7152.0000
6657.0429	7018.0000
6657.0807	6956.0000
6657.1184	7170.0000
6657.1562	7283.0000
6657.1940	7471.0000
6657.2318	7741.0000
6657.2696	7858.0000
6657.3074	7949.0000
6657.3452	7962.0000
6657.3829	7980.0000
6657.4207	7798.0000
6657.4585	7527.0000
6657.4963	7407.0000
6657.5340	7302.0000
6657.5718	7135.0000
6657.6096	7121.0000
6657.6473	7151.0000
6657.6851	7190.0000
6657.7229	7269.0000
6657.7606	7383.0000
6657.7984	7429.0000
6657.8361	7385.0000
6657.8739	7294.0000
6657.9117	7342.0000
6657.9494	7451.0000
6657.9872	7648.0000
6658.0249	7697.0000
6658.0627	7785.0000
6658.1005	7759.0000
6658.1383	7804.0000
6658.1760	7651.0000
6658.2137	7614.0000
6658.2515	7500.0000
6658.2892	7337.0000
6658.3270	7105.0000
6658.3647	7085.0000
6658.4024	7132.0000
6658.4402	7311.0000
6658.4779	7551.0000
6658.5156	7754.0000
6658.5534	7863.0000
6658.5911	7939.0000
6658.6288	8010.0000
6658.6665	8017.0000
6658.7042	7984.0000
6658.7420	7886.0000
6658.7797	7640.0000
6658.8174	7378.0000
6658.8551	7209.0000
6658.8928	7130.0000
6658.9305	7133.0000
6658.9682	7172.0000
6659.0059	7274.0000
6659.0437	7553.0000
6659.0814	7712.0000
6659.1191	7866.0000
6659.1569	8008.0000
6659.1946	8088.0000
6659.2323	7931.0000
6659.2700	7907.0000
6659.3076	7817.0000
6659.3453	7661.0000
6659.3830	7554.0000
6659.4207	7578.0000
6659.4584	7473.0000
6659.4961	7501.0000
6659.5338	7550.0000
6659.5715	7450.0000
6659.6091	7413.0000
6659.6468	7544.0000
6659.6845	7743.0000
6659.7222	7934.0000
6659.7598	8050.0000
6659.7975	8025.0000
6659.8352	8007.0000
6659.8729	8022.0000
6659.9105	7883.0000
6659.9482	7668.0000
6659.9859	8018.0000
6660.0235	8209.0000
6660.0612	8158.0000
6660.0988	8221.0000
6660.1365	8273.0000
6660.1742	8147.0000
6660.2119	8070.0000
6660.2496	7892.0000
6660.2872	7775.0000
6660.3249	7677.0000
6660.3625	7428.0000
6660.4001	7113.0000
6660.4378	7037.0000
6660.4754	7044.0000
6660.5131	7204.0000
6660.5507	7432.0000
6660.5883	7852.0000
6660.6260	8113.0000
6660.6636	8345.0000
6660.7012	8529.0000
6660.7389	8765.0000
6660.7765	8921.0000
6660.8141	8998.0000
6660.8518	9037.0000
6660.8894	8945.0000
6660.9270	8815.0000
6660.9646	8544.0000
6661.0022	8065.0000
6661.0399	7703.0000
6661.0775	7343.0000
6661.1151	7118.0000
6661.1527	7137.0000
6661.1903	7321.0000
6661.2280	7493.0000
6661.2656	7727.0000
6661.3032	8015.0000
6661.3408	8391.0000
6661.3784	8655.0000
6661.4160	8849.0000
6661.4536	9179.0000
6661.4912	9131.0000
6661.5288	9027.0000
6661.5664	8778.0000
6661.6040	8544.0000
6661.6416	8214.0000
6661.6792	7965.0000
6661.7168	7834.0000
6661.7544	7696.0000
6661.7920	7597.0000
6661.8295	7704.0000
6661.8671	7509.0000
6661.9047	7564.0000
6661.9423	7622.0000
6661.9799	7710.0000
6662.0174	7970.0000
6662.0550	8359.0000
6662.0926	8735.0000
6662.1301	8850.0000
6662.1677	8782.0000
6662.2053	8796.0000
6662.2428	8735.0000
6662.2805	8576.0000
6662.3181	8343.0000
6662.3556	8076.0000
6662.3932	7941.0000
6662.4307	7893.0000
6662.4683	8004.0000
6662.5058	8159.0000
6662.5434	8330.0000
6662.5809	8465.0000
6662.6185	8561.0000
6662.6560	8632.0000
6662.6936	8555.0000
6662.7311	8381.0000
6662.7687	8295.0000
6662.8062	8149.0000
6662.8437	8189.0000
6662.8813	8226.0000
6662.9188	8191.0000
6662.9563	8058.0000
6662.9939	8009.0000
6663.0314	7920.0000
6663.0689	7823.0000
6663.1064	8025.0000
6663.1440	8256.0000
6663.1815	8519.0000
6663.2190	8711.0000
6663.2565	9015.0000
6663.2941	9092.0000
6663.3317	9149.0000
6663.3692	9268.0000
6663.4067	9388.0000
6663.4442	9359.0000
6663.4817	9098.0000
6663.5192	8861.0000
6663.5567	8542.0000
6663.5942	8152.0000
6663.6317	7815.0000
6663.6692	7478.0000
6663.7067	7314.0000
6663.7442	7302.0000
6663.7817	7321.0000
6663.8192	7386.0000
6663.8567	7664.0000
6663.8942	8044.0000
6663.9317	8461.0000
6663.9692	8909.0000
6664.0067	9372.0000
6664.0441	9659.0000
6664.0816	9820.0000
6664.1191	10091.0000
6664.1566	10197.0000
6664.1941	10097.0000
6664.2315	9871.0000
6664.2690	9619.0000
6664.3065	9294.0000
6664.3440	8823.0000
6664.3814	8280.0000
6664.4190	7959.0000
6664.4565	7643.0000
6664.4939	7314.0000
6664.5314	7165.0000
6664.5688	7103.0000
6664.6063	7215.0000
6664.6438	7542.0000
6664.6812	8107.0000
6664.7187	8545.0000
6664.7561	9152.0000
6664.7936	9738.0000
6664.8310	10523.0000
6664.8685	10901.0000
6664.9059	11261.0000
6664.9434	11711.0000
6664.9808	11721.0000
6665.0182	11442.0000
6665.0557	10932.0000
6665.0931	10594.0000
6665.1306	9833.0000
6665.1680	9333.0000
6665.2054	8749.0000
6665.2429	8040.0000
6665.2803	7665.0000
6665.3177	7240.0000
6665.3551	7203.0000
6665.3926	7351.0000
6665.4300	7601.0000
6665.4675	8025.0000
6665.5049	8532.0000
6665.5423	9137.0000
6665.5798	9540.0000
6665.6172	10012.0000
6665.6546	10452.0000
6665.6920	10913.0000
6665.7294	11365.0000
6665.7668	11622.0000
6665.8042	11773.0000
6665.8416	11563.0000
6665.8790	11387.0000
6665.9164	11019.0000
6665.9538	10488.0000
6665.9912	9719.0000
6666.0286	8992.0000
6666.0660	8533.0000
6666.1034	7976.0000
6666.1408	7707.0000
6666.1782	7409.0000
6666.2156	7324.0000
6666.2530	7344.0000
6666.2903	7447.0000
6666.3277	7590.0000
6666.3651	7834.0000
6666.4025	8099.0000
6666.4399	8516.0000
6666.4772	9099.0000
6666.5147	9616.0000
6666.5521	10127.0000
6666.5895	10560.0000
6666.6268	10976.0000
6666.6642	11415.0000
6666.7016	11646.0000
6666.7389	11772.0000
6666.7763	11965.0000
6666.8136	11642.0000
6666.8510	11184.0000
6666.8884	10549.0000
6666.9257	9889.0000
6666.9631	9157.0000
6667.0004	8622.0000
6667.0378	8238.0000
6667.0751	7985.0000
6667.1125	8096.0000
6667.1498	8233.0000
6667.1872	8279.0000
6667.2245	8452.0000
6667.2618	8526.0000
6667.2992	8655.0000
6667.3365	9125.0000
6667.3739	9484.0000
6667.4112	9980.0000
6667.4485	10420.0000
6667.4859	10813.0000
6667.5232	10945.0000
6667.5606	10872.0000
6667.5979	10674.0000
6667.6353	10547.0000
6667.6726	10271.0000
6667.7099	9814.0000
6667.7472	9258.0000
6667.7845	8736.0000
6667.8219	8205.0000
6667.8592	7772.0000
6667.8965	7475.0000
6667.9338	7443.0000
6667.9711	7512.0000
6668.0084	7669.0000
6668.0457	8016.0000
6668.0830	8388.0000
6668.1203	8602.0000
6668.1576	9042.0000
6668.1949	9281.0000
6668.2322	9515.0000
6668.2695	9647.0000
6668.3068	9851.0000
6668.3441	9906.0000
6668.3814	10156.0000
6668.4187	10420.0000
6668.4560	10612.0000
6668.4933	10793.0000
6668.5305	10953.0000
6668.5678	10803.0000
6668.6052	10119.0000
6668.6425	9646.0000
6668.6798	9214.0000
6668.7170	8641.0000
6668.7543	8151.0000
6668.7916	7866.0000
6668.8289	7696.0000
6668.8661	7827.0000
6668.9034	7973.0000
6668.9407	8183.0000
6668.9779	8443.0000
6669.0152	8836.0000
6669.0524	9394.0000
6669.0897	9891.0000
6669.1270	10640.0000
6669.1642	11122.0000
6669.2015	11357.0000
6669.2387	11324.0000
6669.2760	11201.0000
6669.3132	10945.0000
6669.3505	10421.0000
6669.3877	9949.0000
6669.4250	9502.0000
6669.4622	9106.0000
6669.4994	8817.0000
6669.5367	8565.0000
6669.5739	8333.0000
6669.6112	8171.0000
6669.6485	7927.0000
6669.6857	7727.0000
6669.7230	7751.0000
6669.7602	7831.0000
6669.7974	7941.0000
6669.8346	8064.0000
6669.8719	8201.0000
6669.9091	8278.0000
6669.9463	8325.0000
6669.9835	8388.0000
6670.0207	8506.0000
6670.0580	8753.0000
6670.0952	9054.0000
6670.1324	9336.0000
6670.1696	9767.0000
6670.2068	9957.0000
6670.2440	10059.0000
6670.2812	9929.0000
6670.3184	9768.0000
6670.3556	9436.0000
6670.3928	9102.0000
6670.4300	8829.0000
6670.4672	8600.0000
6670.5044	8449.0000
6670.5416	8197.0000
6670.5788	8087.0000
6670.6160	7879.0000
6670.6532	7784.0000
6670.6904	7891.0000
6670.7277	8060.0000
6670.7649	8509.0000
6670.8020	8713.0000
6670.8392	9166.0000
6670.8764	9565.0000
6670.9136	9830.0000
6670.9507	10076.0000
6670.9879	10211.0000
6671.0251	10111.0000
6671.0623	9967.0000
6671.0994	9695.0000
6671.1366	9414.0000
6671.1738	9114.0000
6671.2109	9177.0000
6671.2481	9248.0000
6671.2853	9475.0000
6671.3224	9648.0000
6671.3596	9749.0000
6671.3967	9864.0000
6671.4339	9801.0000
6671.4710	9539.0000
6671.5082	9075.0000
6671.5453	8661.0000
6671.5825	8072.0000
6671.6196	7818.0000
6671.6568	7690.0000
6671.6939	7763.0000
6671.7311	7910.0000
6671.7683	7983.0000
6671.8054	8425.0000
6671.8426	8804.0000
6671.8797	9135.0000
6671.9168	9476.0000
6671.9540	9739.0000
6671.9911	9992.0000
6672.0282	10392.0000
6672.0654	10467.0000
6672.1025	10370.0000
6672.1396	10078.0000
6672.1767	9784.0000
6672.2138	9596.0000
6672.2510	9321.0000
6672.2881	9433.0000
6672.3252	9726.0000
6672.3623	9942.0000
6672.3994	10072.0000
6672.4365	10172.0000
6672.4736	10261.0000
6672.5107	10056.0000
6672.5479	9671.0000
6672.5850	9194.0000
6672.6221	8691.0000
6672.6592	8379.0000
6672.6963	8157.0000
6672.7333	8226.0000
6672.7704	8456.0000
6672.8076	8794.0000
6672.8447	9007.0000
6672.8818	9313.0000
6672.9189	9622.0000
6672.9560	9639.0000
6672.9931	9760.0000
6673.0302	10004.0000
6673.0672	10178.0000
6673.1043	10373.0000
6673.1414	10274.0000
6673.1785	10302.0000
6673.2156	10175.0000
6673.2526	9977.0000
6673.2897	9850.0000
6673.3268	9781.0000
6673.3638	9508.0000
6673.4009	9378.0000
6673.4380	9401.0000
6673.4750	9661.0000
6673.5121	9657.0000
6673.5491	9807.0000
6673.5862	9552.0000
6673.6233	9320.0000
6673.6603	9004.0000
6673.6974	8695.0000
6673.7344	8285.0000
6673.7715	7854.0000
6673.8085	7631.0000
6673.8456	7688.0000
6673.8827	7803.0000
6673.9198	8031.0000
6673.9568	8243.0000
6673.9938	8317.0000
6674.0309	8575.0000
6674.0679	8849.0000
6674.1049	8970.0000
6674.1420	9124.0000
6674.1790	9188.0000
6674.2160	9359.0000
6674.2531	9552.0000
6674.2901	9776.0000
6674.3271	9847.0000
6674.3641	9903.0000
6674.4012	9967.0000
6674.4382	9953.0000
6674.4752	9825.0000
6674.5122	9690.0000
6674.5492	9597.0000
6674.5862	9490.0000
6674.6233	9386.0000
6674.6603	9339.0000
6674.6973	9187.0000
6674.7343	8942.0000
6674.7713	8693.0000
6674.8083	8352.0000
6674.8453	7946.0000
6674.8823	7698.0000
6674.9194	7456.0000
6674.9564	7492.0000
6674.9934	7754.0000
6675.0304	7865.0000
6675.0674	7984.0000
6675.1044	8297.0000
6675.1413	8582.0000
6675.1783	8846.0000
6675.2153	8949.0000
6675.2523	9035.0000
6675.2893	9034.0000
6675.3263	9283.0000
6675.3632	9373.0000
6675.4002	9625.0000
6675.4372	9840.0000
6675.4742	9943.0000
6675.5111	10073.0000
6675.5481	10044.0000
6675.5851	10092.0000
6675.6220	10080.0000
6675.6590	9937.0000
6675.6960	9653.0000
6675.7329	9452.0000
6675.7699	8985.0000
6675.8069	8538.0000
6675.8438	8385.0000
6675.8808	8119.0000
6675.9177	7852.0000
6675.9547	7847.0000
6675.9917	7796.0000
6676.0287	7834.0000
6676.0656	7936.0000
6676.1026	8100.0000
6676.1395	8282.0000
6676.1764	8315.0000
6676.2134	8412.0000
6676.2503	8476.0000
6676.2873	8659.0000
6676.3242	8921.0000
6676.3611	9323.0000
6676.3981	9747.0000
6676.4350	10240.0000
6676.4719	10482.0000
6676.5089	10759.0000
6676.5458	11019.0000
6676.5827	11129.0000
6676.6196	11092.0000
6676.6565	10979.0000
6676.6935	10939.0000
6676.7304	10619.0000
6676.7673	10584.0000
6676.8042	10502.0000
6676.8411	10449.0000
6676.8780	10088.0000
6676.9149	9661.0000
6676.9518	9154.0000
6676.9887	8794.0000
6677.0258	8244.0000
6677.0627	7805.0000
6677.0996	7616.0000
6677.1365	7643.0000
6677.1734	7811.0000
6677.2102	7871.0000
6677.2471	8124.0000
6677.2840	8347.0000
6677.3209	8488.0000
6677.3578	8508.0000
6677.3947	8577.0000
6677.4316	8506.0000
6677.4685	8496.0000
6677.5054	8543.0000
6677.5422	8657.0000
6677.5791	8983.0000
6677.6160	9218.0000
6677.6529	9525.0000
6677.6897	9987.0000
6677.7266	10199.0000
6677.7635	10281.0000
6677.8003	10340.0000
6677.8372	10294.0000
6677.8741	10099.0000
6677.9109	9990.0000
6677.9478	10003.0000
6677.9847	9776.0000
6678.0215	9510.0000
6678.0584	9535.0000
6678.0953	9492.0000
6678.1322	9312.0000
6678.1690	8892.0000
6678.2059	8550.0000
6678.2427	8375.0000
6678.2796	8219.0000
6678.3164	8160.0000
6678.3533	8387.0000
6678.3901	8645.0000
6678.4270	9009.0000
6678.4638	9181.0000
6678.5006	9422.0000
6678.5375	9556.0000
6678.5743	9667.0000
6678.6111	9714.0000
6678.6480	9722.0000
6678.6848	9400.0000
6678.7216	9109.0000
6678.7585	8642.0000
6678.7953	8142.0000
6678.8321	7869.0000
6678.8689	7523.0000
6678.9057	7339.0000
6678.9426	7395.0000
6678.9794	7398.0000
6679.0162	7482.0000
6679.0530	7697.0000
6679.0898	7882.0000
6679.1267	8009.0000
6679.1635	8149.0000
6679.2003	8324.0000
6679.2371	8485.0000
6679.2739	8507.0000
6679.3107	8385.0000
6679.3475	8277.0000
6679.3843	8134.0000
6679.4211	7768.0000
6679.4579	7407.0000
6679.4947	7146.0000
6679.5315	6959.0000
6679.5683	6841.0000
6679.6051	6841.0000
6679.6419	6959.0000
6679.6787	6872.0000
6679.7154	6871.0000
6679.7522	6989.0000
6679.7890	6963.0000
6679.8258	7044.0000
6679.8626	7122.0000
6679.8993	7175.0000
6679.9361	7118.0000
6679.9729	7206.0000
6680.0096	7173.0000
6680.0464	7039.0000
6680.0832	6920.0000
6680.1199	7001.0000
6680.1567	7131.0000
6680.1936	7244.0000
6680.2303	7343.0000
6680.2671	7475.0000
6680.3038	7678.0000
6680.3406	7822.0000
6680.3773	7889.0000
6680.4141	7968.0000
6680.4508	8090.0000
6680.4876	8072.0000
6680.5243	7867.0000
6680.5611	7497.0000
6680.5978	7158.0000
6680.6346	6737.0000
6680.6713	6335.0000
6680.7080	5951.0000
6680.7448	5550.0000
6680.7815	5103.0000
6680.8182	4851.0000
6680.8550	4723.0000
6680.8917	4713.0000
6680.9284	4570.0000
6680.9652	4418.0000
6681.0019	4388.0000
6681.0386	4355.0000
6681.0753	4366.0000
6681.1120	4438.0000
6681.1488	4528.0000
6681.1855	4487.0000
6681.2222	4534.0000
6681.2590	4764.0000
6681.2957	4706.0000
6681.3324	4793.0000
6681.3691	4773.0000
6681.4058	4766.0000
6681.4425	4802.0000
6681.4792	4844.0000
6681.5159	4967.0000
6681.5526	5049.0000
6681.5893	5085.0000
6681.6260	5057.0000
6681.6627	5026.0000
6681.6994	5073.0000
6681.7361	5103.0000
6681.7728	5132.0000
6681.8095	5027.0000
6681.8462	5077.0000
6681.8829	5097.0000
6681.9196	5211.0000
6681.9562	5132.0000
6681.9929	5036.0000
6682.0296	4936.0000
6682.0663	4983.0000
6682.1029	5003.0000
6682.1396	5108.0000
6682.1763	5093.0000
6682.2130	5116.0000
6682.2496	5123.0000
6682.2864	5120.0000
6682.3231	5076.0000
6682.3597	5162.0000
6682.3964	5282.0000
6682.4330	5273.0000
6682.4697	5322.0000
6682.5064	5371.0000
6682.5430	5304.0000
6682.5797	5351.0000
6682.6163	5396.0000
6682.6530	5389.0000
6682.6896	5492.0000
6682.7263	5428.0000
6682.7629	5422.0000
6682.7995	5458.0000
6682.8362	5502.0000
6682.8728	5306.0000
6682.9095	5242.0000
6682.9461	5335.0000
6682.9827	5416.0000
6683.0194	5353.0000
6683.0560	5432.0000
6683.0926	5548.0000
6683.1293	5573.0000
6683.1659	5607.0000
6683.2025	5571.0000
6683.2391	5474.0000
6683.2758	5365.0000
6683.3124	5351.0000
6683.3491	5322.0000
6683.3857	5419.0000
6683.4223	5590.0000
6683.4589	5639.0000
6683.4955	5730.0000
6683.5322	5793.0000
6683.5688	5906.0000
6683.6054	6047.0000
6683.6420	6004.0000
6683.6786	5991.0000
6683.7152	6107.0000
6683.7518	6099.0000
6683.7884	6065.0000
6683.8250	6094.0000
6683.8616	6085.0000
6683.8982	6196.0000
6683.9348	6329.0000
6683.9714	6493.0000
6684.0079	6632.0000
6684.0445	6797.0000
6684.0811	6833.0000
6684.1177	6815.0000
6684.1543	6763.0000
6684.1909	6697.0000
6684.2274	6557.0000
6684.2640	6500.0000
6684.3006	6459.0000
6684.3372	6520.0000
6684.3737	6656.0000
6684.4104	6589.0000
6684.4470	6613.0000
6684.4835	6464.0000
6684.5201	6475.0000
6684.5567	6262.0000
6684.5932	5976.0000
6684.6298	5742.0000
6684.6663	5656.0000
6684.7029	5618.0000
6684.7395	5475.0000
6684.7760	5448.0000
6684.8126	5489.0000
6684.8491	5445.0000
6684.8857	5461.0000
6684.9222	5448.0000
6684.9588	5403.0000
6684.9953	5343.0000
6685.0318	5375.0000
6685.0684	5308.0000
6685.1049	5249.0000
6685.1415	5244.0000
6685.1780	5161.0000
6685.2145	5176.0000
6685.2511	5357.0000
6685.2876	5549.0000
6685.3241	5680.0000
6685.3606	5874.0000
6685.3972	6035.0000
6685.4337	6139.0000
6685.4703	6083.0000
6685.5068	6111.0000
6685.5434	6039.0000
6685.5799	5835.0000
6685.6164	5717.0000
6685.6529	5479.0000
6685.6894	5475.0000
6685.7259	5434.0000
6685.7624	5322.0000
6685.7989	5220.0000
6685.8354	5268.0000
6685.8720	5183.0000
6685.9085	5143.0000
6685.9450	5117.0000
6685.9815	5073.0000
6686.0180	5099.0000
6686.0544	5081.0000
6686.0909	5250.0000
6686.1274	5385.0000
6686.1639	5480.0000
6686.2004	5456.0000
6686.2369	5446.0000
6686.2734	5349.0000
6686.3099	5284.0000
6686.3464	5227.0000
6686.3828	5249.0000
6686.4193	5244.0000
6686.4558	5254.0000
6686.4924	5289.0000
6686.5288	5326.0000
6686.5653	5433.0000
6686.6018	5438.0000
6686.6383	5446.0000
6686.6747	5425.0000
6686.7112	5364.0000
6686.7476	5390.0000
6686.7841	5390.0000
6686.8206	5367.0000
6686.8570	5476.0000
6686.8935	5585.0000
6686.9299	5604.0000
6686.9664	5591.0000
6687.0029	5630.0000
6687.0393	5550.0000
6687.0758	5496.0000
6687.1122	5465.0000
6687.1486	5511.0000
6687.1851	5488.0000
6687.2215	5491.0000
6687.2580	5507.0000
6687.2944	5483.0000
6687.3309	5296.0000
6687.3673	5207.0000
6687.4037	4992.0000
6687.4402	4926.0000
6687.4766	4939.0000
6687.5130	5016.0000
6687.5495	5236.0000
6687.5860	5514.0000
6687.6224	5847.0000
6687.6588	5981.0000
6687.6952	6089.0000
6687.7317	6112.0000
6687.7681	6136.0000
6687.8045	6085.0000
6687.8409	5993.0000
6687.8773	5876.0000
6687.9137	5658.0000
6687.9501	5531.0000
6687.9865	5472.0000
6688.0230	5529.0000
6688.0594	5564.0000
6688.0958	5631.0000
6688.1322	5765.0000
6688.1686	5907.0000
6688.2050	6044.0000
6688.2414	6285.0000
6688.2777	6304.0000
6688.3141	6216.0000
6688.3505	6128.0000
6688.3869	6081.0000
6688.4233	6084.0000
6688.4597	6141.0000
6688.4961	6247.0000
6688.5325	6255.0000
6688.5688	6197.0000
6688.6053	6139.0000
6688.6417	5956.0000
6688.6781	5721.0000
6688.7145	5604.0000
6688.7508	5400.0000
6688.7872	5322.0000
6688.8236	5298.0000
6688.8599	5444.0000
6688.8963	5627.0000
6688.9327	5893.0000
6688.9690	6024.0000
6689.0054	5247.0000
6689.0418	5275.0000
6689.0781	5300.0000
6689.1145	5303.0000
6689.1508	5377.0000
6689.1872	5227.0000
6689.2235	5099.0000
6689.2599	4942.0000
6689.2962	4905.0000
6689.3326	4805.0000
