R_Cam.14
5398.2708	413.0000
5398.3032	694.0000
5398.3355	817.0000
5398.3679	864.0000
5398.4003	942.0000
5398.4326	973.0000
5398.4650	1038.0000
5398.4973	1073.0000
5398.5297	1066.0000
5398.5621	1023.0000
5398.5944	1227.0000
5398.6268	1306.0000
5398.6591	1297.0000
5398.6915	1323.0000
5398.7238	1403.0000
5398.7562	1376.0000
5398.7885	1329.0000
5398.8209	1238.0000
5398.8532	1216.0000
5398.8856	1275.0000
5398.9179	1128.0000
5398.9503	1160.0000
5398.9826	1173.0000
5399.0150	1247.0000
5399.0474	1292.0000
5399.0797	1264.0000
5399.1121	1199.0000
5399.1444	1171.0000
5399.1767	1283.0000
5399.2091	1271.0000
5399.2414	1260.0000
5399.2737	1326.0000
5399.3060	1372.0000
5399.3384	1338.0000
5399.3707	1300.0000
5399.4030	1350.0000
5399.4353	1347.0000
5399.4677	1387.0000
5399.5000	1416.0000
5399.5323	1350.0000
5399.5646	1432.0000
5399.5969	1479.0000
5399.6292	1413.0000
5399.6616	1544.0000
5399.6939	1558.0000
5399.7262	1545.0000
5399.7585	1495.0000
5399.7908	1450.0000
5399.8231	1430.0000
5399.8554	1416.0000
5399.8877	1302.0000
5399.9200	1347.0000
5399.9523	1308.0000
5399.9846	1338.0000
5400.0169	1302.0000
5400.0493	1274.0000
5400.0816	1342.0000
5400.1139	1340.0000
5400.1462	1299.0000
5400.1785	1284.0000
5400.2108	1320.0000
5400.2431	1357.0000
5400.2754	1377.0000
5400.3076	1438.0000
5400.3399	1432.0000
5400.3722	1494.0000
5400.4045	1418.0000
5400.4368	1434.0000
5400.4690	1454.0000
5400.5013	1467.0000
5400.5336	1370.0000
5400.5659	1320.0000
5400.5982	1404.0000
5400.6304	1359.0000
5400.6627	1379.0000
5400.6950	1298.0000
5400.7272	1263.0000
5400.7595	1293.0000
5400.7918	1335.0000
5400.8240	1358.0000
5400.8563	1395.0000
5400.8886	1437.0000
5400.9208	1505.0000
5400.9531	1491.0000
5400.9853	1511.0000
5401.0176	1591.0000
5401.0499	1631.0000
5401.0821	1590.0000
5401.1145	1573.0000
5401.1467	1545.0000
5401.1790	1462.0000
5401.2112	1475.0000
5401.2435	1465.0000
5401.2757	1532.0000
5401.3080	1516.0000
5401.3402	1431.0000
5401.3724	1357.0000
5401.4047	1306.0000
5401.4369	1231.0000
5401.4692	1266.0000
5401.5014	1304.0000
5401.5336	1380.0000
5401.5659	1493.0000
5401.5981	1445.0000
5401.6303	1471.0000
5401.6626	1474.0000
5401.6948	1462.0000
5401.7270	1442.0000
5401.7592	1453.0000
5401.7915	1399.0000
5401.8237	1375.0000
5401.8559	1415.0000
5401.8881	1496.0000
5401.9204	1566.0000
5401.9526	1495.0000
5401.9848	1467.0000
5402.0170	1454.0000
5402.0492	1411.0000
5402.0814	1425.0000
5402.1136	1455.0000
5402.1460	1325.0000
5402.1782	1354.0000
5402.2104	1362.0000
5402.2426	1362.0000
5402.2748	1480.0000
5402.3070	1508.0000
5402.3392	1506.0000
5402.3714	1513.0000
5402.4036	1549.0000
5402.4358	1563.0000
5402.4680	1703.0000
5402.5002	1759.0000
5402.5324	1639.0000
5402.5646	1674.0000
5402.5968	1529.0000
5402.6290	1595.0000
5402.6611	1541.0000
5402.6933	1508.0000
5402.7255	1436.0000
5402.7577	1421.0000
5402.7899	1434.0000
5402.8221	1513.0000
5402.8542	1500.0000
5402.8864	1501.0000
5402.9186	1512.0000
5402.9508	1477.0000
5402.9830	1513.0000
5403.0151	1579.0000
5403.0473	1490.0000
5403.0795	1455.0000
5403.1116	1530.0000
5403.1438	1521.0000
5403.1760	1625.0000
5403.2082	1653.0000
5403.2404	1680.0000
5403.2726	1777.0000
5403.3047	1701.0000
5403.3369	1672.0000
5403.3691	1658.0000
5403.4012	1631.0000
5403.4334	1577.0000
5403.4655	1539.0000
5403.4977	1596.0000
5403.5298	1533.0000
5403.5620	1581.0000
5403.5941	1551.0000
5403.6263	1502.0000
5403.6584	1385.0000
5403.6906	1344.0000
5403.7227	1288.0000
5403.7549	1229.0000
5403.7870	1217.0000
5403.8192	1278.0000
5403.8513	1281.0000
5403.8834	1302.0000
5403.9156	1281.0000
5403.9477	1311.0000
5403.9798	1307.0000
5404.0120	1282.0000
5404.0441	1250.0000
5404.0762	1268.0000
5404.1084	1234.0000
5404.1405	1220.0000
5404.1726	1177.0000
5404.2047	1189.0000
5404.2369	1166.0000
5404.2691	1125.0000
5404.3012	1048.0000
5404.3333	1093.0000
5404.3654	1016.0000
5404.3976	999.0000
5404.4297	1076.0000
5404.4618	1053.0000
5404.4939	1028.0000
5404.5260	1102.0000
5404.5581	1149.0000
5404.5902	1149.0000
5404.6223	1132.0000
5404.6544	1176.0000
5404.6866	1189.0000
5404.7187	1170.0000
5404.7508	1226.0000
5404.7829	1224.0000
5404.8150	1179.0000
5404.8471	1103.0000
5404.8792	1140.0000
5404.9112	1139.0000
5404.9433	1189.0000
5404.9754	1235.0000
5405.0075	1250.0000
5405.0396	1204.0000
5405.0717	1121.0000
5405.1038	1123.0000
5405.1359	1093.0000
5405.1680	1039.0000
5405.2000	1004.0000
5405.2321	1038.0000
5405.2642	967.0000
5405.2963	1023.0000
5405.3285	1138.0000
5405.3605	1205.0000
5405.3926	1148.0000
5405.4247	1181.0000
5405.4568	1205.0000
5405.4888	1168.0000
5405.5209	1125.0000
5405.5530	1076.0000
5405.5850	1018.0000
5405.6171	885.0000
5405.6492	837.0000
5405.6812	807.0000
5405.7133	740.0000
5405.7454	596.0000
5405.7774	640.0000
5405.8095	655.0000
5405.8415	790.0000
5405.8736	883.0000
5405.9056	967.0000
5405.9377	976.0000
5405.9697	1059.0000
5406.0018	1184.0000
5406.0338	1251.0000
5406.0659	1343.0000
5406.0979	1461.0000
5406.1300	1488.0000
5406.1620	1460.0000
5406.1941	1463.0000
5406.2261	1372.0000
5406.2581	1501.0000
5406.2902	1431.0000
5406.3222	1474.0000
5406.3543	1517.0000
5406.3864	1505.0000
5406.4184	1401.0000
5406.4505	1551.0000
5406.4825	1576.0000
5406.5145	1603.0000
5406.5465	1573.0000
5406.5786	1560.0000
5406.6106	1541.0000
5406.6426	1508.0000
5406.6746	1570.0000
5406.7067	1458.0000
5406.7387	1519.0000
5406.7707	1489.0000
5406.8027	1478.0000
5406.8347	1442.0000
5406.8667	1301.0000
5406.8987	1383.0000
5406.9308	1405.0000
5406.9628	1398.0000
5406.9948	1394.0000
5407.0268	1372.0000
5407.0588	1333.0000
5407.0908	1366.0000
5407.1228	1424.0000
5407.1548	1471.0000
5407.1868	1472.0000
5407.2188	1503.0000
5407.2508	1553.0000
5407.2828	1560.0000
5407.3148	1506.0000
5407.3468	1566.0000
5407.3788	1553.0000
5407.4109	1488.0000
5407.4429	1550.0000
5407.4748	1623.0000
5407.5068	1638.0000
5407.5388	1579.0000
5407.5708	1499.0000
5407.6028	1394.0000
5407.6348	1433.0000
5407.6667	1361.0000
5407.6987	1290.0000
5407.7307	1241.0000
5407.7627	1173.0000
5407.7946	1172.0000
5407.8266	1205.0000
5407.8586	1167.0000
5407.8906	1245.0000
5407.9225	1310.0000
5407.9545	1313.0000
5407.9865	1250.0000
5408.0184	1189.0000
5408.0504	1196.0000
5408.0824	1182.0000
5408.1143	1222.0000
5408.1463	1294.0000
5408.1782	1298.0000
5408.2102	1315.0000
5408.2422	1296.0000
5408.2741	1303.0000
5408.3061	1281.0000
5408.3380	1172.0000
5408.3700	1208.0000
5408.4019	1283.0000
5408.4339	1234.0000
5408.4659	1220.0000
5408.4979	1217.0000
5408.5298	1220.0000
5408.5617	1197.0000
5408.5937	1244.0000
5408.6256	1221.0000
5408.6576	1245.0000
5408.6895	1218.0000
5408.7214	1213.0000
5408.7534	1137.0000
5408.7853	1122.0000
5408.8172	1032.0000
5408.8492	965.0000
5408.8811	884.0000
5408.9130	801.0000
5408.9449	801.0000
5408.9769	746.0000
5409.0088	794.0000
5409.0407	857.0000
5409.0726	934.0000
5409.1046	988.0000
5409.1365	1082.0000
5409.1684	1134.0000
5409.2003	1201.0000
5409.2322	1277.0000
5409.2641	1305.0000
5409.2960	1338.0000
5409.3280	1374.0000
5409.3599	1310.0000
5409.3918	1270.0000
5409.4237	1324.0000
5409.4556	1287.0000
5409.4875	1262.0000
5409.5195	1275.0000
5409.5514	1238.0000
5409.5833	1138.0000
5409.6152	1050.0000
5409.6471	950.0000
5409.6790	930.0000
5409.7109	888.0000
5409.7428	777.0000
5409.7747	812.0000
5409.8066	913.0000
5409.8384	884.0000
5409.8703	994.0000
5409.9022	1036.0000
5409.9341	1022.0000
5409.9660	1020.0000
5409.9979	927.0000
5410.0297	938.0000
5410.0616	1039.0000
5410.0935	1156.0000
5410.1254	1145.0000
5410.1573	1285.0000
5410.1891	1336.0000
5410.2210	1330.0000
5410.2529	1404.0000
5410.2847	1373.0000
5410.3166	1503.0000
5410.3485	1399.0000
5410.3803	1384.0000
5410.4122	1405.0000
5410.4441	1398.0000
5410.4759	1405.0000
5410.5078	1371.0000
5410.5397	1342.0000
5410.5716	1294.0000
5410.6035	1317.0000
5410.6353	1274.0000
5410.6672	1178.0000
5410.6990	1152.0000
5410.7309	1215.0000
5410.7627	1217.0000
5410.7946	1277.0000
5410.8264	1320.0000
5410.8583	1350.0000
5410.8901	1368.0000
5410.9220	1382.0000
5410.9538	1413.0000
5410.9856	1465.0000
5411.0175	1509.0000
5411.0493	1496.0000
5411.0812	1384.0000
5411.1130	1383.0000
5411.1448	1428.0000
5411.1767	1364.0000
5411.2085	1304.0000
5411.2403	1374.0000
5411.2721	1417.0000
5411.3040	1407.0000
5411.3358	1327.0000
5411.3676	1358.0000
5411.3994	1380.0000
5411.4313	1353.0000
5411.4631	1351.0000
5411.4949	1328.0000
5411.5267	1353.0000
5411.5585	1341.0000
5411.5904	1395.0000
5411.6223	1426.0000
5411.6541	1376.0000
5411.6859	1422.0000
5411.7177	1422.0000
5411.7495	1463.0000
5411.7813	1385.0000
5411.8131	1346.0000
5411.8449	1425.0000
5411.8767	1308.0000
5411.9085	1303.0000
5411.9403	1375.0000
5411.9721	1389.0000
5412.0039	1363.0000
5412.0357	1480.0000
5412.0675	1423.0000
5412.0993	1389.0000
5412.1311	1407.0000
5412.1629	1440.0000
5412.1947	1372.0000
5412.2265	1472.0000
5412.2583	1542.0000
5412.2900	1561.0000
5412.3218	1495.0000
5412.3536	1500.0000
5412.3854	1498.0000
5412.4172	1425.0000
5412.4489	1396.0000
5412.4807	1439.0000
5412.5125	1519.0000
5412.5443	1552.0000
5412.5760	1582.0000
5412.6078	1540.0000
5412.6396	1409.0000
5412.6714	1533.0000
5412.7032	1523.0000
5412.7350	1520.0000
5412.7668	1458.0000
5412.7985	1463.0000
5412.8303	1494.0000
5412.8620	1488.0000
5412.8938	1427.0000
5412.9256	1497.0000
5412.9573	1424.0000
5412.9891	1379.0000
5413.0208	1448.0000
5413.0526	1488.0000
5413.0843	1502.0000
5413.1161	1610.0000
5413.1478	1678.0000
5413.1796	1562.0000
5413.2113	1502.0000
5413.2431	1496.0000
5413.2748	1548.0000
5413.3066	1525.0000
5413.3383	1631.0000
5413.3700	1629.0000
5413.4018	1558.0000
5413.4335	1540.0000
5413.4652	1578.0000
5413.4970	1597.0000
5413.5287	1576.0000
5413.5604	1541.0000
5413.5922	1554.0000
5413.6239	1533.0000
5413.6556	1531.0000
5413.6874	1558.0000
5413.7191	1593.0000
5413.7509	1696.0000
5413.7826	1643.0000
5413.8143	1680.0000
5413.8461	1705.0000
5413.8778	1553.0000
5413.9095	1511.0000
5413.9412	1581.0000
5413.9729	1623.0000
5414.0046	1591.0000
5414.0364	1604.0000
5414.0681	1591.0000
5414.0998	1673.0000
5414.1315	1610.0000
5414.1632	1596.0000
5414.1949	1608.0000
5414.2266	1633.0000
5414.2583	1667.0000
5414.2900	1767.0000
5414.3217	1807.0000
5414.3534	1816.0000
5414.3851	1829.0000
5414.4168	1825.0000
5414.4485	1726.0000
5414.4802	1677.0000
5414.5119	1549.0000
5414.5435	1549.0000
5414.5752	1583.0000
5414.6069	1546.0000
5414.6386	1548.0000
5414.6703	1609.0000
5414.7020	1670.0000
5414.7337	1678.0000
5414.7653	1752.0000
5414.7971	1756.0000
5414.8288	1650.0000
5414.8605	1572.0000
5414.8921	1530.0000
5414.9238	1505.0000
5414.9555	1542.0000
5414.9872	1514.0000
5415.0188	1497.0000
5415.0505	1508.0000
5415.0822	1458.0000
5415.1138	1469.0000
5415.1455	1548.0000
5415.1772	1569.0000
5415.2088	1478.0000
5415.2405	1489.0000
5415.2721	1579.0000
5415.3038	1533.0000
5415.3354	1493.0000
5415.3671	1550.0000
5415.3988	1567.0000
5415.4304	1572.0000
5415.4621	1596.0000
5415.4937	1677.0000
5415.5254	1721.0000
5415.5570	1761.0000
5415.5886	1769.0000
5415.6203	1811.0000
5415.6519	1771.0000
5415.6836	1735.0000
5415.7152	1785.0000
5415.7468	1896.0000
5415.7785	1851.0000
5415.8101	1774.0000
5415.8419	1774.0000
5415.8735	1825.0000
5415.9051	1675.0000
5415.9367	1664.0000
5415.9684	1687.0000
5416.0000	1634.0000
5416.0316	1697.0000
5416.0633	1653.0000
5416.0949	1731.0000
5416.1265	1663.0000
5416.1581	1658.0000
5416.1897	1725.0000
5416.2214	1781.0000
5416.2530	1815.0000
5416.2846	1735.0000
5416.3162	1706.0000
5416.3478	1743.0000
5416.3794	1735.0000
5416.4110	1777.0000
5416.4426	1816.0000
5416.4743	1906.0000
5416.5059	2001.0000
5416.5375	1972.0000
5416.5691	1892.0000
5416.6007	1863.0000
5416.6323	1923.0000
5416.6639	1873.0000
5416.6955	1814.0000
5416.7271	1777.0000
5416.7587	1786.0000
5416.7902	1851.0000
5416.8218	1822.0000
5416.8534	1885.0000
5416.8851	1883.0000
5416.9167	1853.0000
5416.9483	1853.0000
5416.9799	1867.0000
5417.0115	1940.0000
5417.0430	1982.0000
5417.0746	1936.0000
5417.1062	2072.0000
5417.1378	2098.0000
5417.1694	2022.0000
5417.2009	2061.0000
5417.2325	2117.0000
5417.2641	1996.0000
5417.2957	2001.0000
5417.3272	1956.0000
5417.3588	1831.0000
5417.3904	1821.0000
5417.4219	1828.0000
5417.4535	1762.0000
5417.4851	1739.0000
5417.5166	1778.0000
5417.5482	1882.0000
5417.5797	1826.0000
5417.6113	1740.0000
5417.6429	1809.0000
5417.6744	1847.0000
5417.7060	1881.0000
5417.7375	1891.0000
5417.7691	1873.0000
5417.8006	1880.0000
5417.8322	1850.0000
5417.8637	1894.0000
5417.8953	1925.0000
5417.9268	1941.0000
5417.9585	1957.0000
5417.9900	2051.0000
5418.0215	2008.0000
5418.0531	1931.0000
5418.0846	1861.0000
5418.1162	1893.0000
5418.1477	1969.0000
5418.1792	1940.0000
5418.2108	1885.0000
5418.2423	1939.0000
5418.2738	2018.0000
5418.3053	2074.0000
5418.3369	2051.0000
5418.3684	2123.0000
5418.3999	2063.0000
5418.4314	1989.0000
5418.4630	2002.0000
5418.4945	1881.0000
5418.5260	1826.0000
5418.5575	1831.0000
5418.5890	1837.0000
5418.6206	1832.0000
5418.6521	1860.0000
5418.6836	1923.0000
5418.7151	2004.0000
5418.7466	2056.0000
5418.7781	1990.0000
5418.8096	2079.0000
5418.8411	2154.0000
5418.8726	2053.0000
5418.9041	2147.0000
5418.9356	2129.0000
5418.9671	2130.0000
5418.9987	2103.0000
5419.0302	2055.0000
5419.0617	1895.0000
5419.0932	1937.0000
5419.1247	2039.0000
5419.1562	2024.0000
5419.1877	2056.0000
5419.2192	2029.0000
5419.2507	2055.0000
5419.2822	2065.0000
5419.3136	2194.0000
5419.3451	2154.0000
5419.3766	2182.0000
5419.4081	2214.0000
5419.4396	2113.0000
5419.4710	2133.0000
5419.5025	2126.0000
5419.5340	2196.0000
5419.5655	2140.0000
5419.5969	2050.0000
5419.6284	2067.0000
5419.6599	1938.0000
5419.6914	1957.0000
5419.7228	1955.0000
5419.7543	1898.0000
5419.7858	1849.0000
5419.8172	1864.0000
5419.8487	1894.0000
5419.8801	1946.0000
5419.9116	2004.0000
5419.9431	2031.0000
5419.9745	2070.0000
5420.0060	2109.0000
5420.0374	2101.0000
5420.0690	1989.0000
5420.1004	2060.0000
5420.1319	2123.0000
5420.1633	2163.0000
5420.1948	2201.0000
5420.2262	2224.0000
5420.2577	2104.0000
5420.2891	2142.0000
5420.3206	2202.0000
5420.3520	2202.0000
5420.3834	2213.0000
5420.4149	2124.0000
5420.4463	2058.0000
5420.4777	1998.0000
5420.5092	2009.0000
5420.5406	2040.0000
5420.5720	2024.0000
5420.6035	2052.0000
5420.6349	2154.0000
5420.6663	2321.0000
5420.6977	2343.0000
5420.7292	2425.0000
5420.7606	2428.0000
5420.7920	2246.0000
5420.8234	2320.0000
5420.8549	2382.0000
5420.8863	2305.0000
5420.9177	2247.0000
5420.9491	2179.0000
5420.9805	2168.0000
5421.0119	2191.0000
5421.0433	2053.0000
5421.0747	2020.0000
5421.1063	2070.0000
5421.1377	2122.0000
5421.1691	2138.0000
5421.2005	2228.0000
5421.2319	2213.0000
5421.2633	2171.0000
5421.2947	2239.0000
5421.3261	2207.0000
5421.3575	2152.0000
5421.3889	2123.0000
5421.4203	2191.0000
5421.4517	2102.0000
5421.4830	2114.0000
5421.5144	2029.0000
5421.5458	1992.0000
5421.5772	1984.0000
5421.6086	2060.0000
5421.6400	2018.0000
5421.6714	2061.0000
5421.7027	2130.0000
5421.7341	2173.0000
5421.7655	2209.0000
5421.7969	2166.0000
5421.8283	2257.0000
5421.8596	2256.0000
5421.8910	2207.0000
5421.9224	2231.0000
5421.9538	2197.0000
5421.9851	2240.0000
5422.0165	2314.0000
5422.0479	2310.0000
5422.0792	2273.0000
5422.1106	2186.0000
5422.1420	2185.0000
5422.1734	2212.0000
5422.2048	2213.0000
5422.2361	2272.0000
5422.2675	2315.0000
5422.2988	2463.0000
5422.3302	2514.0000
5422.3616	2510.0000
5422.3929	2428.0000
5422.4243	2313.0000
5422.4556	2340.0000
5422.4870	2253.0000
5422.5183	2182.0000
5422.5496	2191.0000
5422.5810	2031.0000
5422.6123	1939.0000
5422.6437	1960.0000
5422.6750	2167.0000
5422.7064	2124.0000
5422.7377	2109.0000
5422.7690	2218.0000
5422.8004	2363.0000
5422.8317	2379.0000
5422.8630	2460.0000
5422.8944	2409.0000
5422.9257	2344.0000
5422.9570	2342.0000
5422.9883	2253.0000
5423.0197	2275.0000
5423.0510	2236.0000
5423.0823	2110.0000
5423.1136	2172.0000
5423.1450	2188.0000
5423.1763	2128.0000
5423.2077	2093.0000
5423.2390	2123.0000
5423.2703	2050.0000
5423.3016	1968.0000
5423.3329	1865.0000
5423.3643	1830.0000
5423.3956	1859.0000
5423.4269	1913.0000
5423.4582	1962.0000
5423.4895	2046.0000
5423.5208	2084.0000
5423.5521	2063.0000
5423.5834	2147.0000
5423.6147	2249.0000
5423.6460	2214.0000
5423.6773	2219.0000
5423.7086	2197.0000
5423.7399	2158.0000
5423.7712	2136.0000
5423.8024	2208.0000
5423.8337	2137.0000
5423.8650	2092.0000
5423.8963	2177.0000
5423.9276	2163.0000
5423.9589	2268.0000
5423.9902	2329.0000
5424.0214	2282.0000
5424.0527	2289.0000
5424.0840	2331.0000
5424.1153	2307.0000
5424.1466	2306.0000
5424.1778	2371.0000
5424.2091	2362.0000
5424.2404	2340.0000
5424.2717	2328.0000
5424.3030	2312.0000
5424.3343	2316.0000
5424.3656	2339.0000
5424.3968	2431.0000
5424.4281	2364.0000
5424.4593	2311.0000
5424.4906	2310.0000
5424.5219	2373.0000
5424.5531	2382.0000
5424.5844	2428.0000
5424.6156	2367.0000
5424.6469	2291.0000
5424.6781	2205.0000
5424.7094	2308.0000
5424.7406	2378.0000
5424.7719	2502.0000
5424.8031	2544.0000
5424.8344	2586.0000
5424.8656	2487.0000
5424.8969	2430.0000
5424.9281	2418.0000
5424.9594	2308.0000
5424.9906	2351.0000
5425.0218	2373.0000
5425.0531	2261.0000
5425.0843	2349.0000
5425.1155	2463.0000
5425.1468	2559.0000
5425.1780	2641.0000
5425.2092	2561.0000
5425.2405	2518.0000
5425.2717	2508.0000
5425.3029	2494.0000
5425.3342	2443.0000
5425.3655	2366.0000
5425.3967	2411.0000
5425.4279	2490.0000
5425.4591	2512.0000
5425.4903	2492.0000
5425.5216	2436.0000
5425.5528	2515.0000
5425.5840	2566.0000
5425.6152	2591.0000
5425.6464	2600.0000
5425.6776	2642.0000
5425.7088	2675.0000
5425.7400	2696.0000
5425.7712	2802.0000
5425.8024	2690.0000
5425.8336	2682.0000
5425.8648	2732.0000
5425.8960	2743.0000
5425.9272	2720.0000
5425.9584	2620.0000
5425.9896	2609.0000
5426.0208	2583.0000
5426.0520	2334.0000
5426.0832	2103.0000
5426.1144	1791.0000
5426.1456	1500.0000
5426.1768	1198.0000
5426.2080	981.0000
5426.2391	903.0000
5426.2703	871.0000
5426.3015	961.0000
5426.3327	1074.0000
5426.3640	1302.0000
5426.3951	1448.0000
5426.4263	1612.0000
5426.4575	1836.0000
5426.4887	2056.0000
5426.5198	2222.0000
5426.5510	2333.0000
5426.5822	2435.0000
5426.6134	2551.0000
5426.6445	2570.0000
5426.6757	2629.0000
5426.7068	2655.0000
5426.7380	2750.0000
5426.7692	2736.0000
5426.8003	2765.0000
5426.8315	2777.0000
5426.8626	2779.0000
5426.8938	2694.0000
5426.9250	2836.0000
5426.9561	2876.0000
5426.9873	2825.0000
5427.0184	2744.0000
5427.0496	2719.0000
5427.0807	2662.0000
5427.1119	2606.0000
5427.1430	2604.0000
5427.1741	2599.0000
5427.2053	2721.0000
5427.2364	2792.0000
5427.2676	2757.0000
5427.2987	2843.0000
5427.3298	2921.0000
5427.3610	2857.0000
5427.3921	2941.0000
5427.4233	2899.0000
5427.4545	2857.0000
5427.4856	2723.0000
5427.5167	2747.0000
5427.5479	2651.0000
5427.5790	2690.0000
5427.6101	2663.0000
5427.6412	2664.0000
5427.6724	2748.0000
5427.7035	2787.0000
5427.7346	2793.0000
5427.7657	2776.0000
5427.7968	2681.0000
5427.8279	2672.0000
5427.8591	2563.0000
5427.8902	2484.0000
5427.9213	2455.0000
5427.9524	2406.0000
5427.9835	2532.0000
5428.0146	2545.0000
5428.0457	2521.0000
5428.0768	2550.0000
5428.1079	2588.0000
5428.1390	2607.0000
5428.1701	2671.0000
5428.2012	2693.0000
5428.2323	2681.0000
5428.2634	2662.0000
5428.2945	2651.0000
5428.3256	2667.0000
5428.3567	2792.0000
5428.3878	2697.0000
5428.4189	2776.0000
5428.4500	2792.0000
5428.4811	2746.0000
5428.5122	2860.0000
5428.5433	2883.0000
5428.5744	2994.0000
5428.6055	3020.0000
5428.6366	3020.0000
5428.6676	3201.0000
5428.6987	3037.0000
5428.7298	2923.0000
5428.7609	2949.0000
5428.7919	2813.0000
5428.8230	2613.0000
5428.8541	2639.0000
5428.8851	2549.0000
5428.9162	2518.0000
5428.9473	2562.0000
5428.9783	2581.0000
5429.0094	2584.0000
5429.0405	2590.0000
5429.0715	2695.0000
5429.1026	2800.0000
5429.1336	2916.0000
5429.1647	3008.0000
5429.1958	3000.0000
5429.2268	3014.0000
5429.2579	2945.0000
5429.2889	2912.0000
5429.3200	2891.0000
5429.3510	2884.0000
5429.3821	2851.0000
5429.4131	2786.0000
5429.4441	2588.0000
5429.4752	2422.0000
5429.5062	2267.0000
5429.5374	2069.0000
5429.5684	1759.0000
5429.5994	1522.0000
5429.6305	1368.0000
5429.6615	1186.0000
5429.6925	1136.0000
5429.7236	1155.0000
5429.7546	1301.0000
5429.7856	1393.0000
5429.8167	1525.0000
5429.8477	1744.0000
5429.8787	1816.0000
5429.9097	1940.0000
5429.9408	2238.0000
5429.9718	2503.0000
5430.0028	2693.0000
5430.0338	2827.0000
5430.0648	2920.0000
5430.0958	2927.0000
5430.1269	2859.0000
5430.1579	2883.0000
5430.1889	2838.0000
5430.2199	2856.0000
5430.2509	2857.0000
5430.2819	2867.0000
5430.3129	2873.0000
5430.3439	2895.0000
5430.3749	2827.0000
5430.4059	2735.0000
5430.4369	2705.0000
5430.4679	2732.0000
5430.4989	2643.0000
5430.5299	2678.0000
5430.5609	2762.0000
5430.5920	2826.0000
5430.6230	2839.0000
5430.6540	2934.0000
5430.6850	2915.0000
5430.7160	2804.0000
5430.7470	2784.0000
5430.7779	2753.0000
5430.8089	2669.0000
5430.8399	2558.0000
5430.8709	2513.0000
5430.9019	2554.0000
5430.9328	2565.0000
5430.9638	2702.0000
5430.9948	2672.0000
5431.0258	2762.0000
5431.0567	2777.0000
5431.0877	2677.0000
5431.1187	2729.0000
5431.1496	2791.0000
5431.1806	2834.0000
5431.2116	2831.0000
5431.2425	2783.0000
5431.2735	2768.0000
5431.3045	2784.0000
5431.3354	2703.0000
5431.3664	2798.0000
5431.3973	2805.0000
5431.4283	2770.0000
5431.4593	2728.0000
5431.4902	2837.0000
5431.5212	2858.0000
5431.5521	2924.0000
5431.5831	2944.0000
5431.6140	2850.0000
5431.6451	2759.0000
5431.6760	2849.0000
5431.7069	2847.0000
5431.7379	2843.0000
5431.7688	2927.0000
5431.7998	2974.0000
5431.8307	2881.0000
5431.8616	2877.0000
5431.8926	2850.0000
5431.9235	2890.0000
5431.9545	2917.0000
5431.9854	3059.0000
5432.0163	3053.0000
5432.0472	3139.0000
5432.0782	3165.0000
5432.1091	3206.0000
5432.1400	3066.0000
5432.1709	2862.0000
5432.2019	2813.0000
5432.2328	2668.0000
5432.2637	2566.0000
5432.2946	2453.0000
5432.3255	2217.0000
5432.3565	2003.0000
5432.3874	1852.0000
5432.4183	1669.0000
5432.4492	1413.0000
5432.4801	1319.0000
5432.5110	1236.0000
5432.5419	1231.0000
5432.5728	1202.0000
5432.6037	1252.0000
5432.6346	1401.0000
5432.6655	1504.0000
5432.6965	1626.0000
5432.7274	1591.0000
5432.7583	1709.0000
5432.7892	1868.0000
5432.8201	2046.0000
5432.8510	2186.0000
5432.8819	2253.0000
5432.9128	2281.0000
5432.9437	2194.0000
5432.9746	2187.0000
5433.0055	2228.0000
5433.0363	2214.0000
5433.0672	2168.0000
5433.0981	2183.0000
5433.1290	2138.0000
5433.1599	2058.0000
5433.1907	2003.0000
5433.2216	1991.0000
5433.2525	2038.0000
5433.2834	2092.0000
5433.3142	2071.0000
5433.3451	2118.0000
5433.3760	2214.0000
5433.4069	2185.0000
5433.4377	2197.0000
5433.4686	2315.0000
5433.4994	2331.0000
5433.5303	2282.0000
5433.5612	2237.0000
5433.5920	2273.0000
5433.6229	2207.0000
5433.6538	2119.0000
5433.6846	2112.0000
5433.7155	2179.0000
5433.7464	2222.0000
5433.7773	2125.0000
5433.8081	2084.0000
5433.8390	2166.0000
5433.8698	2242.0000
5433.9007	2310.0000
5433.9315	2387.0000
5433.9623	2420.0000
5433.9932	2451.0000
5434.0240	2533.0000
5434.0549	2587.0000
5434.0857	2668.0000
5434.1165	2686.0000
5434.1474	2649.0000
5434.1782	2587.0000
5434.2090	2559.0000
5434.2399	2551.0000
5434.2707	2578.0000
5434.3015	2534.0000
5434.3324	2448.0000
5434.3632	2231.0000
5434.3940	2010.0000
5434.4248	1777.0000
5434.4557	1534.0000
5434.4865	1466.0000
5434.5173	1376.0000
5434.5481	1385.0000
5434.5789	1491.0000
5434.6098	1570.0000
5434.6406	1773.0000
5434.6714	1952.0000
5434.7022	2060.0000
5434.7330	2257.0000
5434.7638	2376.0000
5434.7947	2363.0000
5434.8255	2498.0000
5434.8563	2541.0000
5434.8871	2565.0000
5434.9179	2572.0000
5434.9487	2681.0000
5434.9795	2669.0000
5435.0103	2715.0000
5435.0411	2789.0000
5435.0719	2836.0000
5435.1027	2896.0000
5435.1335	3013.0000
5435.1643	2957.0000
5435.1951	3008.0000
5435.2259	3053.0000
5435.2566	2958.0000
5435.2874	2825.0000
5435.3182	2744.0000
5435.3490	2691.0000
5435.3798	2718.0000
5435.4106	2770.0000
5435.4413	2868.0000
5435.4721	2818.0000
5435.5029	2852.0000
5435.5337	3023.0000
5435.5644	3097.0000
5435.5952	3229.0000
5435.6260	3264.0000
5435.6567	3234.0000
5435.6875	3195.0000
5435.7183	3128.0000
5435.7490	3167.0000
5435.7798	3020.0000
5435.8106	3087.0000
5435.8414	3042.0000
5435.8722	2867.0000
5435.9029	2850.0000
5435.9337	2870.0000
5435.9644	2807.0000
5435.9952	2888.0000
5436.0259	2902.0000
5436.0567	2931.0000
5436.0874	3007.0000
5436.1182	3083.0000
5436.1489	3029.0000
5436.1797	3123.0000
5436.2104	3106.0000
5436.2412	3100.0000
5436.2719	3078.0000
5436.3026	2994.0000
5436.3334	2927.0000
5436.3641	2841.0000
5436.3949	2875.0000
5436.4256	2931.0000
5436.4563	2862.0000
5436.4871	2795.0000
5436.5178	2764.0000
5436.5485	2693.0000
5436.5792	2722.0000
5436.6100	2783.0000
5436.6407	2804.0000
5436.6714	2635.0000
5436.7021	2544.0000
5436.7329	2552.0000
5436.7636	2507.0000
5436.7943	2388.0000
5436.8250	2358.0000
5436.8557	2391.0000
5436.8865	2386.0000
5436.9172	2345.0000
5436.9480	2331.0000
5436.9787	2345.0000
5437.0094	2407.0000
5437.0401	2409.0000
5437.0708	2331.0000
5437.1015	2400.0000
5437.1322	2514.0000
5437.1629	2543.0000
5437.1936	2452.0000
5437.2243	2534.0000
5437.2550	2592.0000
5437.2857	2616.0000
5437.3164	2634.0000
5437.3471	2609.0000
5437.3778	2533.0000
5437.4084	2580.0000
5437.4391	2677.0000
5437.4698	2612.0000
5437.5005	2523.0000
5437.5312	2599.0000
5437.5619	2530.0000
5437.5926	2489.0000
5437.6232	2499.0000
5437.6539	2549.0000
5437.6846	2537.0000
5437.7153	2529.0000
5437.7459	2553.0000
5437.7766	2593.0000
5437.8073	2547.0000
5437.8380	2478.0000
5437.8686	2480.0000
5437.8993	2555.0000
5437.9300	2535.0000
5437.9607	2559.0000
5437.9914	2631.0000
5438.0220	2633.0000
5438.0527	2579.0000
5438.0834	2539.0000
5438.1140	2566.0000
5438.1447	2593.0000
5438.1753	2549.0000
5438.2060	2589.0000
5438.2366	2560.0000
5438.2673	2618.0000
5438.2979	2611.0000
5438.3286	2536.0000
5438.3592	2545.0000
5438.3899	2605.0000
5438.4205	2572.0000
5438.4512	2551.0000
5438.4818	2502.0000
5438.5125	2543.0000
5438.5431	2567.0000
5438.5737	2662.0000
5438.6044	2644.0000
5438.6350	2595.0000
5438.6656	2722.0000
5438.6963	2730.0000
5438.7269	2727.0000
5438.7575	2764.0000
5438.7881	2759.0000
5438.8188	2665.0000
5438.8494	2709.0000
5438.8800	2759.0000
5438.9106	2758.0000
5438.9413	2821.0000
5438.9719	2759.0000
5439.0026	2695.0000
5439.0332	2695.0000
5439.0638	2603.0000
5439.0944	2603.0000
5439.1251	2657.0000
5439.1557	2746.0000
5439.1863	2688.0000
5439.2169	2588.0000
5439.2475	2574.0000
5439.2781	2544.0000
5439.3087	2555.0000
5439.3393	2665.0000
5439.3699	2711.0000
5439.4005	2709.0000
5439.4311	2719.0000
5439.4617	2735.0000
5439.4923	2790.0000
5439.5229	2772.0000
5439.5535	2728.0000
5439.5841	2720.0000
5439.6147	2709.0000
5439.6453	2610.0000
5439.6758	2617.0000
5439.7064	2737.0000
5439.7370	2799.0000
5439.7676	2697.0000
5439.7982	2676.0000
5439.8288	2780.0000
5439.8593	2773.0000
5439.8899	2757.0000
5439.9205	2792.0000
5439.9511	2823.0000
5439.9816	2775.0000
5440.0122	2724.0000
5440.0428	2720.0000
5440.0735	2881.0000
5440.1040	2934.0000
5440.1346	2955.0000
5440.1652	2934.0000
5440.1957	2976.0000
5440.2263	2959.0000
5440.2568	2860.0000
5440.2874	2811.0000
5440.3180	2707.0000
5440.3485	2574.0000
5440.3791	2538.0000
5440.4096	2552.0000
5440.4402	2470.0000
5440.4707	2561.0000
5440.5013	2692.0000
5440.5318	2784.0000
5440.5624	2838.0000
5440.5929	2844.0000
5440.6235	2913.0000
5440.6540	3114.0000
5440.6846	3092.0000
5440.7151	3109.0000
5440.7456	3031.0000
5440.7762	2914.0000
5440.8067	2844.0000
5440.8372	2811.0000
5440.8678	2774.0000
5440.8983	2704.0000
5440.9288	2686.0000
5440.9594	2674.0000
5440.9899	2743.0000
5441.0204	2711.0000
5441.0510	2703.0000
5441.0815	2750.0000
5441.1121	2830.0000
5441.1426	2902.0000
5441.1731	2954.0000
5441.2037	2933.0000
5441.2342	2965.0000
5441.2647	3026.0000
5441.2952	3094.0000
5441.3257	3079.0000
5441.3562	3140.0000
5441.3867	3136.0000
5441.4173	3045.0000
5441.4478	2940.0000
5441.4783	2928.0000
5441.5088	2922.0000
5441.5393	2872.0000
5441.5698	2690.0000
5441.6003	2700.0000
5441.6308	2730.0000
5441.6613	2655.0000
5441.6918	2711.0000
5441.7223	2784.0000
5441.7528	2802.0000
5441.7832	2792.0000
5441.8137	2867.0000
5441.8442	2932.0000
5441.8747	3007.0000
5441.9052	3138.0000
5441.9357	3138.0000
5441.9662	3151.0000
5441.9967	3184.0000
5442.0271	3146.0000
5442.0576	3108.0000
5442.0881	3086.0000
5442.1186	3006.0000
5442.1490	2914.0000
5442.1796	2941.0000
5442.2101	2869.0000
5442.2406	2879.0000
5442.2710	2847.0000
5442.3015	2786.0000
5442.3320	2876.0000
5442.3624	2881.0000
5442.3929	2855.0000
5442.4234	2795.0000
5442.4538	2717.0000
5442.4843	2761.0000
5442.5147	2823.0000
5442.5452	2808.0000
5442.5757	2927.0000
5442.6061	2972.0000
5442.6366	2952.0000
5442.6670	2984.0000
5442.6975	2966.0000
5442.7279	2965.0000
5442.7584	2955.0000
5442.7888	2866.0000
5442.8193	2819.0000
5442.8497	2747.0000
5442.8801	2788.0000
5442.9106	2792.0000
5442.9410	2877.0000
5442.9715	2958.0000
5443.0019	3039.0000
5443.0323	3140.0000
5443.0628	3217.0000
5443.0932	3268.0000
5443.1236	3280.0000
5443.1541	3234.0000
5443.1845	3158.0000
5443.2150	3044.0000
5443.2454	3061.0000
5443.2759	3099.0000
5443.3063	2979.0000
5443.3367	2930.0000
5443.3671	2937.0000
5443.3976	2881.0000
5443.4280	2786.0000
5443.4584	2781.0000
5443.4888	2848.0000
5443.5192	2849.0000
5443.5496	2824.0000
5443.5800	2924.0000
5443.6104	2920.0000
5443.6409	2976.0000
5443.6713	3072.0000
5443.7017	3178.0000
5443.7321	3300.0000
5443.7625	3290.0000
5443.7929	3242.0000
5443.8233	3213.0000
5443.8537	3295.0000
5443.8841	3297.0000
5443.9145	3239.0000
5443.9449	3135.0000
5443.9752	3030.0000
5444.0056	3012.0000
5444.0360	2942.0000
5444.0664	2801.0000
5444.0968	2749.0000
5444.1272	2628.0000
5444.1576	2668.0000
5444.1880	2702.0000
5444.2183	2784.0000
5444.2487	2918.0000
5444.2792	2990.0000
5444.3096	3043.0000
5444.3399	3032.0000
5444.3703	3144.0000
5444.4007	3320.0000
5444.4311	3301.0000
5444.4614	3345.0000
5444.4918	3283.0000
5444.5222	3251.0000
5444.5525	3246.0000
5444.5829	3184.0000
5444.6133	3134.0000
5444.6436	3073.0000
5444.6740	3031.0000
5444.7043	3023.0000
5444.7347	2934.0000
5444.7651	2978.0000
5444.7954	3016.0000
5444.8258	2998.0000
5444.8561	2939.0000
5444.8865	2915.0000
5444.9168	2909.0000
5444.9472	2875.0000
5444.9775	2931.0000
5445.0079	2885.0000
5445.0382	2941.0000
5445.0685	3013.0000
5445.0989	3048.0000
5445.1292	3093.0000
5445.1596	3125.0000
5445.1899	3268.0000
5445.2202	3352.0000
5445.2506	3380.0000
5445.2809	3379.0000
5445.3113	3388.0000
5445.3417	3406.0000
5445.3720	3375.0000
5445.4023	3334.0000
5445.4326	3288.0000
5445.4630	3276.0000
5445.4933	3353.0000
5445.5236	3239.0000
5445.5539	3199.0000
5445.5843	3163.0000
5445.6146	3167.0000
5445.6449	3162.0000
5445.6752	3097.0000
5445.7055	3144.0000
5445.7358	3231.0000
5445.7661	3262.0000
5445.7965	3277.0000
5445.8268	3169.0000
5445.8571	3145.0000
5445.8874	3166.0000
5445.9177	3075.0000
5445.9480	2975.0000
5445.9783	2894.0000
5446.0086	3179.0000
5446.0389	3215.0000
5446.0692	3286.0000
5446.0995	3369.0000
5446.1298	3451.0000
5446.1601	3489.0000
5446.1903	3551.0000
5446.2206	3540.0000
5446.2509	3396.0000
5446.2812	3288.0000
5446.3115	3332.0000
5446.3418	3303.0000
5446.3722	3227.0000
5446.4024	3063.0000
5446.4327	2805.0000
5446.4630	2529.0000
5446.4933	2232.0000
5446.5236	1897.0000
5446.5538	1610.0000
5446.5841	1330.0000
5446.6144	1107.0000
5446.6446	1034.0000
5446.6749	1026.0000
5446.7052	1098.0000
5446.7354	1171.0000
5446.7657	1165.0000
5446.7960	1135.0000
5446.8262	1159.0000
5446.8565	1054.0000
5446.8868	1067.0000
5446.9170	1120.0000
5446.9473	1194.0000
5446.9775	1338.0000
5447.0078	1458.0000
5447.0380	1598.0000
5447.0683	1695.0000
5447.0985	1690.0000
5447.1288	1688.0000
5447.1590	1664.0000
5447.1893	1738.0000
5447.2195	1746.0000
5447.2498	1772.0000
5447.2800	1722.0000
5447.3102	1818.0000
5447.3405	1777.0000
5447.3707	1803.0000
5447.4009	1709.0000
5447.4313	1716.0000
5447.4615	1741.0000
5447.4917	1784.0000
5447.5220	1874.0000
5447.5522	1922.0000
5447.5824	2011.0000
5447.6127	2073.0000
5447.6429	2108.0000
5447.6731	2162.0000
5447.7033	2246.0000
5447.7335	2343.0000
5447.7638	2321.0000
5447.7940	2327.0000
5447.8242	2303.0000
5447.8544	2288.0000
5447.8846	2155.0000
5447.9148	2097.0000
5447.9450	1972.0000
5447.9753	1936.0000
5448.0055	1839.0000
5448.0357	1717.0000
5448.0659	1632.0000
5448.0961	1607.0000
5448.1263	1545.0000
5448.1565	1496.0000
5448.1867	1352.0000
5448.2169	1209.0000
5448.2471	1190.0000
5448.2773	1064.0000
5448.3075	1009.0000
5448.3377	1013.0000
5448.3678	1050.0000
5448.3980	988.0000
5448.4282	1007.0000
5448.4584	1025.0000
5448.4887	952.0000
5448.5189	983.0000
5448.5491	1007.0000
5448.5792	1030.0000
5448.6094	1105.0000
5448.6396	1053.0000
5448.6698	989.0000
5448.7000	951.0000
5448.7301	947.0000
5448.7603	891.0000
5448.7905	799.0000
5448.8206	762.0000
5448.8508	830.0000
5448.8810	769.0000
5448.9111	850.0000
5448.9413	799.0000
5448.9715	800.0000
5449.0016	797.0000
5449.0318	862.0000
5449.0620	902.0000
5449.0921	929.0000
5449.1223	888.0000
5449.1524	873.0000
5449.1826	926.0000
5449.2127	904.0000
5449.2429	847.0000
5449.2730	952.0000
5449.3032	956.0000
5449.3333	860.0000
5449.3635	897.0000
5449.3936	993.0000
5449.4238	1031.0000
5449.4539	1022.0000
5449.4840	1038.0000
5449.5142	1008.0000
5449.5444	1021.0000
5449.5745	966.0000
5449.6047	1059.0000
5449.6348	1031.0000
5449.6649	993.0000
5449.6951	1008.0000
5449.7252	976.0000
5449.7553	1023.0000
5449.7855	1010.0000
5449.8156	1018.0000
5449.8457	1024.0000
5449.8758	1025.0000
5449.9059	986.0000
5449.9361	952.0000
5449.9662	1004.0000
5449.9963	960.0000
5450.0264	963.0000
5450.0565	963.0000
5450.0866	941.0000
5450.1167	928.0000
5450.1468	955.0000
5450.1770	930.0000
5450.2071	927.0000
5450.2372	842.0000
5450.2673	814.0000
5450.2974	875.0000
5450.3275	918.0000
5450.3576	817.0000
5450.3877	840.0000
5450.4178	867.0000
5450.4479	901.0000
5450.4780	920.0000
5450.5080	934.0000
5450.5381	919.0000
5450.5682	923.0000
5450.5984	932.0000
5450.6285	934.0000
5450.6586	904.0000
5450.6887	959.0000
5450.7188	984.0000
5450.7488	902.0000
5450.7789	823.0000
5450.8090	846.0000
5450.8391	816.0000
5450.8691	784.0000
5450.8992	855.0000
5450.9293	848.0000
5450.9594	743.0000
5450.9894	670.0000
5451.0195	704.0000
5451.0496	767.0000
5451.0796	789.0000
5451.1097	711.0000
5451.1398	684.0000
5451.1698	738.0000
5451.1999	765.0000
5451.2299	744.0000
5451.2600	724.0000
5451.2900	828.0000
5451.3201	809.0000
5451.3502	761.0000
5451.3802	790.0000
5451.4103	826.0000
5451.4403	804.0000
5451.4704	814.0000
5451.5004	835.0000
5451.5304	866.0000
5451.5605	858.0000
5451.5905	924.0000
5451.6206	875.0000
5451.6507	885.0000
5451.6807	876.0000
5451.7108	866.0000
5451.7408	843.0000
5451.7709	868.0000
5451.8009	903.0000
5451.8309	942.0000
5451.8609	858.0000
5451.8910	913.0000
5451.9210	878.0000
5451.9510	852.0000
5451.9810	869.0000
5452.0111	911.0000
5452.0411	960.0000
5452.0711	992.0000
5452.1011	941.0000
5452.1311	951.0000
5452.1612	891.0000
5452.1912	916.0000
5452.2212	941.0000
5452.2512	970.0000
5452.2812	957.0000
5452.3112	855.0000
5452.3412	895.0000
5452.3712	918.0000
5452.4012	918.0000
5452.4312	871.0000
5452.4612	890.0000
5452.4912	936.0000
5452.5212	1086.0000
5452.5512	1127.0000
5452.5812	1053.0000
5452.6112	989.0000
5452.6412	1017.0000
5452.6712	994.0000
5452.7013	976.0000
5452.7313	963.0000
5452.7613	990.0000
5452.7913	971.0000
5452.8212	932.0000
5452.8512	873.0000
5452.8812	856.0000
5452.9112	864.0000
5452.9412	809.0000
5452.9711	871.0000
5453.0011	863.0000
5453.0311	894.0000
5453.0611	944.0000
5453.0910	952.0000
5453.1210	956.0000
5453.1510	963.0000
5453.1809	911.0000
5453.2109	1016.0000
5453.2409	1010.0000
5453.2708	930.0000
5453.3008	918.0000
5453.3308	933.0000
5453.3607	934.0000
5453.3907	856.0000
5453.4206	865.0000
5453.4506	897.0000
5453.4805	979.0000
5453.5105	1129.0000
5453.5405	1159.0000
5453.5704	1165.0000
5453.6003	1136.0000
5453.6303	1151.0000
5453.6602	1191.0000
5453.6902	1126.0000
5453.7201	1053.0000
5453.7502	1054.0000
5453.7801	972.0000
5453.8100	976.0000
5453.8400	1047.0000
5453.8699	1018.0000
5453.8999	1055.0000
5453.9298	967.0000
5453.9597	932.0000
5453.9896	1008.0000
5454.0196	1051.0000
5454.0495	1049.0000
5454.0794	1007.0000
5454.1094	1006.0000
5454.1393	1010.0000
5454.1692	955.0000
5454.1991	910.0000
5454.2290	954.0000
5454.2590	945.0000
5454.2889	915.0000
5454.3188	956.0000
5454.3487	923.0000
5454.3786	991.0000
5454.4085	1101.0000
5454.4384	1073.0000
5454.4683	973.0000
5454.4982	978.0000
5454.5281	980.0000
5454.5581	925.0000
5454.5880	948.0000
5454.6179	963.0000
5454.6478	901.0000
5454.6777	986.0000
5454.7075	1029.0000
5454.7374	999.0000
5454.7673	1024.0000
5454.7973	1001.0000
5454.8272	911.0000
5454.8571	880.0000
5454.8870	873.0000
5454.9169	956.0000
5454.9468	912.0000
5454.9767	991.0000
5455.0065	1029.0000
5455.0364	1059.0000
5455.0663	1010.0000
5455.0962	1055.0000
5455.1260	966.0000
5455.1559	971.0000
5455.1858	1114.0000
5455.2157	1097.0000
5455.2455	1178.0000
5455.2754	1240.0000
5455.3053	1225.0000
5455.3351	1199.0000
5455.3650	1094.0000
5455.3949	1013.0000
5455.4247	1021.0000
5455.4546	1045.0000
5455.4845	919.0000
5455.5143	885.0000
5455.5442	871.0000
5455.5740	878.0000
5455.6039	923.0000
5455.6337	933.0000
5455.6636	898.0000
5455.6934	920.0000
5455.7233	985.0000
5455.7531	1057.0000
5455.7830	1015.0000
5455.8128	1039.0000
5455.8428	1051.0000
5455.8726	1050.0000
5455.9025	999.0000
5455.9323	994.0000
5455.9621	943.0000
5455.9920	943.0000
5456.0218	880.0000
5456.0516	870.0000
5456.0815	992.0000
5456.1113	992.0000
5456.1411	1061.0000
5456.1710	1167.0000
5456.2008	1101.0000
5456.2306	1089.0000
5456.2604	1167.0000
5456.2903	1157.0000
5456.3201	1118.0000
5456.3499	1057.0000
5456.3797	972.0000
5456.4095	966.0000
5456.4393	922.0000
5456.4692	868.0000
5456.4990	804.0000
5456.5288	828.0000
5456.5586	780.0000
5456.5884	828.0000
5456.6182	824.0000
5456.6480	758.0000
5456.6778	776.0000
5456.7076	903.0000
5456.7374	948.0000
5456.7672	964.0000
5456.7970	910.0000
5456.8268	945.0000
5456.8566	1025.0000
5456.8864	1003.0000
5456.9163	953.0000
5456.9461	917.0000
5456.9759	979.0000
5457.0057	904.0000
5457.0354	886.0000
5457.0652	905.0000
5457.0950	914.0000
5457.1248	865.0000
5457.1546	810.0000
5457.1844	817.0000
5457.2141	796.0000
5457.2439	816.0000
5457.2737	833.0000
5457.3035	876.0000
5457.3332	829.0000
5457.3630	862.0000
5457.3928	881.0000
5457.4226	875.0000
5457.4523	918.0000
5457.4821	948.0000
5457.5119	894.0000
5457.5416	911.0000
5457.5714	907.0000
5457.6011	890.0000
5457.6309	940.0000
5457.6607	882.0000
5457.6904	831.0000
5457.7202	879.0000
5457.7499	900.0000
5457.7797	874.0000
5457.8094	872.0000
5457.8392	881.0000
5457.8689	878.0000
5457.8987	782.0000
5457.9284	815.0000
5457.9583	871.0000
5457.9880	866.0000
5458.0177	898.0000
5458.0475	925.0000
5458.0772	942.0000
5458.1069	865.0000
5458.1367	917.0000
5458.1664	907.0000
5458.1961	920.0000
5458.2259	918.0000
5458.2556	908.0000
5458.2853	894.0000
5458.3151	890.0000
5458.3448	946.0000
5458.3745	864.0000
5458.4042	874.0000
5458.4340	886.0000
5458.4637	907.0000
5458.4934	868.0000
5458.5231	877.0000
5458.5528	895.0000
5458.5825	857.0000
5458.6123	905.0000
5458.6420	897.0000
5458.6717	847.0000
5458.7014	879.0000
5458.7311	901.0000
5458.7608	892.0000
5458.7905	859.0000
5458.8202	795.0000
5458.8499	800.0000
5458.8796	798.0000
5458.9093	858.0000
5458.9390	867.0000
5458.9687	903.0000
5458.9985	1014.0000
5459.0282	1004.0000
5459.0579	1022.0000
5459.0876	1009.0000
5459.1173	999.0000
5459.1469	1017.0000
5459.1766	1024.0000
5459.2063	975.0000
5459.2360	937.0000
5459.2657	923.0000
5459.2954	897.0000
5459.3250	866.0000
5459.3547	800.0000
5459.3844	830.0000
5459.4141	806.0000
5459.4437	842.0000
5459.4734	828.0000
5459.5031	828.0000
5459.5327	923.0000
5459.5624	917.0000
5459.5921	919.0000
5459.6217	920.0000
5459.6514	948.0000
5459.6811	1044.0000
5459.7107	1122.0000
5459.7404	1111.0000
5459.7700	1149.0000
5459.7997	1128.0000
5459.8294	1107.0000
5459.8590	1094.0000
5459.8887	1057.0000
5459.9183	1016.0000
5459.9480	987.0000
5459.9776	927.0000
5460.0073	898.0000
5460.0369	896.0000
5460.0667	839.0000
5460.0963	823.0000
5460.1259	897.0000
5460.1556	900.0000
5460.1852	867.0000
5460.2148	889.0000
5460.2445	878.0000
5460.2741	846.0000
5460.3037	778.0000
5460.3334	767.0000
5460.3630	705.0000
5460.3926	673.0000
5460.4223	605.0000
5460.4519	577.0000
5460.4815	588.0000
5460.5111	555.0000
5460.5408	602.0000
5460.5704	659.0000
5460.6000	723.0000
5460.6296	695.0000
5460.6592	645.0000
5460.6888	657.0000
5460.7185	687.0000
5460.7481	682.0000
5460.7777	719.0000
5460.8073	769.0000
5460.8369	724.0000
5460.8665	712.0000
5460.8961	739.0000
5460.9257	831.0000
5460.9553	860.0000
5460.9849	734.0000
5461.0145	827.0000
5461.0441	923.0000
5461.0737	895.0000
5461.1034	852.0000
5461.1330	925.0000
5461.1626	939.0000
5461.1922	917.0000
5461.2218	909.0000
5461.2513	997.0000
5461.2809	1014.0000
5461.3105	942.0000
5461.3401	957.0000
5461.3697	1046.0000
5461.3993	1019.0000
5461.4288	789.0000
5461.4584	824.0000
5461.4880	675.0000
5461.5176	632.0000
5461.5471	652.0000
5461.5767	643.0000
5461.6063	558.0000
5461.6359	497.0000
5461.6654	485.0000
5461.6950	505.0000
