R_Cam.11
5218.7234	286.0000
5218.7547	482.0000
5218.7860	513.0000
5218.8173	550.0000
5218.8485	507.0000
5218.8798	587.0000
5218.9111	578.0000
5218.9424	514.0000
5218.9737	417.0000
5219.0050	405.0000
5219.0363	427.0000
5219.0675	362.0000
5219.0988	355.0000
5219.1300	436.0000
5219.1613	443.0000
5219.1926	422.0000
5219.2238	369.0000
5219.2551	423.0000
5219.2863	522.0000
5219.3176	431.0000
5219.3488	367.0000
5219.3801	375.0000
5219.4114	413.0000
5219.4426	453.0000
5219.4739	519.0000
5219.5051	452.0000
5219.5363	414.0000
5219.5676	402.0000
5219.5988	361.0000
5219.6301	319.0000
5219.6613	213.0000
5219.6926	258.0000
5219.7238	216.0000
5219.7550	238.0000
5219.7863	316.0000
5219.8175	336.0000
5219.8487	313.0000
5219.8800	284.0000
5219.9112	363.0000
5219.9424	459.0000
5219.9737	383.0000
5220.0049	427.0000
5220.0362	500.0000
5220.0674	445.0000
5220.0986	469.0000
5220.1299	481.0000
5220.1611	517.0000
5220.1923	619.0000
5220.2235	673.0000
5220.2547	755.0000
5220.2860	782.0000
5220.3172	778.0000
5220.3484	827.0000
5220.3796	929.0000
5220.4108	843.0000
5220.4420	820.0000
5220.4732	765.0000
5220.5044	845.0000
5220.5356	811.0000
5220.5668	750.0000
5220.5980	603.0000
5220.6292	608.0000
5220.6604	536.0000
5220.6916	532.0000
5220.7228	503.0000
5220.7540	463.0000
5220.7852	491.0000
5220.8164	489.0000
5220.8476	480.0000
5220.8788	446.0000
5220.9100	475.0000
5220.9412	403.0000
5220.9724	426.0000
5221.0036	432.0000
5221.0347	589.0000
5221.0659	613.0000
5221.0972	662.0000
5221.1284	781.0000
5221.1596	874.0000
5221.1907	893.0000
5221.2219	835.0000
5221.2531	831.0000
5221.2843	817.0000
5221.3154	701.0000
5221.3466	752.0000
5221.3778	680.0000
5221.4089	597.0000
5221.4401	591.0000
5221.4713	597.0000
5221.5024	554.0000
5221.5336	516.0000
5221.5648	466.0000
5221.5959	470.0000
5221.6271	387.0000
5221.6583	369.0000
5221.6894	467.0000
5221.7206	529.0000
5221.7517	600.0000
5221.7829	613.0000
5221.8140	721.0000
5221.8452	816.0000
5221.8763	822.0000
5221.9075	841.0000
5221.9386	912.0000
5221.9698	837.0000
5222.0009	784.0000
5222.0321	809.0000
5222.0632	838.0000
5222.0943	954.0000
5222.1255	963.0000
5222.1567	895.0000
5222.1879	815.0000
5222.2190	784.0000
5222.2501	719.0000
5222.2813	515.0000
5222.3124	462.0000
5222.3435	416.0000
5222.3746	502.0000
5222.4058	480.0000
5222.4369	456.0000
5222.4680	491.0000
5222.4991	654.0000
5222.5303	606.0000
5222.5614	550.0000
5222.5925	490.0000
5222.6236	477.0000
5222.6547	460.0000
5222.6859	531.0000
5222.7170	563.0000
5222.7481	658.0000
5222.7792	777.0000
5222.8103	864.0000
5222.8414	1041.0000
5222.8725	1046.0000
5222.9036	1052.0000
5222.9347	982.0000
5222.9659	944.0000
5222.9970	775.0000
5223.0281	702.0000
5223.0592	665.0000
5223.0903	602.0000
5223.1214	633.0000
5223.1525	473.0000
5223.1836	487.0000
5223.2147	459.0000
5223.2458	424.0000
5223.2769	421.0000
5223.3080	466.0000
5223.3391	400.0000
5223.3702	430.0000
5223.4013	572.0000
5223.4324	679.0000
5223.4635	785.0000
5223.4945	804.0000
5223.5256	796.0000
5223.5567	867.0000
5223.5878	941.0000
5223.6189	853.0000
5223.6499	785.0000
5223.6810	803.0000
5223.7121	860.0000
5223.7431	866.0000
5223.7742	900.0000
5223.8053	945.0000
5223.8364	885.0000
5223.8674	889.0000
5223.8985	792.0000
5223.9296	641.0000
5223.9606	477.0000
5223.9917	495.0000
5224.0227	538.0000
5224.0538	576.0000
5224.0849	618.0000
5224.1159	586.0000
5224.1470	579.0000
5224.1780	676.0000
5224.2091	598.0000
5224.2402	534.0000
5224.2713	511.0000
5224.3023	461.0000
5224.3334	364.0000
5224.3644	441.0000
5224.3955	470.0000
5224.4265	466.0000
5224.4576	609.0000
5224.4886	696.0000
5224.5196	815.0000
5224.5507	899.0000
5224.5817	830.0000
5224.6128	870.0000
5224.6438	717.0000
5224.6748	670.0000
5224.7059	657.0000
5224.7369	622.0000
5224.7679	603.0000
5224.7989	528.0000
5224.8300	480.0000
5224.8610	448.0000
5224.8920	511.0000
5224.9230	558.0000
5224.9541	515.0000
5224.9851	499.0000
5225.0161	484.0000
5225.0471	504.0000
5225.0781	568.0000
5225.1092	668.0000
5225.1402	718.0000
5225.1712	716.0000
5225.2022	770.0000
5225.2332	887.0000
5225.2642	884.0000
5225.2953	713.0000
5225.3263	720.0000
5225.3573	520.0000
5225.3883	427.0000
5225.4193	364.0000
5225.4504	198.0000
5225.4814	217.0000
5225.5124	203.0000
5225.5433	239.0000
5225.5743	242.0000
5225.6053	264.0000
5225.6363	309.0000
5225.6673	356.0000
5225.6983	487.0000
5225.7293	463.0000
5225.7603	552.0000
5225.7913	728.0000
5225.8223	793.0000
5225.8533	889.0000
5225.8842	950.0000
5225.9152	848.0000
5225.9462	731.0000
5225.9772	619.0000
5226.0082	535.0000
5226.0391	444.0000
5226.0701	492.0000
5226.1011	477.0000
5226.1321	466.0000
5226.1630	575.0000
5226.1940	725.0000
5226.2250	914.0000
5226.2559	1053.0000
5226.2869	1136.0000
5226.3179	1072.0000
5226.3489	1067.0000
5226.3799	987.0000
5226.4109	949.0000
5226.4418	818.0000
5226.4728	783.0000
5226.5037	756.0000
5226.5347	667.0000
5226.5657	596.0000
5226.5966	486.0000
5226.6276	454.0000
5226.6585	443.0000
5226.6895	510.0000
5226.7204	552.0000
5226.7514	640.0000
5226.7823	649.0000
5226.8132	712.0000
5226.8442	839.0000
5226.8751	955.0000
5226.9061	964.0000
5226.9370	963.0000
5226.9680	957.0000
5226.9989	943.0000
5227.0298	867.0000
5227.0608	738.0000
5227.0917	742.0000
5227.1226	594.0000
5227.1536	524.0000
5227.1845	554.0000
5227.2154	520.0000
5227.2463	505.0000
5227.2773	581.0000
5227.3082	604.0000
5227.3391	558.0000
5227.3700	561.0000
5227.4011	558.0000
5227.4320	545.0000
5227.4629	693.0000
5227.4938	714.0000
5227.5247	932.0000
5227.5556	1082.0000
5227.5865	1162.0000
5227.6175	1165.0000
5227.6484	1075.0000
5227.6793	1036.0000
5227.7102	929.0000
5227.7411	717.0000
5227.7720	633.0000
5227.8029	553.0000
5227.8338	565.0000
5227.8647	636.0000
5227.8956	577.0000
5227.9265	668.0000
5227.9574	734.0000
5227.9883	746.0000
5228.0192	832.0000
5228.0501	836.0000
5228.0810	856.0000
5228.1119	890.0000
5228.1428	881.0000
5228.1736	939.0000
5228.2045	848.0000
5228.2354	817.0000
5228.2663	797.0000
5228.2972	753.0000
5228.3281	707.0000
5228.3589	629.0000
5228.3898	522.0000
5228.4207	468.0000
5228.4517	566.0000
5228.4825	719.0000
5228.5134	861.0000
5228.5443	950.0000
5228.5752	1020.0000
5228.6060	1076.0000
5228.6369	1095.0000
5228.6678	1138.0000
5228.6986	1048.0000
5228.7295	977.0000
5228.7604	1050.0000
5228.7912	1080.0000
5228.8221	1153.0000
5228.8529	1072.0000
5228.8838	1221.0000
5228.9147	1254.0000
5228.9455	1297.0000
5228.9764	1402.0000
5229.0072	1413.0000
5229.0381	1302.0000
5229.0689	1157.0000
5229.0998	987.0000
5229.1306	919.0000
5229.1615	814.0000
5229.1923	834.0000
5229.2232	825.0000
5229.2540	863.0000
5229.2848	991.0000
5229.3157	1097.0000
5229.3465	1184.0000
5229.3774	1220.0000
5229.4082	1219.0000
5229.4390	1089.0000
5229.4699	905.0000
5229.5008	883.0000
5229.5316	858.0000
5229.5625	697.0000
5229.5933	577.0000
5229.6241	577.0000
5229.6549	674.0000
5229.6858	731.0000
5229.7166	742.0000
5229.7474	819.0000
5229.7782	937.0000
5229.8091	1074.0000
5229.8399	1082.0000
5229.8707	1115.0000
5229.9015	1114.0000
5229.9323	1202.0000
5229.9631	1151.0000
5229.9939	1065.0000
5230.0248	954.0000
5230.0556	860.0000
5230.0864	765.0000
5230.1172	724.0000
5230.1480	751.0000
5230.1788	660.0000
5230.2096	770.0000
5230.2404	892.0000
5230.2712	974.0000
5230.3020	1042.0000
5230.3328	1138.0000
5230.3636	1273.0000
5230.3944	1330.0000
5230.4252	1334.0000
5230.4560	1313.0000
5230.4868	1213.0000
5230.5175	1100.0000
5230.5483	1075.0000
5230.5792	1104.0000
5230.6100	1114.0000
5230.6408	1130.0000
5230.6716	1194.0000
5230.7024	1353.0000
5230.7331	1396.0000
5230.7639	1425.0000
5230.7947	1477.0000
5230.8255	1374.0000
5230.8562	1219.0000
5230.8870	1103.0000
5230.9178	937.0000
5230.9486	778.0000
5230.9793	795.0000
5231.0101	824.0000
5231.0409	963.0000
5231.0716	1084.0000
5231.1024	1182.0000
5231.1332	1288.0000
5231.1639	1240.0000
5231.1947	1260.0000
5231.2254	1198.0000
5231.2562	1174.0000
5231.2870	1126.0000
5231.3177	919.0000
5231.3485	792.0000
5231.3792	744.0000
5231.4100	650.0000
5231.4407	607.0000
5231.4715	680.0000
5231.5022	797.0000
5231.5330	962.0000
5231.5637	995.0000
5231.5945	1132.0000
5231.6253	1294.0000
5231.6560	1380.0000
5231.6868	1403.0000
5231.7175	1327.0000
5231.7483	1311.0000
5231.7790	1232.0000
5231.8097	1163.0000
5231.8405	1102.0000
5231.8712	956.0000
5231.9019	834.0000
5231.9327	812.0000
5231.9634	691.0000
5231.9941	696.0000
5232.0248	790.0000
5232.0556	920.0000
5232.0863	1056.0000
5232.1170	1248.0000
5232.1477	1375.0000
5232.1785	1328.0000
5232.2092	1364.0000
5232.2399	1370.0000
5232.2706	1335.0000
5232.3013	1349.0000
5232.3320	1296.0000
5232.3627	1249.0000
5232.3935	1307.0000
5232.4242	1324.0000
5232.4549	1447.0000
5232.4856	1548.0000
5232.5163	1604.0000
5232.5470	1737.0000
5232.5777	1753.0000
5232.6084	1659.0000
5232.6391	1632.0000
5232.6699	1520.0000
5232.7006	1363.0000
5232.7313	1167.0000
5232.7620	949.0000
5232.7927	863.0000
5232.8234	867.0000
5232.8541	962.0000
5232.8847	967.0000
5232.9154	1104.0000
5232.9461	1156.0000
5232.9768	1166.0000
5233.0075	1154.0000
5233.0382	1136.0000
5233.0689	1206.0000
5233.0995	1121.0000
5233.1302	1130.0000
5233.1609	1041.0000
5233.1916	903.0000
5233.2222	857.0000
5233.2529	739.0000
5233.2836	744.0000
5233.3143	723.0000
5233.3449	883.0000
5233.3756	1113.0000
5233.4063	1250.0000
5233.4369	1373.0000
5233.4676	1506.0000
5233.4983	1649.0000
5233.5289	1650.0000
5233.5596	1548.0000
5233.5902	1387.0000
5233.6209	1237.0000
5233.6516	1028.0000
5233.6822	884.0000
5233.7130	800.0000
5233.7436	730.0000
5233.7743	684.0000
5233.8049	649.0000
5233.8356	644.0000
5233.8662	779.0000
5233.8969	968.0000
5233.9275	1140.0000
5233.9582	1268.0000
5233.9888	1403.0000
5234.0194	1486.0000
5234.0501	1379.0000
5234.0807	1366.0000
5234.1114	1314.0000
5234.1420	1230.0000
5234.1726	1122.0000
5234.2033	1100.0000
5234.2339	1080.0000
5234.2645	1166.0000
5234.2952	1153.0000
5234.3258	1303.0000
5234.3564	1432.0000
5234.3870	1493.0000
5234.4177	1567.0000
5234.4483	1528.0000
5234.4789	1447.0000
5234.5095	1305.0000
5234.5402	1137.0000
5234.5708	1050.0000
5234.6014	1007.0000
5234.6320	880.0000
5234.6626	974.0000
5234.6932	1149.0000
5234.7238	1188.0000
5234.7545	1295.0000
5234.7852	1399.0000
5234.8158	1572.0000
5234.8464	1703.0000
5234.8770	1787.0000
5234.9076	1846.0000
5234.9382	1684.0000
5234.9688	1492.0000
5234.9994	1407.0000
5235.0300	1231.0000
5235.0606	1003.0000
5235.0912	778.0000
5235.1218	770.0000
5235.1524	823.0000
5235.1830	952.0000
5235.2136	1077.0000
5235.2441	1236.0000
5235.2747	1414.0000
5235.3053	1516.0000
5235.3359	1666.0000
5235.3665	1658.0000
5235.3971	1609.0000
5235.4277	1449.0000
5235.4582	1275.0000
5235.4888	1162.0000
5235.5194	1082.0000
5235.5500	956.0000
5235.5805	863.0000
5235.6111	711.0000
5235.6417	745.0000
5235.6723	859.0000
5235.7028	931.0000
5235.7334	1037.0000
5235.7640	1137.0000
5235.7945	1239.0000
5235.8252	1431.0000
5235.8558	1606.0000
5235.8863	1594.0000
5235.9169	1695.0000
5235.9474	1757.0000
5235.9780	1659.0000
5236.0086	1537.0000
5236.0391	1490.0000
5236.0697	1512.0000
5236.1002	1584.0000
5236.1308	1601.0000
5236.1613	1596.0000
5236.1919	1634.0000
5236.2224	1705.0000
5236.2530	1641.0000
5236.2835	1568.0000
5236.3141	1509.0000
5236.3446	1452.0000
5236.3751	1337.0000
5236.4057	1195.0000
5236.4362	1161.0000
5236.4668	1086.0000
5236.4973	1093.0000
5236.5278	1077.0000
5236.5584	1053.0000
5236.5889	1189.0000
5236.6194	1337.0000
5236.6500	1510.0000
5236.6805	1680.0000
5236.7110	1811.0000
5236.7415	1909.0000
5236.7721	1901.0000
5236.8026	1924.0000
5236.8331	1959.0000
5236.8636	1818.0000
5236.8942	1634.0000
5236.9248	1393.0000
5236.9553	1273.0000
5236.9858	1125.0000
5237.0163	993.0000
5237.0468	995.0000
5237.0773	1050.0000
5237.1078	1212.0000
5237.1383	1409.0000
5237.1689	1558.0000
5237.1994	1667.0000
5237.2299	1722.0000
5237.2604	1710.0000
5237.2909	1614.0000
5237.3214	1361.0000
5237.3519	1240.0000
5237.3824	1129.0000
5237.4129	954.0000
5237.4434	889.0000
5237.4739	911.0000
5237.5043	919.0000
5237.5348	948.0000
5237.5653	1065.0000
5237.5958	1114.0000
5237.6263	1243.0000
5237.6568	1283.0000
5237.6873	1405.0000
5237.7178	1453.0000
5237.7482	1689.0000
5237.7787	1787.0000
5237.8092	1745.0000
5237.8397	1751.0000
5237.8702	1743.0000
5237.9006	1792.0000
5237.9312	1785.0000
5237.9617	1698.0000
5237.9922	1702.0000
5238.0226	1851.0000
5238.0531	1885.0000
5238.0836	1973.0000
5238.1140	2002.0000
5238.1445	2062.0000
5238.1750	1954.0000
5238.2054	1873.0000
5238.2359	1699.0000
5238.2663	1558.0000
5238.2968	1385.0000
5238.3273	1218.0000
5238.3577	1139.0000
5238.3882	1097.0000
5238.4186	1223.0000
5238.4491	1243.0000
5238.4795	1375.0000
5238.5100	1401.0000
5238.5404	1491.0000
5238.5709	1454.0000
5238.6013	1502.0000
5238.6318	1597.0000
5238.6622	1581.0000
5238.6927	1641.0000
5238.7231	1622.0000
5238.7535	1604.0000
5238.7840	1600.0000
5238.8144	1496.0000
5238.8448	1397.0000
5238.8753	1247.0000
5238.9057	1134.0000
5238.9361	1190.0000
5238.9666	1256.0000
5238.9971	1366.0000
5239.0275	1584.0000
5239.0580	1898.0000
5239.0884	2084.0000
5239.1188	2129.0000
5239.1492	2293.0000
5239.1796	2159.0000
5239.2101	1886.0000
5239.2405	1520.0000
5239.2709	1273.0000
5239.3013	1107.0000
5239.3317	1039.0000
5239.3621	1041.0000
5239.3926	1062.0000
5239.4230	1132.0000
5239.4534	1209.0000
5239.4838	1352.0000
5239.5142	1448.0000
5239.5446	1581.0000
5239.5750	1650.0000
5239.6054	1727.0000
5239.6358	1667.0000
5239.6662	1555.0000
5239.6966	1547.0000
5239.7270	1454.0000
5239.7574	1449.0000
5239.7878	1414.0000
5239.8182	1416.0000
5239.8486	1400.0000
5239.8790	1484.0000
5239.9094	1585.0000
5239.9398	1537.0000
5239.9701	1615.0000
5240.0005	1699.0000
5240.0310	1763.0000
5240.0614	1725.0000
5240.0918	1689.0000
5240.1222	1616.0000
5240.1525	1560.0000
5240.1829	1419.0000
5240.2133	1267.0000
5240.2437	1133.0000
5240.2740	1041.0000
5240.3044	989.0000
5240.3348	1029.0000
5240.3652	1160.0000
5240.3955	1165.0000
5240.4259	1055.0000
5240.4563	1022.0000
5240.4866	965.0000
5240.5170	945.0000
5240.5473	874.0000
5240.5777	875.0000
5240.6081	856.0000
5240.6384	866.0000
5240.6688	767.0000
5240.6991	792.0000
5240.7295	822.0000
5240.7598	772.0000
5240.7902	793.0000
5240.8205	843.0000
5240.8509	852.0000
5240.8812	796.0000
5240.9116	805.0000
5240.9419	846.0000
5240.9723	832.0000
5241.0026	814.0000
5241.0330	924.0000
5241.0633	947.0000
5241.0937	951.0000
5241.1241	998.0000
5241.1544	973.0000
5241.1847	911.0000
5241.2151	874.0000
5241.2454	945.0000
5241.2757	957.0000
5241.3061	880.0000
5241.3364	881.0000
5241.3667	965.0000
5241.3971	1068.0000
5241.4274	1149.0000
5241.4577	1222.0000
5241.4880	1303.0000
5241.5183	1259.0000
5241.5487	1222.0000
5241.5790	1215.0000
5241.6093	1218.0000
5241.6396	1211.0000
5241.6699	1214.0000
5241.7002	1203.0000
5241.7305	1291.0000
5241.7609	1319.0000
5241.7912	1357.0000
5241.8215	1379.0000
5241.8518	1545.0000
5241.8821	1586.0000
5241.9124	1555.0000
5241.9427	1498.0000
5241.9730	1527.0000
5242.0033	1550.0000
5242.0336	1368.0000
5242.0639	1333.0000
5242.0942	1197.0000
5242.1245	1130.0000
5242.1549	991.0000
5242.1852	953.0000
5242.2154	934.0000
5242.2457	957.0000
5242.2760	1047.0000
5242.3063	1221.0000
5242.3366	1416.0000
5242.3669	1564.0000
5242.3972	1688.0000
5242.4274	1843.0000
5242.4577	1844.0000
5242.4880	1801.0000
5242.5183	1663.0000
5242.5485	1571.0000
5242.5788	1594.0000
5242.6091	1596.0000
5242.6394	1451.0000
5242.6696	1442.0000
5242.6999	1434.0000
5242.7302	1304.0000
5242.7604	1219.0000
5242.7907	1081.0000
5242.8210	1040.0000
5242.8512	1061.0000
5242.8815	1100.0000
5242.9118	1115.0000
5242.9420	1265.0000
5242.9723	1363.0000
5243.0025	1543.0000
5243.0328	1492.0000
5243.0630	1462.0000
5243.0933	1397.0000
5243.1235	1244.0000
5243.1538	1138.0000
5243.1841	1182.0000
5243.2144	1200.0000
5243.2446	1326.0000
5243.2749	1390.0000
5243.3051	1463.0000
5243.3354	1505.0000
5243.3656	1462.0000
5243.3958	1418.0000
5243.4261	1440.0000
5243.4563	1427.0000
5243.4865	1483.0000
5243.5168	1641.0000
5243.5470	1705.0000
5243.5772	1727.0000
5243.6075	1630.0000
5243.6377	1525.0000
5243.6679	1446.0000
5243.6981	1413.0000
5243.7284	1356.0000
5243.7586	1409.0000
5243.7888	1453.0000
5243.8190	1488.0000
5243.8493	1569.0000
5243.8795	1678.0000
5243.9097	1777.0000
5243.9399	1805.0000
5243.9701	1848.0000
5244.0003	1779.0000
5244.0305	1663.0000
5244.0608	1598.0000
5244.0910	1424.0000
5244.1212	1299.0000
5244.1514	1234.0000
5244.1816	1157.0000
5244.2118	1208.0000
5244.2421	1280.0000
5244.2723	1531.0000
5244.3025	1715.0000
5244.3327	1787.0000
5244.3629	1918.0000
5244.3931	1971.0000
5244.4233	2038.0000
5244.4535	2001.0000
5244.4837	1967.0000
5244.5138	1871.0000
5244.5440	1896.0000
5244.5742	1783.0000
5244.6044	1760.0000
5244.6346	1782.0000
5244.6648	1793.0000
5244.6950	1795.0000
5244.7251	1772.0000
5244.7553	1660.0000
5244.7855	1475.0000
5244.8157	1315.0000
5244.8458	1208.0000
5244.8760	1146.0000
5244.9062	1145.0000
5244.9364	1077.0000
5244.9665	1188.0000
5244.9967	1267.0000
5245.0269	1300.0000
5245.0570	1298.0000
5245.0872	1293.0000
5245.1174	1330.0000
5245.1475	1235.0000
5245.1777	1300.0000
5245.2079	1480.0000
5245.2380	1535.0000
5245.2682	1534.0000
5245.2984	1577.0000
5245.3286	1592.0000
5245.3587	1543.0000
5245.3889	1428.0000
5245.4190	1471.0000
5245.4492	1648.0000
5245.4793	1768.0000
5245.5095	1884.0000
5245.5396	2028.0000
5245.5698	2097.0000
5245.5999	2040.0000
5245.6301	1926.0000
5245.6602	1803.0000
5245.6903	1722.0000
5245.7205	1602.0000
5245.7506	1563.0000
5245.7807	1583.0000
5245.8109	1514.0000
5245.8410	1546.0000
5245.8711	1622.0000
5245.9013	1626.0000
5245.9314	1560.0000
5245.9615	1623.0000
5245.9916	1620.0000
5246.0218	1615.0000
5246.0519	1604.0000
5246.0820	1434.0000
5246.1121	1234.0000
5246.1423	1180.0000
5246.1724	1136.0000
5246.2025	1182.0000
5246.2326	1218.0000
5246.2627	1328.0000
5246.2928	1495.0000
5246.3229	1534.0000
5246.3532	1615.0000
5246.3833	1667.0000
5246.4134	1706.0000
5246.4435	1696.0000
5246.4736	1701.0000
5246.5037	1684.0000
5246.5338	1600.0000
5246.5639	1595.0000
5246.5940	1536.0000
5246.6241	1418.0000
5246.6542	1386.0000
5246.6843	1399.0000
5246.7144	1351.0000
5246.7445	1259.0000
5246.7746	1215.0000
5246.8046	1152.0000
5246.8347	1093.0000
5246.8648	936.0000
5246.8949	809.0000
5246.9250	658.0000
5246.9551	527.0000
5246.9852	439.0000
5247.0152	397.0000
5247.0453	413.0000
5247.0754	428.0000
5247.1055	462.0000
5247.1355	503.0000
5247.1656	522.0000
5247.1957	561.0000
5247.2258	666.0000
5247.2558	842.0000
5247.2859	1074.0000
5247.3160	1123.0000
5247.3460	1241.0000
5247.3761	1342.0000
5247.4063	1299.0000
5247.4363	1246.0000
5247.4664	1177.0000
5247.4964	1055.0000
5247.5265	961.0000
5247.5566	853.0000
5247.5866	973.0000
5247.6167	1035.0000
5247.6467	1005.0000
5247.6768	1134.0000
5247.7068	1183.0000
5247.7369	1139.0000
5247.7669	1207.0000
5247.7970	1352.0000
5247.8270	1413.0000
5247.8571	1520.0000
5247.8871	1589.0000
5247.9171	1593.0000
5247.9472	1532.0000
5247.9772	1597.0000
5248.0073	1557.0000
5248.0373	1565.0000
5248.0673	1506.0000
5248.0974	1406.0000
5248.1274	1342.0000
5248.1574	1254.0000
5248.1875	1259.0000
5248.2175	1244.0000
5248.2475	1222.0000
5248.2775	1400.0000
5248.3076	1520.0000
5248.3376	1698.0000
5248.3676	1762.0000
5248.3976	1902.0000
5248.4276	1909.0000
5248.4578	2011.0000
5248.4878	2031.0000
5248.5178	1965.0000
5248.5478	1862.0000
5248.5778	1995.0000
5248.6078	2034.0000
5248.6378	1971.0000
5248.6678	1940.0000
5248.6979	1899.0000
5248.7279	1870.0000
5248.7579	1768.0000
5248.7879	1650.0000
5248.8179	1584.0000
5248.8479	1466.0000
5248.8779	1247.0000
5248.9079	1112.0000
5248.9379	1013.0000
5248.9679	951.0000
5248.9979	901.0000
5249.0278	913.0000
5249.0578	960.0000
5249.0878	962.0000
5249.1178	1017.0000
5249.1478	1139.0000
5249.1778	1298.0000
5249.2078	1423.0000
5249.2378	1522.0000
5249.2677	1573.0000
5249.2977	1630.0000
5249.3277	1609.0000
5249.3577	1609.0000
5249.3876	1633.0000
5249.4176	1664.0000
5249.4476	1615.0000
5249.4776	1544.0000
5249.5076	1541.0000
5249.5376	1567.0000
5249.5676	1586.0000
5249.5975	1501.0000
5249.6275	1570.0000
5249.6575	1566.0000
5249.6874	1641.0000
5249.7174	1810.0000
5249.7474	1925.0000
5249.7773	1913.0000
5249.8073	1935.0000
5249.8372	1854.0000
5249.8672	1743.0000
5249.8971	1792.0000
5249.9271	1668.0000
5249.9570	1667.0000
5249.9870	1459.0000
5250.0169	1219.0000
5250.0469	1093.0000
5250.0768	1031.0000
5250.1068	865.0000
5250.1367	754.0000
5250.1667	640.0000
5250.1966	631.0000
5250.2266	611.0000
5250.2565	727.0000
5250.2864	828.0000
5250.3164	1000.0000
5250.3463	1136.0000
5250.3762	1305.0000
5250.4062	1498.0000
5250.4361	1667.0000
5250.4660	1961.0000
5250.4959	2170.0000
5250.5259	2226.0000
5250.5559	2164.0000
5250.5858	2059.0000
5250.6157	1893.0000
5250.6457	1722.0000
5250.6756	1746.0000
5250.7055	1797.0000
5250.7354	1687.0000
5250.7653	1735.0000
5250.7952	1732.0000
5250.8252	1714.0000
5250.8551	1611.0000
5250.8850	1437.0000
5250.9149	1332.0000
5250.9448	1250.0000
5250.9747	1233.0000
5251.0046	1110.0000
5251.0345	990.0000
5251.0644	1039.0000
5251.0943	1016.0000
5251.1242	986.0000
5251.1541	956.0000
5251.1840	1061.0000
5251.2139	1177.0000
5251.2438	1356.0000
5251.2737	1379.0000
5251.3036	1526.0000
5251.3335	1704.0000
5251.3634	1896.0000
5251.3933	2005.0000
5251.4231	1975.0000
5251.4530	1949.0000
5251.4829	1807.0000
5251.5128	1728.0000
5251.5427	1603.0000
5251.5726	1610.0000
5251.6024	1632.0000
5251.6324	1710.0000
5251.6623	1787.0000
5251.6922	2070.0000
5251.7220	2135.0000
5251.7519	2195.0000
5251.7818	2249.0000
5251.8116	2078.0000
5251.8415	2030.0000
5251.8714	1818.0000
5251.9012	1530.0000
5251.9311	1228.0000
5251.9610	1023.0000
5251.9908	851.0000
5252.0207	699.0000
5252.0506	634.0000
5252.0804	526.0000
5252.1103	563.0000
5252.1401	583.0000
5252.1700	555.0000
5252.1998	594.0000
5252.2297	711.0000
5252.2595	824.0000
5252.2894	843.0000
5252.3192	891.0000
5252.3491	1095.0000
5252.3789	1332.0000
5252.4088	1639.0000
5252.4386	1942.0000
5252.4684	2113.0000
5252.4983	2303.0000
5252.5281	2253.0000
5252.5579	2255.0000
5252.5878	2189.0000
5252.6176	2127.0000
5252.6474	2130.0000
5252.6774	2095.0000
5252.7072	2041.0000
5252.7370	1950.0000
5252.7669	1871.0000
5252.7967	1959.0000
5252.8265	2051.0000
5252.8563	2149.0000
5252.8862	2254.0000
5252.9160	2301.0000
5252.9458	2280.0000
5252.9756	2241.0000
5253.0054	2132.0000
5253.0352	1915.0000
5253.0651	1639.0000
5253.0949	1312.0000
5253.1247	1151.0000
5253.1545	1131.0000
5253.1843	1051.0000
5253.2141	1081.0000
5253.2439	1189.0000
5253.2737	1147.0000
5253.3035	1261.0000
5253.3333	1436.0000
5253.3631	1640.0000
5253.3929	1795.0000
5253.4227	1745.0000
5253.4525	1806.0000
5253.4823	1883.0000
5253.5121	1922.0000
5253.5419	1946.0000
5253.5717	2078.0000
5253.6015	2294.0000
5253.6313	2204.0000
5253.6610	2179.0000
5253.6908	2113.0000
5253.7207	2071.0000
5253.7505	2140.0000
5253.7803	2179.0000
5253.8101	2302.0000
5253.8398	2448.0000
5253.8696	2538.0000
5253.8994	2657.0000
5253.9292	2653.0000
5253.9589	2527.0000
5253.9887	2352.0000
5254.0185	2256.0000
5254.0483	2096.0000
5254.0780	1975.0000
5254.1078	1837.0000
5254.1376	1704.0000
5254.1673	1632.0000
5254.1971	1568.0000
5254.2268	1618.0000
5254.2566	1644.0000
5254.2864	1652.0000
5254.3161	1635.0000
5254.3459	1604.0000
5254.3756	1607.0000
5254.4054	1562.0000
5254.4351	1506.0000
5254.4649	1625.0000
5254.4946	1779.0000
5254.5244	1888.0000
5254.5541	2119.0000
5254.5839	2340.0000
5254.6136	2542.0000
5254.6434	2502.0000
5254.6731	2275.0000
5254.7028	2166.0000
5254.7326	2041.0000
5254.7624	1785.0000
5254.7922	1546.0000
5254.8219	1368.0000
5254.8516	1018.0000
5254.8814	827.0000
5254.9111	723.0000
5254.9408	637.0000
5254.9706	566.0000
5255.0003	612.0000
5255.0300	667.0000
5255.0597	720.0000
5255.0895	820.0000
5255.1192	827.0000
5255.1489	890.0000
5255.1786	928.0000
5255.2083	923.0000
5255.2380	992.0000
5255.2678	944.0000
5255.2975	920.0000
5255.3272	928.0000
5255.3569	885.0000
5255.3866	955.0000
5255.4163	1037.0000
5255.4460	1117.0000
5255.4757	1158.0000
5255.5054	1201.0000
5255.5351	1279.0000
5255.5648	1355.0000
5255.5945	1485.0000
5255.6242	1474.0000
5255.6539	1535.0000
5255.6836	1683.0000
5255.7133	1695.0000
5255.7430	1871.0000
5255.7727	1920.0000
5255.8024	1995.0000
5255.8322	1986.0000
5255.8619	1973.0000
5255.8916	2103.0000
5255.9213	2264.0000
5255.9509	2416.0000
5255.9806	2561.0000
5256.0103	2856.0000
5256.0400	2930.0000
5256.0697	3069.0000
5256.0993	3142.0000
5256.1290	3162.0000
5256.1587	3136.0000
5256.1884	2958.0000
5256.2180	2727.0000
5256.2477	2477.0000
5256.2774	2233.0000
5256.3071	2028.0000
5256.3367	1781.0000
5256.3664	1612.0000
5256.3960	1593.0000
5256.4257	1555.0000
5256.4554	1550.0000
5256.4850	1535.0000
5256.5147	1516.0000
5256.5444	1514.0000
5256.5740	1590.0000
5256.6037	1791.0000
5256.6333	2006.0000
5256.6630	2199.0000
5256.6926	2311.0000
5256.7223	2383.0000
5256.7519	2548.0000
5256.7816	2565.0000
5256.8112	2580.0000
5256.8409	2709.0000
5256.8706	2790.0000
5256.9002	2683.0000
5256.9299	2568.0000
5256.9595	2408.0000
5256.9892	2286.0000
5257.0188	2317.0000
5257.0484	2262.0000
5257.0781	2310.0000
5257.1077	2419.0000
5257.1373	2459.0000
5257.1670	2476.0000
5257.1966	2472.0000
5257.2262	2403.0000
5257.2558	2307.0000
5257.2855	2129.0000
5257.3151	1981.0000
5257.3447	1811.0000
5257.3743	1614.0000
5257.4039	1426.0000
5257.4336	1321.0000
5257.4632	1294.0000
5257.4928	1395.0000
5257.5224	1559.0000
5257.5520	1682.0000
5257.5816	1807.0000
5257.6112	1920.0000
5257.6409	1967.0000
5257.6705	1981.0000
5257.7001	2173.0000
5257.7297	2276.0000
5257.7593	2325.0000
5257.7889	2448.0000
5257.8185	2611.0000
5257.8481	2716.0000
5257.8777	2601.0000
5257.9073	2479.0000
5257.9370	2334.0000
5257.9666	2248.0000
5257.9962	2144.0000
5258.0257	2046.0000
5258.0553	2056.0000
5258.0849	2185.0000
5258.1145	2425.0000
5258.1441	2693.0000
5258.1737	3023.0000
5258.2033	3213.0000
5258.2328	3434.0000
5258.2624	3516.0000
5258.2920	3495.0000
5258.3216	3512.0000
5258.3512	3594.0000
5258.3807	3601.0000
5258.4103	3442.0000
5258.4399	3180.0000
5258.4694	2836.0000
5258.4990	2511.0000
5258.5286	2126.0000
5258.5582	1918.0000
5258.5877	1732.0000
5258.6173	1644.0000
5258.6468	1485.0000
5258.6764	1480.0000
5258.7060	1510.0000
5258.7355	1444.0000
5258.7651	1460.0000
5258.7946	1613.0000
5258.8242	1754.0000
5258.8538	1981.0000
5258.8833	2199.0000
5258.9129	2466.0000
5258.9424	2663.0000
5258.9720	2815.0000
5259.0016	2752.0000
5259.0311	2875.0000
5259.0607	2901.0000
5259.0902	2778.0000
5259.1198	2781.0000
5259.1493	2902.0000
5259.1789	2956.0000
5259.2084	3028.0000
5259.2379	3067.0000
5259.2675	2943.0000
5259.2970	2922.0000
5259.3265	2815.0000
5259.3561	2716.0000
5259.3856	2687.0000
5259.4151	2557.0000
5259.4446	2316.0000
5259.4742	2098.0000
5259.5037	1801.0000
5259.5332	1463.0000
5259.5627	1310.0000
5259.5923	1189.0000
5259.6218	1086.0000
5259.6513	1128.0000
5259.6808	1093.0000
5259.7103	1087.0000
5259.7398	1205.0000
5259.7694	1335.0000
5259.7989	1418.0000
5259.8284	1415.0000
5259.8579	1480.0000
5259.8874	1487.0000
5259.9169	1620.0000
5259.9464	1836.0000
5259.9759	2050.0000
5260.0054	2094.0000
5260.0350	2059.0000
5260.0645	2078.0000
5260.0940	2046.0000
5260.1235	2100.0000
5260.1530	1943.0000
5260.1825	1766.0000
5260.2120	1666.0000
5260.2415	1575.0000
5260.2710	1488.0000
5260.3004	1422.0000
5260.3299	1403.0000
5260.3594	1361.0000
5260.3889	1396.0000
5260.4184	1378.0000
5260.4479	1429.0000
5260.4773	1608.0000
5260.5068	1635.0000
5260.5363	1633.0000
5260.5658	1654.0000
5260.5953	1752.0000
5260.6247	1806.0000
5260.6542	1723.0000
5260.6837	1701.0000
5260.7131	1596.0000
5260.7426	1569.0000
5260.7721	1428.0000
5260.8015	1409.0000
5260.8310	1363.0000
5260.8605	1293.0000
5260.8899	1285.0000
5260.9194	1349.0000
5260.9488	1361.0000
5260.9783	1435.0000
5261.0078	1599.0000
5261.0372	1813.0000
5261.0667	2114.0000
5261.0962	2391.0000
5261.1257	2535.0000
5261.1551	2623.0000
5261.1846	2613.0000
5261.2140	2428.0000
5261.2435	2196.0000
5261.2729	1998.0000
5261.3024	1866.0000
5261.3318	1891.0000
5261.3612	1912.0000
5261.3907	1884.0000
5261.4201	1856.0000
5261.4495	1852.0000
5261.4790	1820.0000
5261.5084	1968.0000
5261.5378	2022.0000
5261.5673	2171.0000
5261.5967	2207.0000
5261.6261	2180.0000
5261.6556	2059.0000
5261.6850	1831.0000
5261.7144	1572.0000
5261.7438	1322.0000
5261.7733	1213.0000
5261.8027	1238.0000
5261.8321	1288.0000
5261.8615	1386.0000
5261.8909	1504.0000
5261.9203	1773.0000
5261.9498	1891.0000
5261.9792	1909.0000
5262.0086	1876.0000
5262.0380	1916.0000
5262.0674	1810.0000
5262.0968	1798.0000
5262.1262	1688.0000
5262.1557	1669.0000
5262.1851	1612.0000
5262.2145	1538.0000
5262.2439	1511.0000
5262.2733	1430.0000
5262.3027	1343.0000
5262.3321	1445.0000
5262.3615	1566.0000
5262.3909	1761.0000
5262.4203	1939.0000
5262.4497	2115.0000
5262.4791	2296.0000
5262.5084	2324.0000
5262.5378	2265.0000
5262.5672	2103.0000
5262.5966	2065.0000
5262.6260	2024.0000
5262.6554	2055.0000
5262.6847	2224.0000
5262.7141	2392.0000
5262.7435	2557.0000
5262.7729	2625.0000
5262.8023	2754.0000
5262.8316	2725.0000
5262.8610	2543.0000
5262.8904	2387.0000
5262.9197	2169.0000
5262.9491	1901.0000
5262.9785	1694.0000
5263.0078	1543.0000
5263.0372	1457.0000
5263.0666	1305.0000
5263.0959	1186.0000
5263.1253	1169.0000
5263.1546	1212.0000
5263.1841	1202.0000
5263.2134	1241.0000
5263.2428	1424.0000
5263.2722	1554.0000
5263.3015	1717.0000
5263.3309	1859.0000
5263.3602	1978.0000
5263.3896	1997.0000
5263.4189	1943.0000
5263.4482	1929.0000
5263.4776	1892.0000
5263.5069	1719.0000
5263.5363	1680.0000
5263.5656	1742.0000
5263.5949	1785.0000
5263.6243	1747.0000
5263.6536	1699.0000
5263.6830	1717.0000
5263.7123	1673.0000
5263.7416	1667.0000
5263.7709	1577.0000
5263.8003	1576.0000
5263.8296	1475.0000
5263.8589	1467.0000
5263.8883	1413.0000
5263.9176	1218.0000
5263.9469	1029.0000
5263.9762	952.0000
5264.0055	879.0000
5264.0349	790.0000
5264.0642	700.0000
5264.0935	650.0000
5264.1228	667.0000
5264.1521	682.0000
5264.1814	674.0000
5264.2107	755.0000
5264.2401	839.0000
5264.2695	829.0000
5264.2988	866.0000
5264.3281	963.0000
5264.3574	1033.0000
5264.3867	1251.0000
5264.4160	1401.0000
5264.4453	1614.0000
5264.4746	1760.0000
5264.5039	1971.0000
5264.5332	2041.0000
5264.5625	2157.0000
5264.5917	2245.0000
5264.6210	2149.0000
5264.6503	2118.0000
5264.6796	2069.0000
5264.7089	1988.0000
5264.7382	1785.0000
5264.7675	1790.0000
5264.7968	1864.0000
5264.8260	1879.0000
5264.8553	1884.0000
5264.8846	1956.0000
5264.9139	1913.0000
5264.9431	2029.0000
5264.9724	2085.0000
5265.0017	2061.0000
5265.0310	2027.0000
5265.0602	2024.0000
5265.0895	1966.0000
5265.1188	1825.0000
5265.1480	1644.0000
5265.1773	1523.0000
5265.2066	1408.0000
5265.2358	1338.0000
5265.2651	1308.0000
5265.2945	1276.0000
5265.3237	1238.0000
5265.3530	1253.0000
5265.3822	1199.0000
5265.4115	1214.0000
5265.4407	1252.0000
5265.4700	1239.0000
5265.4992	1284.0000
5265.5285	1326.0000
5265.5577	1284.0000
5265.5870	1181.0000
5265.6162	1100.0000
5265.6455	1046.0000
5265.6747	1057.0000
5265.7040	1064.0000
5265.7332	1034.0000
5265.7624	1056.0000
5265.7917	1149.0000
5265.8209	1310.0000
5265.8501	1446.0000
5265.8794	1539.0000
5265.9086	1558.0000
5265.9378	1576.0000
5265.9671	1586.0000
5265.9963	1618.0000
5266.0255	1548.0000
5266.0547	1495.0000
5266.0840	1503.0000
5266.1132	1482.0000
5266.1424	1390.0000
5266.1716	1463.0000
5266.2009	1400.0000
5266.2301	1193.0000
5266.2593	1114.0000
5266.2885	1206.0000
5266.3177	1254.0000
5266.3470	1414.0000
5266.3762	1523.0000
5266.4054	1719.0000
5266.4347	1790.0000
5266.4639	1953.0000
5266.4931	1959.0000
5266.5223	1922.0000
5266.5515	1734.0000
5266.5807	1668.0000
5266.6099	1567.0000
5266.6391	1622.0000
5266.6683	1745.0000
5266.6975	1839.0000
5266.7267	1912.0000
5266.7558	2010.0000
5266.7850	2160.0000
5266.8142	2197.0000
5266.8434	2115.0000
5266.8726	2023.0000
5266.9018	1868.0000
5266.9310	1745.0000
5266.9602	1636.0000
5266.9893	1612.0000
5267.0185	1700.0000
5267.0477	1634.0000
5267.0769	1646.0000
5267.1061	1718.0000
5267.1352	1797.0000
5267.1644	1828.0000
5267.1936	1823.0000
5267.2227	1928.0000
5267.2519	2111.0000
5267.2811	2193.0000
5267.3103	2196.0000
5267.3394	2050.0000
5267.3686	2056.0000
5267.3978	2008.0000
5267.4270	1870.0000
5267.4562	1792.0000
5267.4853	1760.0000
5267.5145	1746.0000
5267.5436	1779.0000
5267.5728	1716.0000
5267.6020	1658.0000
5267.6311	1650.0000
5267.6603	1603.0000
5267.6894	1405.0000
5267.7186	1357.0000
5267.7477	1455.0000
5267.7768	1609.0000
5267.8060	1786.0000
5267.8351	1879.0000
5267.8643	1956.0000
5267.8934	2042.0000
5267.9226	2069.0000
5267.9517	2019.0000
5267.9808	1991.0000
5268.0100	2005.0000
5268.0391	1910.0000
5268.0682	1789.0000
5268.0974	1684.0000
5268.1265	1663.0000
5268.1556	1737.0000
5268.1847	1877.0000
5268.2139	1892.0000
5268.2430	1965.0000
5268.2721	2052.0000
5268.3012	2054.0000
5268.3304	2063.0000
5268.3595	2057.0000
5268.3886	2094.0000
5268.4177	2123.0000
5268.4468	1935.0000
5268.4760	1707.0000
5268.5051	1555.0000
5268.5343	1394.0000
5268.5634	1189.0000
5268.5925	1086.0000
5268.6216	1107.0000
5268.6507	1162.0000
5268.6798	1232.0000
5268.7089	1366.0000
5268.7380	1520.0000
5268.7671	1597.0000
5268.7962	1646.0000
5268.8253	1603.0000
5268.8544	1667.0000
5268.8835	1748.0000
5268.9126	1745.0000
5268.9417	1781.0000
5268.9708	1729.0000
5268.9998	1699.0000
5269.0289	1615.0000
5269.0580	1518.0000
5269.0871	1489.0000
5269.1162	1472.0000
5269.1453	1526.0000
5269.1743	1417.0000
5269.2034	1377.0000
5269.2325	1385.0000
5269.2616	1388.0000
5269.2907	1383.0000
5269.3197	1265.0000
5269.3488	1140.0000
5269.3779	953.0000
5269.4069	830.0000
5269.4360	760.0000
5269.4651	614.0000
5269.4941	569.0000
5269.5233	590.0000
5269.5524	580.0000
5269.5814	569.0000
5269.6105	580.0000
5269.6396	650.0000
5269.6686	729.0000
5269.6977	740.0000
5269.7267	724.0000
5269.7558	817.0000
5269.7848	914.0000
5269.8139	1005.0000
5269.8429	1146.0000
5269.8720	1109.0000
5269.9010	1166.0000
5269.9301	1158.0000
5269.9591	1114.0000
5269.9882	1073.0000
5270.0172	1047.0000
5270.0462	1026.0000
5270.0753	1034.0000
5270.1043	1088.0000
5270.1334	1176.0000
5270.1624	1214.0000
5270.1914	1177.0000
5270.2205	1137.0000
5270.2495	1089.0000
5270.2785	1060.0000
5270.3075	972.0000
5270.3366	884.0000
5270.3656	920.0000
5270.3946	927.0000
5270.4236	1054.0000
5270.4527	1196.0000
5270.4817	1367.0000
5270.5107	1565.0000
5270.5397	1746.0000
5270.5688	1900.0000
5270.5979	2108.0000
5270.6269	2053.0000
5270.6559	1911.0000
5270.6849	1811.0000
5270.7139	1587.0000
5270.7429	1346.0000
5270.7719	1218.0000
5270.8009	1192.0000
5270.8299	1054.0000
5270.8589	964.0000
5270.8879	993.0000
5270.9169	1076.0000
5270.9459	1158.0000
5270.9749	1349.0000
5271.0039	1490.0000
5271.0329	1547.0000
5271.0619	1633.0000
5271.0909	1646.0000
5271.1199	1713.0000
5271.1489	1687.0000
5271.1779	1588.0000
5271.2068	1532.0000
5271.2358	1436.0000
5271.2648	1361.0000
5271.2938	1331.0000
5271.3228	1235.0000
5271.3518	1252.0000
5271.3807	1166.0000
5271.4097	1092.0000
5271.4387	1105.0000
5271.4677	1111.0000
5271.4966	1170.0000
5271.5256	1234.0000
5271.5546	1334.0000
5271.5835	1430.0000
5271.6126	1501.0000
5271.6416	1598.0000
5271.6705	1707.0000
5271.6995	1854.0000
5271.7285	1868.0000
5271.7574	1957.0000
5271.7864	2067.0000
5271.8153	2132.0000
5271.8443	2252.0000
5271.8732	2355.0000
5271.9022	2369.0000
5271.9312	2292.0000
5271.9601	2315.0000
5271.9891	2235.0000
5272.0180	2170.0000
5272.0470	2160.0000
5272.0759	2181.0000
5272.1048	2151.0000
5272.1338	2148.0000
5272.1627	2082.0000
5272.1917	1932.0000
5272.2206	1681.0000
5272.2495	1483.0000
5272.2785	1338.0000
5272.3074	1247.0000
5272.3363	1171.0000
5272.3653	1217.0000
5272.3942	1381.0000
5272.4231	1610.0000
5272.4521	1802.0000
5272.4810	2080.0000
5272.5099	2384.0000
5272.5388	2764.0000
5272.5678	3059.0000
5272.5967	3139.0000
5272.6256	3065.0000
5272.6545	2993.0000
5272.6835	2855.0000
5272.7125	2658.0000
5272.7414	2579.0000
5272.7703	2558.0000
5272.7992	2457.0000
5272.8281	2485.0000
5272.8570	2477.0000
5272.8859	2422.0000
5272.9148	2354.0000
5272.9437	2306.0000
5272.9726	2167.0000
5273.0015	1985.0000
5273.0304	1803.0000
5273.0593	1600.0000
5273.0882	1453.0000
5273.1171	1321.0000
5273.1460	1285.0000
5273.1749	1270.0000
5273.2038	1243.0000
5273.2327	1226.0000
5273.2616	1346.0000
5273.2905	1450.0000
5273.3194	1506.0000
5273.3483	1527.0000
5273.3771	1577.0000
5273.4060	1559.0000
5273.4349	1569.0000
5273.4638	1547.0000
5273.4927	1514.0000
5273.5215	1534.0000
5273.5504	1642.0000
5273.5793	1679.0000
5273.6082	1825.0000
5273.6370	1968.0000
5273.6659	2071.0000
5273.6948	2070.0000
5273.7237	2055.0000
5273.7526	2111.0000
5273.7815	2076.0000
5273.8103	1996.0000
5273.8392	1979.0000
5273.8681	1970.0000
5273.8969	1975.0000
5273.9258	2013.0000
5273.9546	2029.0000
5273.9835	2032.0000
5274.0124	2087.0000
5274.0412	2175.0000
5274.0701	2361.0000
5274.0989	2517.0000
5274.1278	2538.0000
5274.1566	2526.0000
5274.1855	2475.0000
5274.2143	2434.0000
5274.2431	2380.0000
5274.2720	2320.0000
5274.3008	2252.0000
5274.3297	2147.0000
5274.3585	1997.0000
5274.3873	2002.0000
5274.4162	1959.0000
5274.4450	1905.0000
5274.4738	1810.0000
5274.5027	1703.0000
5274.5315	1685.0000
5274.5603	1687.0000
5274.5892	1544.0000
5274.6180	1450.0000
5274.6468	1361.0000
5274.6756	1333.0000
5274.7045	1247.0000
5274.7333	1196.0000
5274.7621	1337.0000
5274.7910	1381.0000
5274.8198	1497.0000
5274.8486	1621.0000
5274.8775	1736.0000
5274.9063	1880.0000
5274.9351	2009.0000
5274.9639	2033.0000
5274.9927	2150.0000
5275.0215	2304.0000
5275.0503	2385.0000
5275.0791	2436.0000
5275.1079	2470.0000
5275.1367	2520.0000
5275.1655	2548.0000
5275.1943	2629.0000
5275.2231	2562.0000
5275.2519	2448.0000
5275.2807	2252.0000
5275.3095	2059.0000
5275.3383	1746.0000
5275.3671	1722.0000
5275.3959	1621.0000
5275.4247	1562.0000
5275.4535	1531.0000
5275.4822	1440.0000
5275.5110	1395.0000
5275.5398	1344.0000
5275.5686	1347.0000
5275.5974	1274.0000
5275.6261	1236.0000
5275.6549	1169.0000
5275.6837	1090.0000
5275.7125	1072.0000
5275.7412	1148.0000
5275.7700	1182.0000
5275.7988	1289.0000
5275.8277	1388.0000
5275.8564	1565.0000
5275.8852	1739.0000
5275.9140	1926.0000
5275.9427	2159.0000
5275.9715	2185.0000
5276.0002	2305.0000
5276.0290	2342.0000
5276.0578	2202.0000
5276.0865	1970.0000
5276.1153	1970.0000
5276.1440	1904.0000
5276.1728	1756.0000
5276.2015	1731.0000
5276.2303	1735.0000
5276.2590	1685.0000
5276.2878	1722.0000
5276.3165	1849.0000
5276.3453	2060.0000
5276.3740	2148.0000
5276.4027	2274.0000
5276.4315	2340.0000
5276.4602	2264.0000
5276.4890	2134.0000
5276.5177	2057.0000
5276.5464	1914.0000
5276.5752	1685.0000
5276.6039	1564.0000
5276.6326	1574.0000
5276.6614	1478.0000
5276.6901	1522.0000
5276.7188	1667.0000
5276.7475	1608.0000
5276.7763	1636.0000
5276.8050	1627.0000
5276.8337	1575.0000
5276.8624	1496.0000
5276.8912	1421.0000
5276.9200	1331.0000
5276.9487	1280.0000
5276.9774	1192.0000
5277.0061	1170.0000
5277.0348	1222.0000
5277.0635	1237.0000
5277.0922	1295.0000
5277.1209	1343.0000
5277.1497	1441.0000
5277.1784	1541.0000
5277.2071	1640.0000
5277.2358	1700.0000
5277.2645	1743.0000
5277.2932	1729.0000
5277.3219	1737.0000
5277.3506	1663.0000
5277.3793	1571.0000
5277.4079	1579.0000
5277.4366	1513.0000
5277.4653	1439.0000
5277.4940	1452.0000
5277.5227	1491.0000
5277.5514	1530.0000
5277.5801	1553.0000
5277.6088	1530.0000
5277.6375	1647.0000
5277.6661	1666.0000
5277.6948	1575.0000
5277.7235	1578.0000
5277.7522	1632.0000
5277.7808	1624.0000
5277.8095	1546.0000
5277.8382	1499.0000
5277.8669	1436.0000
5277.8955	1437.0000
5277.9243	1452.0000
5277.9530	1441.0000
5277.9816	1435.0000
5278.0103	1435.0000
5278.0390	1399.0000
5278.0676	1298.0000
5278.0963	1150.0000
5278.1250	1105.0000
5278.1536	1114.0000
5278.1823	1124.0000
5278.2109	1124.0000
5278.2396	1246.0000
5278.2682	1409.0000
5278.2969	1541.0000
5278.3255	1675.0000
5278.3542	1750.0000
5278.3828	1805.0000
5278.4115	1808.0000
5278.4401	1854.0000
5278.4688	1855.0000
5278.4974	1799.0000
5278.5261	1704.0000
5278.5547	1647.0000
5278.5833	1604.0000
5278.6120	1508.0000
5278.6406	1509.0000
5278.6692	1579.0000
5278.6979	1614.0000
5278.7265	1675.0000
5278.7551	1686.0000
5278.7838	1817.0000
5278.8124	1886.0000
5278.8410	1895.0000
5278.8696	1917.0000
5278.8983	1909.0000
5278.9269	1892.0000
5278.9555	1913.0000
5278.9842	1843.0000
5279.0128	1868.0000
5279.0415	1813.0000
5279.0701	1655.0000
5279.0987	1557.0000
5279.1273	1528.0000
5279.1559	1423.0000
5279.1845	1426.0000
5279.2131	1474.0000
5279.2417	1394.0000
5279.2703	1340.0000
5279.2989	1279.0000
5279.3275	1144.0000
5279.3561	1111.0000
5279.3847	995.0000
5279.4133	899.0000
5279.4419	937.0000
5279.4705	889.0000
5279.4991	863.0000
5279.5277	905.0000
5279.5563	942.0000
5279.5849	1057.0000
5279.6135	1153.0000
5279.6421	1268.0000
5279.6707	1351.0000
5279.6992	1439.0000
5279.7278	1491.0000
5279.7564	1223.0000
5279.7850	1229.0000
5279.8136	1222.0000
5279.8422	1216.0000
5279.8707	1192.0000
5279.8993	1192.0000
5279.9279	1256.0000
5279.9565	1172.0000
5279.9850	1167.0000
5280.0136	1187.0000
