R_Cam.9
5105.5175	284.0000
5105.5481	467.0000
5105.5787	536.0000
5105.6092	608.0000
5105.6398	609.0000
5105.6704	593.0000
5105.7010	611.0000
5105.7316	652.0000
5105.7622	714.0000
5105.7927	742.0000
5105.8233	890.0000
5105.8539	1028.0000
5105.8845	1194.0000
5105.9151	1241.0000
5105.9456	1346.0000
5105.9762	1320.0000
5106.0068	1280.0000
5106.0373	1187.0000
5106.0679	1127.0000
5106.0985	1057.0000
5106.1290	1022.0000
5106.1596	997.0000
5106.1902	994.0000
5106.2207	1046.0000
5106.2513	1038.0000
5106.2818	1085.0000
5106.3124	1069.0000
5106.3431	1124.0000
5106.3736	1160.0000
5106.4042	1107.0000
5106.4347	1053.0000
5106.4653	1092.0000
5106.4958	1018.0000
5106.5264	1074.0000
5106.5569	1122.0000
5106.5875	1040.0000
5106.6180	988.0000
5106.6486	894.0000
5106.6791	816.0000
5106.7097	711.0000
5106.7402	676.0000
5106.7707	734.0000
5106.8013	888.0000
5106.8318	963.0000
5106.8623	887.0000
5106.8929	930.0000
5106.9234	1026.0000
5106.9539	1008.0000
5106.9845	1054.0000
5107.0150	1091.0000
5107.0455	1103.0000
5107.0761	1049.0000
5107.1066	1025.0000
5107.1371	1023.0000
5107.1676	1066.0000
5107.1982	1076.0000
5107.2287	1049.0000
5107.2592	1020.0000
5107.2897	1004.0000
5107.3202	877.0000
5107.3508	809.0000
5107.3814	722.0000
5107.4119	634.0000
5107.4424	524.0000
5107.4729	538.0000
5107.5034	564.0000
5107.5339	594.0000
5107.5644	614.0000
5107.5949	633.0000
5107.6254	588.0000
5107.6559	638.0000
5107.6864	744.0000
5107.7169	852.0000
5107.7474	827.0000
5107.7779	872.0000
5107.8084	942.0000
5107.8389	1039.0000
5107.8694	1051.0000
5107.8999	1074.0000
5107.9304	1107.0000
5107.9609	1059.0000
5107.9914	1004.0000
5108.0219	1029.0000
5108.0524	1044.0000
5108.0829	1064.0000
5108.1133	1028.0000
5108.1438	1087.0000
5108.1743	1033.0000
5108.2048	1028.0000
5108.2353	1045.0000
5108.2657	1019.0000
5108.2962	942.0000
5108.3267	973.0000
5108.3572	1057.0000
5108.3876	969.0000
5108.4181	1092.0000
5108.4487	1201.0000
5108.4792	1110.0000
5108.5096	1070.0000
5108.5401	1053.0000
5108.5706	1031.0000
5108.6010	1010.0000
5108.6315	1063.0000
5108.6620	1070.0000
5108.6924	1003.0000
5108.7229	1149.0000
5108.7533	1185.0000
5108.7838	1225.0000
5108.8142	1223.0000
5108.8447	1264.0000
5108.8752	1226.0000
5108.9056	1128.0000
5108.9361	970.0000
5108.9665	883.0000
5108.9970	844.0000
5109.0274	757.0000
5109.0578	786.0000
5109.0883	799.0000
5109.1187	867.0000
5109.1492	835.0000
5109.1796	892.0000
5109.2101	1000.0000
5109.2405	1031.0000
5109.2709	1002.0000
5109.3014	1006.0000
5109.3318	1037.0000
5109.3622	1051.0000
5109.3927	1013.0000
5109.4231	964.0000
5109.4535	1041.0000
5109.4841	1045.0000
5109.5145	1060.0000
5109.5449	1023.0000
5109.5753	1039.0000
5109.6058	1128.0000
5109.6362	1061.0000
5109.6666	1037.0000
5109.6970	977.0000
5109.7274	1008.0000
5109.7579	1066.0000
5109.7883	1052.0000
5109.8187	1135.0000
5109.8491	1212.0000
5109.8795	1260.0000
5109.9099	1231.0000
5109.9403	1311.0000
5109.9707	1281.0000
5110.0011	1216.0000
5110.0316	1138.0000
5110.0620	1110.0000
5110.0924	953.0000
5110.1228	952.0000
5110.1532	887.0000
5110.1836	815.0000
5110.2140	658.0000
5110.2444	542.0000
5110.2748	448.0000
5110.3051	343.0000
5110.3355	186.0000
5110.3659	123.0000
5110.3963	85.0000
5110.4267	48.0000
5110.4571	50.0000
5110.4875	95.0000
5110.5179	96.0000
5110.5484	124.0000
5110.5787	214.0000
5110.6091	373.0000
5110.6395	488.0000
5110.6699	634.0000
5110.7003	967.0000
5110.7306	1085.0000
5110.7610	1081.0000
5110.7914	1115.0000
5110.8218	1115.0000
5110.8521	1045.0000
5110.8825	1086.0000
5110.9129	980.0000
5110.9432	972.0000
5110.9736	992.0000
5111.0040	1001.0000
5111.0343	957.0000
5111.0647	913.0000
5111.0951	932.0000
5111.1254	957.0000
5111.1558	977.0000
5111.1861	1068.0000
5111.2165	962.0000
5111.2469	963.0000
5111.2772	1073.0000
5111.3076	1132.0000
5111.3379	1214.0000
5111.3683	1261.0000
5111.3986	1199.0000
5111.4290	1129.0000
5111.4593	1100.0000
5111.4897	1006.0000
5111.5200	911.0000
5111.5503	903.0000
5111.5807	882.0000
5111.6111	908.0000
5111.6415	933.0000
5111.6718	1002.0000
5111.7021	1028.0000
5111.7325	1000.0000
5111.7628	1059.0000
5111.7931	1131.0000
5111.8235	1081.0000
5111.8538	995.0000
5111.8841	968.0000
5111.9145	1042.0000
5111.9448	1065.0000
5111.9751	1090.0000
5112.0054	1126.0000
5112.0358	1175.0000
5112.0661	1226.0000
5112.0964	1214.0000
5112.1267	1219.0000
5112.1570	1128.0000
5112.1874	1150.0000
5112.2177	1161.0000
5112.2480	1167.0000
5112.2783	1204.0000
5112.3086	1171.0000
5112.3389	1136.0000
5112.3692	1156.0000
5112.3995	1097.0000
5112.4298	1063.0000
5112.4601	1053.0000
5112.4905	1026.0000
5112.5208	949.0000
5112.5511	857.0000
5112.5814	814.0000
5112.6117	872.0000
5112.6421	975.0000
5112.6723	981.0000
5112.7026	1021.0000
5112.7329	1023.0000
5112.7632	982.0000
5112.7935	1005.0000
5112.8238	1102.0000
5112.8541	1118.0000
5112.8844	1125.0000
5112.9147	1117.0000
5112.9450	1212.0000
5112.9752	1164.0000
5113.0055	1207.0000
5113.0358	1219.0000
5113.0661	1257.0000
5113.0964	1313.0000
5113.1266	1361.0000
5113.1569	1323.0000
5113.1872	1403.0000
5113.2175	1470.0000
5113.2477	1458.0000
5113.2780	1420.0000
5113.3083	1356.0000
5113.3386	1311.0000
5113.3688	1315.0000
5113.3991	1213.0000
5113.4294	1028.0000
5113.4596	946.0000
5113.4899	991.0000
5113.5201	1041.0000
5113.5504	1064.0000
5113.5807	1116.0000
5113.6109	1199.0000
5113.6412	1147.0000
5113.6714	1145.0000
5113.7018	1302.0000
5113.7320	1349.0000
5113.7623	1343.0000
5113.7925	1378.0000
5113.8228	1291.0000
5113.8530	1247.0000
5113.8833	1217.0000
5113.9135	1219.0000
5113.9438	1165.0000
5113.9740	1011.0000
5114.0042	961.0000
5114.0345	897.0000
5114.0647	953.0000
5114.0950	1019.0000
5114.1252	1000.0000
5114.1554	1034.0000
5114.1857	1127.0000
5114.2159	1182.0000
5114.2461	1327.0000
5114.2764	1321.0000
5114.3066	1301.0000
5114.3368	1429.0000
5114.3670	1742.0000
5114.3973	1743.0000
5114.4275	1732.0000
5114.4577	1781.0000
5114.4879	1720.0000
5114.5182	1637.0000
5114.5484	1603.0000
5114.5786	1464.0000
5114.6088	1416.0000
5114.6390	1459.0000
5114.6692	1418.0000
5114.6994	1330.0000
5114.7297	1386.0000
5114.7600	1343.0000
5114.7902	1252.0000
5114.8204	1232.0000
5114.8506	1246.0000
5114.8808	1241.0000
5114.9110	1314.0000
5114.9412	1257.0000
5114.9714	1267.0000
5115.0016	1286.0000
5115.0318	1271.0000
5115.0620	1386.0000
5115.0922	1394.0000
5115.1224	1382.0000
5115.1526	1424.0000
5115.1828	1470.0000
5115.2130	1391.0000
5115.2431	1380.0000
5115.2733	1412.0000
5115.3035	1481.0000
5115.3337	1403.0000
5115.3639	1437.0000
5115.3941	1509.0000
5115.4243	1693.0000
5115.4544	1716.0000
5115.4846	1630.0000
5115.5148	1617.0000
5115.5450	1545.0000
5115.5751	1507.0000
5115.6053	1368.0000
5115.6355	1319.0000
5115.6657	1294.0000
5115.6958	1321.0000
5115.7260	1332.0000
5115.7562	1293.0000
5115.7863	1317.0000
5115.8166	1339.0000
5115.8468	1313.0000
5115.8769	1435.0000
5115.9071	1489.0000
5115.9373	1541.0000
5115.9674	1621.0000
5115.9976	1652.0000
5116.0277	1656.0000
5116.0579	1748.0000
5116.0880	1742.0000
5116.1182	1757.0000
5116.1483	1772.0000
5116.1785	1764.0000
5116.2086	1731.0000
5116.2388	1753.0000
5116.2689	1703.0000
5116.2991	1689.0000
5116.3292	1546.0000
5116.3594	1466.0000
5116.3895	1401.0000
5116.4196	1357.0000
5116.4498	1367.0000
5116.4799	1363.0000
5116.5101	1336.0000
5116.5402	1386.0000
5116.5703	1487.0000
5116.6005	1381.0000
5116.6306	1399.0000
5116.6607	1522.0000
5116.6909	1510.0000
5116.7210	1556.0000
5116.7511	1602.0000
5116.7812	1623.0000
5116.8114	1632.0000
5116.8415	1686.0000
5116.8717	1656.0000
5116.9018	1674.0000
5116.9319	1693.0000
5116.9621	1646.0000
5116.9922	1505.0000
5117.0223	1358.0000
5117.0524	1329.0000
5117.0825	1251.0000
5117.1126	1086.0000
5117.1427	937.0000
5117.1728	961.0000
5117.2029	1038.0000
5117.2331	1052.0000
5117.2632	1204.0000
5117.2933	1340.0000
5117.3234	1441.0000
5117.3535	1491.0000
5117.3836	1612.0000
5117.4137	1640.0000
5117.4438	1713.0000
5117.4739	1784.0000
5117.5039	1808.0000
5117.5340	1863.0000
5117.5641	1868.0000
5117.5942	1796.0000
5117.6243	1816.0000
5117.6544	1765.0000
5117.6845	1651.0000
5117.7146	1582.0000
5117.7447	1479.0000
5117.7747	1500.0000
5117.8048	1497.0000
5117.8349	1653.0000
5117.8650	1767.0000
5117.8951	1868.0000
5117.9252	1948.0000
5117.9553	1952.0000
5117.9854	1894.0000
5118.0155	1841.0000
5118.0455	1779.0000
5118.0756	1716.0000
5118.1057	1683.0000
5118.1357	1795.0000
5118.1658	1791.0000
5118.1959	1767.0000
5118.2259	1919.0000
5118.2560	1960.0000
5118.2861	1947.0000
5118.3161	1885.0000
5118.3462	1823.0000
5118.3762	1662.0000
5118.4063	1740.0000
5118.4364	1683.0000
5118.4664	1632.0000
5118.4965	1683.0000
5118.5265	1665.0000
5118.5566	1693.0000
5118.5866	1817.0000
5118.6167	1873.0000
5118.6467	1785.0000
5118.6768	1816.0000
5118.7068	1794.0000
5118.7368	1738.0000
5118.7669	1638.0000
5118.7969	1537.0000
5118.8270	1476.0000
5118.8570	1542.0000
5118.8870	1496.0000
5118.9171	1469.0000
5118.9471	1475.0000
5118.9772	1553.0000
5119.0073	1629.0000
5119.0373	1589.0000
5119.0673	1671.0000
5119.0974	1719.0000
5119.1274	1682.0000
5119.1574	1664.0000
5119.1874	1638.0000
5119.2174	1723.0000
5119.2475	1771.0000
5119.2775	1720.0000
5119.3075	1822.0000
5119.3375	1834.0000
5119.3675	1923.0000
5119.3976	2010.0000
5119.4276	2234.0000
5119.4576	2316.0000
5119.4876	2356.0000
5119.5176	2300.0000
5119.5476	2338.0000
5119.5776	2390.0000
5119.6076	2204.0000
5119.6376	2052.0000
5119.6676	1966.0000
5119.6976	1979.0000
5119.7276	1837.0000
5119.7576	1899.0000
5119.7876	2077.0000
5119.8176	2069.0000
5119.8476	2028.0000
5119.8776	2062.0000
5119.9076	2111.0000
5119.9376	2075.0000
5119.9676	2042.0000
5119.9976	1892.0000
5120.0277	1842.0000
5120.0577	1846.0000
5120.0876	1867.0000
5120.1176	1939.0000
5120.1476	2070.0000
5120.1776	2107.0000
5120.2076	1842.0000
5120.2376	1802.0000
5120.2675	1866.0000
5120.2975	1829.0000
5120.3275	1768.0000
5120.3575	1734.0000
5120.3874	1692.0000
5120.4174	1742.0000
5120.4474	1697.0000
5120.4773	1739.0000
5120.5073	1935.0000
5120.5373	1948.0000
5120.5672	1981.0000
5120.5972	2047.0000
5120.6272	2103.0000
5120.6571	2038.0000
5120.6871	1980.0000
5120.7171	1906.0000
5120.7470	1867.0000
5120.7770	1918.0000
5120.8069	2005.0000
5120.8369	2003.0000
5120.8668	1999.0000
5120.8968	2029.0000
5120.9267	2100.0000
5120.9567	2154.0000
5120.9866	2192.0000
5121.0166	2205.0000
5121.0465	2244.0000
5121.0766	2290.0000
5121.1065	2326.0000
5121.1364	2373.0000
5121.1664	2431.0000
5121.1963	2490.0000
5121.2263	2546.0000
5121.2562	2359.0000
5121.2861	2261.0000
5121.3161	2006.0000
5121.3460	1929.0000
5121.3759	1844.0000
5121.4059	1701.0000
5121.4358	1584.0000
5121.4657	1576.0000
5121.4956	1671.0000
5121.5256	1611.0000
5121.5555	1569.0000
5121.5854	1629.0000
5121.6153	1731.0000
5121.6452	1934.0000
5121.6752	2055.0000
5121.7051	2251.0000
5121.7350	2389.0000
5121.7649	2428.0000
5121.7948	2493.0000
5121.8247	2518.0000
5121.8546	2435.0000
5121.8846	2344.0000
5121.9145	2221.0000
5121.9444	2029.0000
5121.9743	1929.0000
5122.0042	1782.0000
5122.0341	1703.0000
5122.0640	1554.0000
5122.0939	1437.0000
5122.1239	1273.0000
5122.1538	1245.0000
5122.1837	1266.0000
5122.2136	1356.0000
5122.2435	1498.0000
5122.2734	1630.0000
5122.3033	1814.0000
5122.3331	1962.0000
5122.3630	2126.0000
5122.3929	2302.0000
5122.4228	2444.0000
5122.4527	2388.0000
5122.4826	2344.0000
5122.5125	2442.0000
5122.5423	2480.0000
5122.5722	2507.0000
5122.6021	2623.0000
5122.6320	2651.0000
5122.6619	2714.0000
5122.6917	2735.0000
5122.7216	2564.0000
5122.7515	2491.0000
5122.7813	2339.0000
5122.8112	2171.0000
5122.8411	2052.0000
5122.8710	1967.0000
5122.9008	1948.0000
5122.9307	1926.0000
5122.9605	1849.0000
5122.9904	1872.0000
5123.0203	1835.0000
5123.0501	1795.0000
5123.0800	1889.0000
5123.1098	2018.0000
5123.1397	2068.0000
5123.1697	2132.0000
5123.1995	2193.0000
5123.2294	2173.0000
5123.2592	2112.0000
5123.2891	1986.0000
5123.3189	1955.0000
5123.3488	1979.0000
5123.3786	1837.0000
5123.4084	1739.0000
5123.4383	1645.0000
5123.4681	1583.0000
5123.4980	1526.0000
5123.5278	1507.0000
5123.5577	1510.0000
5123.5875	1399.0000
5123.6173	1430.0000
5123.6472	1223.0000
5123.6770	1019.0000
5123.7068	894.0000
5123.7367	882.0000
5123.7665	832.0000
5123.7963	881.0000
5123.8261	904.0000
5123.8560	1079.0000
5123.8858	1184.0000
5123.9156	1260.0000
5123.9454	1338.0000
5123.9753	1460.0000
5124.0051	1618.0000
5124.0349	1718.0000
5124.0647	1800.0000
5124.0945	1812.0000
5124.1243	1839.0000
5124.1541	1852.0000
5124.1840	1984.0000
5124.2138	2099.0000
5124.2437	2262.0000
5124.2735	2383.0000
5124.3033	2464.0000
5124.3331	2520.0000
5124.3629	2477.0000
5124.3927	2344.0000
5124.4225	2142.0000
5124.4523	2012.0000
5124.4821	1927.0000
5124.5119	1752.0000
5124.5417	1704.0000
5124.5715	1618.0000
5124.6013	1615.0000
5124.6311	1756.0000
5124.6609	1897.0000
5124.6907	2101.0000
5124.7204	2157.0000
5124.7502	2155.0000
5124.7800	2128.0000
5124.8098	2223.0000
5124.8396	2123.0000
5124.8694	2130.0000
5124.8991	2065.0000
5124.9289	2038.0000
5124.9587	2161.0000
5124.9885	2231.0000
5125.0183	2249.0000
5125.0480	2182.0000
5125.0778	2106.0000
5125.1076	2172.0000
5125.1373	2320.0000
5125.1671	2392.0000
5125.1969	2455.0000
5125.2266	2493.0000
5125.2564	2470.0000
5125.2863	2426.0000
5125.3160	2320.0000
5125.3458	2180.0000
5125.3756	2172.0000
5125.4053	2105.0000
5125.4351	2059.0000
5125.4648	2034.0000
5125.4946	2049.0000
5125.5243	2142.0000
5125.5541	2197.0000
5125.5838	2224.0000
5125.6136	2354.0000
5125.6433	2421.0000
5125.6731	2506.0000
5125.7028	2576.0000
5125.7326	2699.0000
5125.7623	2789.0000
5125.7921	2755.0000
5125.8218	2666.0000
5125.8516	2547.0000
5125.8813	2338.0000
5125.9110	2254.0000
5125.9408	2263.0000
5125.9705	2133.0000
5126.0002	2201.0000
5126.0300	2189.0000
5126.0597	2176.0000
5126.0894	2217.0000
5126.1192	2214.0000
5126.1489	2323.0000
5126.1786	2477.0000
5126.2083	2585.0000
5126.2381	2671.0000
5126.2678	2590.0000
5126.2975	2587.0000
5126.3272	2571.0000
5126.3570	2698.0000
5126.3868	2660.0000
5126.4165	2666.0000
5126.4462	2616.0000
5126.4759	2525.0000
5126.5056	2471.0000
5126.5353	2557.0000
5126.5650	2754.0000
5126.5947	2768.0000
5126.6244	2774.0000
5126.6541	2710.0000
5126.6838	2525.0000
5126.7136	2316.0000
5126.7433	2200.0000
5126.7730	2060.0000
5126.8027	2087.0000
5126.8324	2230.0000
5126.8620	2385.0000
5126.8917	2344.0000
5126.9214	2407.0000
5126.9511	2394.0000
5126.9808	2304.0000
5127.0105	2318.0000
5127.0402	2322.0000
5127.0699	2395.0000
5127.0996	2450.0000
5127.1293	2377.0000
5127.1589	2258.0000
5127.1886	2181.0000
5127.2183	2083.0000
5127.2480	1847.0000
5127.2777	1575.0000
5127.3073	1253.0000
5127.3370	1046.0000
5127.3667	841.0000
5127.3965	719.0000
5127.4261	784.0000
5127.4558	914.0000
5127.4855	1051.0000
5127.5151	1131.0000
5127.5448	1193.0000
5127.5745	1129.0000
5127.6041	1081.0000
5127.6338	863.0000
5127.6635	706.0000
5127.6931	586.0000
5127.7228	598.0000
5127.7524	757.0000
5127.7821	1029.0000
5127.8118	1308.0000
5127.8414	1641.0000
5127.8711	1872.0000
5127.9007	2103.0000
5127.9304	2226.0000
5127.9600	2228.0000
5127.9897	2176.0000
5128.0193	2284.0000
5128.0490	2191.0000
5128.0786	2181.0000
5128.1082	2180.0000
5128.1379	2387.0000
5128.1675	2450.0000
5128.1972	2592.0000
5128.2268	2673.0000
5128.2564	2756.0000
5128.2861	2823.0000
5128.3157	2883.0000
5128.3453	2826.0000
5128.3750	2922.0000
5128.4046	2980.0000
5128.4343	2786.0000
5128.4639	2568.0000
5128.4936	2542.0000
5128.5232	2546.0000
5128.5528	2464.0000
5128.5824	2314.0000
5128.6121	2387.0000
5128.6417	2552.0000
5128.6713	2589.0000
5128.7009	2603.0000
5128.7305	2554.0000
5128.7601	2636.0000
5128.7898	2687.0000
5128.8194	2655.0000
5128.8490	2644.0000
5128.8786	2663.0000
5128.9082	2587.0000
5128.9378	2608.0000
5128.9674	2577.0000
5128.9970	2492.0000
5129.0266	2393.0000
5129.0562	2308.0000
5129.0858	2180.0000
5129.1154	2109.0000
5129.1450	2012.0000
5129.1746	2120.0000
5129.2042	2231.0000
5129.2338	2279.0000
5129.2634	2346.0000
5129.2930	2389.0000
5129.3226	2418.0000
5129.3522	2322.0000
5129.3818	2191.0000
5129.4113	2130.0000
5129.4409	2203.0000
5129.4705	2292.0000
5129.5002	2305.0000
5129.5298	2195.0000
5129.5594	2044.0000
5129.5889	2088.0000
5129.6185	2036.0000
5129.6481	2138.0000
5129.6777	2246.0000
5129.7072	2235.0000
5129.7368	2224.0000
5129.7664	2250.0000
5129.7959	2289.0000
5129.8255	2191.0000
5129.8551	2173.0000
5129.8846	2154.0000
5129.9142	2207.0000
5129.9438	2257.0000
5129.9733	2347.0000
5130.0029	2332.0000
5130.0325	2358.0000
5130.0620	2437.0000
5130.0916	2386.0000
5130.1211	2462.0000
5130.1507	2550.0000
5130.1802	2570.0000
5130.2098	2656.0000
5130.2393	2655.0000
5130.2689	2533.0000
5130.2984	2515.0000
5130.3280	2605.0000
5130.3575	2680.0000
5130.3871	2684.0000
5130.4166	2743.0000
5130.4461	2724.0000
5130.4757	2707.0000
5130.5052	2695.0000
5130.5348	2608.0000
5130.5644	2418.0000
5130.5939	2188.0000
5130.6235	2066.0000
5130.6530	1995.0000
5130.6825	1962.0000
5130.7121	1946.0000
5130.7416	2011.0000
5130.7711	2148.0000
5130.8006	2184.0000
5130.8302	2367.0000
5130.8597	2503.0000
5130.8892	2616.0000
5130.9187	2705.0000
5130.9483	2794.0000
5130.9778	2762.0000
5131.0073	2771.0000
5131.0368	2825.0000
5131.0663	2847.0000
5131.0958	2837.0000
5131.1253	2824.0000
5131.1548	2806.0000
5131.1844	2714.0000
5131.2139	2661.0000
5131.2434	2631.0000
5131.2729	2639.0000
5131.3024	2564.0000
5131.3319	2525.0000
5131.3614	2486.0000
5131.3909	2498.0000
5131.4204	2372.0000
5131.4499	2316.0000
5131.4794	2307.0000
5131.5089	2273.0000
5131.5384	2235.0000
5131.5679	2315.0000
5131.5975	2372.0000
5131.6269	2307.0000
5131.6564	2323.0000
5131.6859	2315.0000
5131.7154	2232.0000
5131.7449	2189.0000
5131.7744	2214.0000
5131.8039	2204.0000
5131.8333	2181.0000
5131.8628	2249.0000
5131.8923	2375.0000
5131.9218	2478.0000
5131.9512	2600.0000
5131.9807	2499.0000
5132.0102	2584.0000
5132.0397	2514.0000
5132.0691	2546.0000
5132.0986	2506.0000
5132.1281	2420.0000
5132.1575	2321.0000
5132.1870	2334.0000
5132.2165	2314.0000
5132.2459	2135.0000
5132.2754	2092.0000
5132.3048	2014.0000
5132.3343	1948.0000
5132.3638	1854.0000
5132.3932	1835.0000
5132.4227	1960.0000
5132.4521	2082.0000
5132.4816	2174.0000
5132.5110	2451.0000
5132.5405	2536.0000
5132.5699	2626.0000
5132.5994	2561.0000
5132.6288	2660.0000
5132.6584	2697.0000
5132.6878	2650.0000
5132.7173	2668.0000
5132.7467	2700.0000
5132.7761	2730.0000
5132.8056	2616.0000
5132.8350	2586.0000
5132.8644	2654.0000
5132.8939	2508.0000
5132.9233	2470.0000
5132.9527	2454.0000
5132.9822	2565.0000
5133.0116	2749.0000
5133.0410	2965.0000
5133.0705	3100.0000
5133.0999	3020.0000
5133.1293	2989.0000
5133.1587	2938.0000
5133.1882	2742.0000
5133.2176	2505.0000
5133.2470	2279.0000
5133.2764	2157.0000
5133.3058	2017.0000
5133.3352	1887.0000
5133.3647	1830.0000
5133.3941	1675.0000
5133.4235	1587.0000
5133.4529	1504.0000
5133.4823	1523.0000
5133.5117	1597.0000
5133.5411	1659.0000
5133.5705	1760.0000
5133.5999	1810.0000
5133.6293	1898.0000
5133.6587	2026.0000
5133.6881	2053.0000
5133.7176	2062.0000
5133.7470	2020.0000
5133.7764	2060.0000
5133.8058	1992.0000
5133.8352	2016.0000
5133.8646	1854.0000
5133.8940	2034.0000
5133.9234	2220.0000
5133.9528	2372.0000
5133.9821	2583.0000
5134.0115	2773.0000
5134.0409	2881.0000
5134.0703	2908.0000
5134.0997	2845.0000
5134.1291	2886.0000
5134.1584	2836.0000
5134.1878	2744.0000
5134.2172	2736.0000
5134.2466	2629.0000
5134.2759	2543.0000
5134.3053	2575.0000
5134.3347	2574.0000
5134.3641	2523.0000
5134.3934	2500.0000
5134.4228	2507.0000
5134.4522	2452.0000
5134.4815	2432.0000
5134.5109	2420.0000
5134.5403	2437.0000
5134.5696	2426.0000
5134.5990	2378.0000
5134.6283	2315.0000
5134.6577	2295.0000
5134.6870	2208.0000
5134.7164	2182.0000
5134.7457	2104.0000
5134.7752	2118.0000
5134.8046	2106.0000
5134.8339	2055.0000
5134.8632	2141.0000
5134.8926	2325.0000
5134.9219	2422.0000
5134.9513	2380.0000
5134.9806	2368.0000
5135.0100	2330.0000
5135.0393	2362.0000
5135.0686	2422.0000
5135.0980	2272.0000
5135.1273	2207.0000
5135.1567	2187.0000
5135.1860	2190.0000
5135.2153	2185.0000
5135.2447	2241.0000
5135.2740	2223.0000
5135.3033	2343.0000
5135.3326	2445.0000
5135.3620	2412.0000
5135.3913	2404.0000
5135.4206	2416.0000
5135.4499	2481.0000
5135.4793	2539.0000
5135.5086	2609.0000
5135.5379	2571.0000
5135.5672	2610.0000
5135.5965	2665.0000
5135.6258	2706.0000
5135.6552	2825.0000
5135.6845	2902.0000
5135.7138	2968.0000
5135.7431	3044.0000
5135.7724	3007.0000
5135.8017	3027.0000
5135.8311	3006.0000
5135.8604	2995.0000
5135.8897	3014.0000
5135.9190	2947.0000
5135.9483	2871.0000
5135.9776	2756.0000
5136.0069	2495.0000
5136.0362	2361.0000
5136.0655	2290.0000
5136.0948	2266.0000
5136.1241	2314.0000
5136.1534	2445.0000
5136.1827	2514.0000
5136.2120	2491.0000
5136.2412	2502.0000
5136.2705	2519.0000
5136.2998	2430.0000
5136.3291	2452.0000
5136.3584	2474.0000
5136.3877	2455.0000
5136.4169	2427.0000
5136.4462	2391.0000
5136.4755	2385.0000
5136.5048	2400.0000
5136.5340	2454.0000
5136.5633	2441.0000
5136.5926	2426.0000
5136.6219	2453.0000
5136.6511	2559.0000
5136.6804	2664.0000
5136.7097	2653.0000
5136.7389	2603.0000
5136.7682	2576.0000
5136.7975	2529.0000
5136.8267	2427.0000
5136.8561	2302.0000
5136.8853	2336.0000
5136.9146	2334.0000
5136.9438	2359.0000
5136.9731	2283.0000
5137.0024	2233.0000
5137.0316	2179.0000
5137.0609	2025.0000
5137.0901	1945.0000
5137.1194	1892.0000
5137.1486	2012.0000
5137.1779	2074.0000
5137.2071	2131.0000
5137.2363	2143.0000
5137.2656	2285.0000
5137.2948	2396.0000
5137.3241	2469.0000
5137.3533	2508.0000
5137.3825	2495.0000
5137.4118	2455.0000
5137.4410	2464.0000
5137.4702	2421.0000
5137.4995	2383.0000
5137.5287	2405.0000
5137.5579	2423.0000
5137.5872	2423.0000
5137.6164	2382.0000
5137.6456	2405.0000
5137.6748	2371.0000
5137.7041	2457.0000
5137.7333	2428.0000
5137.7625	2405.0000
5137.7917	2350.0000
5137.8209	2451.0000
5137.8501	2420.0000
5137.8794	2411.0000
5137.9087	2509.0000
5137.9379	2551.0000
5137.9671	2612.0000
5137.9963	2502.0000
5138.0255	2386.0000
5138.0547	2364.0000
5138.0839	2317.0000
5138.1131	2246.0000
5138.1423	2246.0000
5138.1715	2268.0000
5138.2007	2284.0000
5138.2299	2376.0000
5138.2591	2579.0000
5138.2883	2611.0000
5138.3175	2608.0000
5138.3467	2588.0000
5138.3759	2700.0000
5138.4051	2626.0000
5138.4343	2503.0000
5138.4635	2495.0000
5138.4927	2493.0000
5138.5219	2375.0000
5138.5510	2357.0000
5138.5802	2265.0000
5138.6094	2276.0000
5138.6386	2178.0000
5138.6678	2274.0000
5138.6969	2258.0000
5138.7261	2130.0000
5138.7553	2119.0000
5138.7845	2106.0000
5138.8136	2042.0000
5138.8428	2116.0000
5138.8720	2249.0000
5138.9012	2346.0000
5138.9303	2452.0000
5138.9595	2481.0000
5138.9888	2461.0000
5139.0179	2414.0000
5139.0471	2443.0000
5139.0762	2433.0000
5139.1054	2470.0000
5139.1346	2396.0000
5139.1637	2301.0000
5139.1929	2207.0000
5139.2220	2200.0000
5139.2512	2104.0000
5139.2803	2071.0000
5139.3095	2092.0000
5139.3386	2191.0000
5139.3678	2181.0000
5139.3969	2229.0000
5139.4261	2213.0000
5139.4552	2259.0000
5139.4844	2131.0000
5139.5135	2021.0000
5139.5427	2016.0000
5139.5718	2043.0000
5139.6009	2012.0000
5139.6301	1956.0000
5139.6592	1968.0000
5139.6883	2076.0000
5139.7175	2100.0000
5139.7466	2091.0000
5139.7757	2106.0000
5139.8049	2163.0000
5139.8340	2230.0000
5139.8631	2343.0000
5139.8922	2380.0000
5139.9214	2508.0000
5139.9505	2546.0000
5139.9796	2471.0000
5140.0087	2517.0000
5140.0379	2594.0000
5140.0671	2600.0000
5140.0962	2531.0000
5140.1253	2496.0000
5140.1544	2511.0000
5140.1835	2421.0000
5140.2126	2291.0000
5140.2417	2160.0000
5140.2708	2089.0000
5140.3000	2151.0000
5140.3291	2220.0000
5140.3582	2270.0000
5140.3873	2459.0000
5140.4164	2558.0000
5140.4455	2606.0000
5140.4746	2541.0000
5140.5037	2470.0000
5140.5328	2521.0000
5140.5619	2552.0000
5140.5910	2560.0000
5140.6200	2583.0000
5140.6491	2655.0000
5140.6782	2581.0000
5140.7073	2575.0000
5140.7364	2595.0000
5140.7655	2629.0000
5140.7946	2635.0000
5140.8237	2718.0000
5140.8527	2697.0000
5140.8818	2771.0000
5140.9109	2809.0000
5140.9400	2827.0000
5140.9691	2762.0000
5140.9981	2765.0000
5141.0272	2669.0000
5141.0563	2618.0000
5141.0855	2534.0000
5141.1145	2592.0000
5141.1436	2667.0000
5141.1727	2691.0000
5141.2017	2708.0000
5141.2308	2731.0000
5141.2599	2811.0000
5141.2889	2810.0000
5141.3180	2806.0000
5141.3470	2886.0000
5141.3761	2932.0000
5141.4052	2864.0000
5141.4342	2883.0000
5141.4633	2770.0000
5141.4923	2598.0000
5141.5214	2532.0000
5141.5504	2478.0000
5141.5795	2376.0000
5141.6085	2391.0000
5141.6376	2395.0000
5141.6666	2536.0000
5141.6957	2501.0000
5141.7247	2452.0000
5141.7537	2381.0000
5141.7828	2262.0000
5141.8118	2309.0000
5141.8409	2403.0000
5141.8699	2549.0000
5141.8989	2742.0000
5141.9280	2838.0000
5141.9570	2938.0000
5141.9860	3035.0000
5142.0151	2960.0000
5142.0441	2878.0000
5142.0731	2905.0000
5142.1021	2862.0000
5142.1313	2788.0000
5142.1603	2896.0000
5142.1893	2905.0000
5142.2183	2969.0000
5142.2474	2994.0000
5142.2764	3051.0000
5142.3054	3081.0000
5142.3344	2953.0000
5142.3634	2765.0000
5142.3924	2528.0000
5142.4214	2380.0000
5142.4505	2309.0000
5142.4795	2285.0000
5142.5085	2279.0000
5142.5375	2266.0000
5142.5665	2310.0000
5142.5955	2327.0000
5142.6245	2313.0000
5142.6535	2377.0000
5142.6825	2348.0000
5142.7115	2406.0000
5142.7405	2379.0000
5142.7695	2258.0000
5142.7985	2122.0000
5142.8275	1920.0000
5142.8565	1750.0000
5142.8855	1606.0000
5142.9145	1382.0000
5142.9434	1231.0000
5142.9724	1228.0000
5143.0014	1186.0000
5143.0304	1241.0000
5143.0594	1440.0000
5143.0884	1714.0000
5143.1173	2039.0000
5143.1463	2438.0000
5143.1754	2685.0000
5143.2044	2755.0000
5143.2334	2806.0000
5143.2623	2755.0000
5143.2913	2575.0000
5143.3203	2328.0000
5143.3492	1984.0000
5143.3782	1733.0000
5143.4072	1749.0000
5143.4361	1846.0000
5143.4651	1937.0000
5143.4941	2028.0000
5143.5230	2209.0000
5143.5520	2365.0000
5143.5810	2538.0000
5143.6099	2676.0000
5143.6389	2712.0000
5143.6678	2774.0000
5143.6968	2809.0000
5143.7257	2733.0000
5143.7547	2692.0000
5143.7836	2754.0000
5143.8126	2842.0000
5143.8415	2842.0000
5143.8705	2974.0000
5143.8994	3023.0000
5143.9284	3053.0000
5143.9573	3136.0000
5143.9863	3109.0000
5144.0152	2971.0000
5144.0441	2843.0000
5144.0731	2794.0000
5144.1020	2746.0000
5144.1309	2762.0000
5144.1599	2820.0000
5144.1888	2902.0000
5144.2177	3150.0000
5144.2468	3291.0000
5144.2757	3417.0000
5144.3046	3428.0000
5144.3335	3401.0000
5144.3625	3273.0000
5144.3914	3177.0000
5144.4203	3035.0000
5144.4492	2939.0000
5144.4782	3047.0000
5144.5071	3128.0000
5144.5360	3204.0000
5144.5649	3244.0000
5144.5938	3126.0000
5144.6227	2941.0000
5144.6516	2795.0000
5144.6806	2780.0000
5144.7095	2767.0000
5144.7384	2788.0000
5144.7673	2863.0000
5144.7962	2806.0000
5144.8251	2756.0000
5144.8540	2598.0000
5144.8829	2472.0000
5144.9118	2398.0000
5144.9407	2332.0000
5144.9696	2253.0000
5144.9985	2306.0000
5145.0274	2356.0000
5145.0563	2383.0000
5145.0852	2419.0000
5145.1141	2352.0000
5145.1429	2355.0000
5145.1718	2452.0000
5145.2007	2434.0000
5145.2296	2492.0000
5145.2585	2477.0000
5145.2875	2438.0000
5145.3163	2426.0000
5145.3452	2282.0000
5145.3741	2157.0000
5145.4030	2040.0000
5145.4319	1907.0000
5145.4607	1877.0000
5145.4896	1739.0000
5145.5185	1767.0000
5145.5474	1871.0000
5145.5762	1910.0000
5145.6051	2016.0000
5145.6340	2285.0000
5145.6628	2433.0000
5145.6917	2426.0000
5145.7205	2495.0000
5145.7494	2554.0000
5145.7783	2578.0000
5145.8071	2507.0000
5145.8360	2491.0000
5145.8648	2424.0000
5145.8937	2314.0000
5145.9226	2382.0000
5145.9514	2540.0000
5145.9803	2542.0000
5146.0091	2644.0000
5146.0380	2676.0000
5146.0668	2708.0000
5146.0956	2702.0000
5146.1245	2775.0000
5146.1533	2708.0000
5146.1822	2560.0000
5146.2110	2499.0000
5146.2399	2497.0000
5146.2687	2492.0000
5146.2975	2409.0000
5146.3264	2479.0000
5146.3553	2505.0000
5146.3841	2620.0000
5146.4130	2711.0000
5146.4418	2812.0000
5146.4706	2859.0000
5146.4995	2806.0000
5146.5283	2724.0000
5146.5571	2577.0000
5146.5859	2498.0000
5146.6148	2455.0000
5146.6436	2544.0000
5146.6724	2485.0000
5146.7012	2465.0000
5146.7300	2435.0000
5146.7588	2540.0000
5146.7877	2585.0000
5146.8165	2583.0000
5146.8453	2766.0000
5146.8741	2804.0000
5146.9029	2853.0000
5146.9317	2953.0000
5146.9605	2896.0000
5146.9893	2943.0000
5147.0181	2977.0000
5147.0469	2855.0000
5147.0757	2907.0000
5147.1045	2904.0000
5147.1333	2902.0000
5147.1621	2867.0000
5147.1909	2624.0000
5147.2197	2446.0000
5147.2485	2180.0000
5147.2773	1903.0000
5147.3061	1582.0000
5147.3349	1275.0000
5147.3637	985.0000
5147.3926	755.0000
5147.4213	511.0000
5147.4501	368.0000
5147.4789	351.0000
5147.5077	388.0000
5147.5365	448.0000
5147.5653	516.0000
5147.5940	690.0000
5147.6228	831.0000
5147.6516	1028.0000
5147.6804	1178.0000
5147.7091	1563.0000
5147.7379	1913.0000
5147.7667	2142.0000
5147.7954	2358.0000
5147.8242	2565.0000
5147.8530	2502.0000
5147.8817	2663.0000
5147.9105	2834.0000
5147.9393	2849.0000
5147.9680	2870.0000
5147.9968	2900.0000
5148.0255	3001.0000
5148.0543	2963.0000
5148.0831	2950.0000
5148.1118	3047.0000
5148.1406	3036.0000
5148.1693	2946.0000
5148.1981	2902.0000
5148.2268	2746.0000
5148.2556	2564.0000
5148.2843	2492.0000
5148.3131	2460.0000
5148.3418	2428.0000
5148.3705	2441.0000
5148.3993	2578.0000
5148.4280	2766.0000
5148.4569	2963.0000
5148.4856	3008.0000
5148.5143	3137.0000
5148.5431	3149.0000
5148.5718	3206.0000
5148.6005	3145.0000
5148.6293	3067.0000
5148.6580	2883.0000
5148.6867	2903.0000
5148.7154	2817.0000
5148.7442	2770.0000
5148.7729	2728.0000
5148.8016	2633.0000
5148.8303	2585.0000
5148.8591	2583.0000
5148.8878	2465.0000
5148.9165	2483.0000
5148.9452	2509.0000
5148.9739	2607.0000
5149.0026	2698.0000
5149.0314	2829.0000
5149.0601	3083.0000
5149.0888	3254.0000
5149.1175	3385.0000
5149.1462	3379.0000
5149.1749	3435.0000
5149.2036	3317.0000
5149.2323	3200.0000
5149.2610	3051.0000
5149.2897	2925.0000
5149.3184	2855.0000
5149.3471	2770.0000
5149.3758	2773.0000
5149.4045	2655.0000
5149.4332	2597.0000
5149.4619	2360.0000
5149.4907	2103.0000
5149.5194	1948.0000
5149.5481	1719.0000
5149.5767	1733.0000
5149.6054	1779.0000
5149.6341	1888.0000
5149.6628	2029.0000
5149.6915	2166.0000
5149.7202	2300.0000
5149.7488	2432.0000
5149.7775	2384.0000
5149.8062	2346.0000
5149.8349	2276.0000
5149.8635	2335.0000
5149.8922	2340.0000
5149.9209	2349.0000
5149.9496	2293.0000
5149.9782	2213.0000
5150.0069	2202.0000
5150.0356	2292.0000
5150.0642	2254.0000
5150.0929	2273.0000
5150.1215	2306.0000
5150.1502	2335.0000
5150.1789	2324.0000
5150.2075	2410.0000
5150.2362	2491.0000
5150.2648	2575.0000
5150.2935	2560.0000
5150.3221	2637.0000
5150.3508	2753.0000
5150.3794	2779.0000
5150.4081	2665.0000
5150.4367	2642.0000
5150.4654	2643.0000
5150.4940	2593.0000
5150.5227	2637.0000
5150.5514	2679.0000
5150.5801	2736.0000
5150.6087	2761.0000
5150.6373	2694.0000
5150.6660	2610.0000
5150.6946	2418.0000
5150.7233	2261.0000
5150.7519	1969.0000
5150.7805	1619.0000
5150.8091	1376.0000
5150.8378	1183.0000
5150.8664	1120.0000
5150.8950	1070.0000
5150.9237	1214.0000
5150.9523	1373.0000
5150.9809	1605.0000
5151.0095	1902.0000
5151.0381	2149.0000
5151.0668	2294.0000
5151.0954	2344.0000
5151.1240	2436.0000
5151.1526	2587.0000
5151.1812	2504.0000
5151.2098	2387.0000
5151.2385	2370.0000
5151.2671	2409.0000
5151.2957	2386.0000
5151.3243	2331.0000
5151.3529	2390.0000
5151.3815	2448.0000
5151.4101	2556.0000
5151.4387	2633.0000
5151.4673	2766.0000
5151.4959	2817.0000
5151.5245	2906.0000
5151.5531	2955.0000
5151.5817	2977.0000
5151.6104	2958.0000
5151.6390	2925.0000
5151.6676	2918.0000
5151.6961	2865.0000
5151.7247	2802.0000
5151.7533	2702.0000
5151.7819	2495.0000
5151.8105	2122.0000
5151.8391	1749.0000
5151.8677	1468.0000
5151.8962	1227.0000
5151.9248	1014.0000
5151.9534	865.0000
5151.9820	737.0000
5152.0105	672.0000
5152.0391	623.0000
5152.0677	608.0000
5152.0963	529.0000
5152.1248	388.0000
5152.1534	262.0000
5152.1820	247.0000
5152.2105	287.0000
5152.2391	308.0000
5152.2677	386.0000
5152.2962	538.0000
5152.3248	673.0000
5152.3534	847.0000
5152.3819	1067.0000
5152.4105	1290.0000
5152.4390	1578.0000
5152.4676	1832.0000
5152.4961	2103.0000
5152.5247	2283.0000
5152.5532	2346.0000
5152.5818	2466.0000
5152.6103	2560.0000
5152.6389	2498.0000
5152.6675	2542.0000
5152.6961	2484.0000
5152.7246	2450.0000
5152.7531	2608.0000
5152.7817	2662.0000
5152.8102	2658.0000
5152.8388	2703.0000
5152.8673	2688.0000
5152.8958	2617.0000
5152.9244	2593.0000
5152.9529	2623.0000
5152.9814	2618.0000
5153.0100	2544.0000
5153.0385	2529.0000
5153.0670	2406.0000
5153.0955	2336.0000
5153.1241	2246.0000
5153.1526	2124.0000
5153.1811	2065.0000
5153.2096	2102.0000
5153.2381	2167.0000
5153.2667	2252.0000
5153.2952	2306.0000
5153.3237	2231.0000
5153.3522	2147.0000
5153.3807	2105.0000
5153.4092	2037.0000
5153.4377	2070.0000
5153.4662	2205.0000
5153.4948	2389.0000
5153.5233	2457.0000
5153.5518	2490.0000
5153.5803	2518.0000
5153.6088	2501.0000
5153.6373	2464.0000
5153.6658	2458.0000
5153.6943	2386.0000
5153.7229	2382.0000
5153.7514	2439.0000
5153.7798	2494.0000
5153.8083	2576.0000
5153.8368	2639.0000
5153.8653	2585.0000
5153.8938	2543.0000
5153.9223	2390.0000
5153.9508	2505.0000
5153.9793	2603.0000
5154.0077	2597.0000
5154.0362	2618.0000
5154.0647	2609.0000
5154.0932	2604.0000
5154.1217	2626.0000
5154.1501	2610.0000
5154.1786	2569.0000
5154.2071	2615.0000
5154.2356	2678.0000
5154.2640	2709.0000
5154.2925	2604.0000
5154.3210	2784.0000
5154.3494	2756.0000
5154.3779	2772.0000
5154.4064	2733.0000
5154.4348	2669.0000
5154.4633	2603.0000
5154.4918	2567.0000
5154.5202	2438.0000
5154.5487	2436.0000
5154.5771	2432.0000
5154.6056	2464.0000
5154.6340	2398.0000
5154.6625	2409.0000
5154.6909	2510.0000
5154.7194	2514.0000
5154.7478	2525.0000
5154.7764	2550.0000
5154.8048	2528.0000
5154.8333	2563.0000
5154.8617	2588.0000
5154.8902	2583.0000
5154.9186	2576.0000
5154.9470	2553.0000
5154.9755	2501.0000
5155.0039	2496.0000
5155.0324	2583.0000
5155.0608	2566.0000
5155.0892	2596.0000
5155.1177	2610.0000
5155.1461	2592.0000
5155.1745	2561.0000
5155.2029	2490.0000
5155.2314	2509.0000
5155.2598	2511.0000
5155.2882	2537.0000
5155.3166	2649.0000
5155.3451	2702.0000
5155.3735	2746.0000
5155.4019	2676.0000
5155.4303	2578.0000
5155.4587	2578.0000
5155.4871	2492.0000
5155.5156	2461.0000
5155.5440	2417.0000
5155.5724	2388.0000
5155.6008	2513.0000
5155.6292	2603.0000
5155.6576	2712.0000
5155.6860	2888.0000
5155.7144	2940.0000
5155.7428	2859.0000
5155.7712	2772.0000
5155.7996	2603.0000
5155.8281	2408.0000
5155.8565	2214.0000
5155.8849	2151.0000
5155.9133	2109.0000
5155.9417	2145.0000
5155.9701	2195.0000
5155.9985	2324.0000
5156.0269	2416.0000
5156.0552	2536.0000
5156.0836	2655.0000
5156.1120	2686.0000
5156.1404	2781.0000
5156.1688	2789.0000
5156.1972	2867.0000
5156.2255	2944.0000
5156.2539	3043.0000
5156.2823	2881.0000
5156.3107	2910.0000
5156.3390	2872.0000
5156.3674	2731.0000
5156.3958	2583.0000
5156.4242	2578.0000
5156.4525	2539.0000
5156.4809	2500.0000
5156.5093	2420.0000
5156.5376	2331.0000
5156.5660	2246.0000
5156.5944	2166.0000
5156.6227	2156.0000
5156.6511	2110.0000
5156.6794	2129.0000
5156.7078	2105.0000
5156.7362	2084.0000
5156.7645	2142.0000
5156.7929	2209.0000
5156.8212	2303.0000
5156.8496	2258.0000
5156.8780	2312.0000
5156.9064	2406.0000
5156.9347	2495.0000
5156.9631	2508.0000
5156.9914	2380.0000
5157.0197	2349.0000
5157.0481	2369.0000
5157.0764	2260.0000
5157.1048	2148.0000
5157.1331	2143.0000
5157.1614	2078.0000
5157.1898	1925.0000
5157.2181	1927.0000
5157.2464	1976.0000
5157.2748	2093.0000
5157.3031	2249.0000
5157.3314	2295.0000
5157.3597	2449.0000
5157.3881	2534.0000
5157.4164	2629.0000
5157.4447	2688.0000
5157.4730	2712.0000
5157.5014	2754.0000
5157.5297	2682.0000
5157.5580	2513.0000
5157.5863	2469.0000
5157.6146	2479.0000
5157.6429	2440.0000
5157.6713	2458.0000
5157.6996	2495.0000
5157.7279	2600.0000
5157.7562	2699.0000
5157.7845	2789.0000
5157.8128	2839.0000
5157.8411	2821.0000
5157.8694	2734.0000
5157.8977	2677.0000
5157.9261	2523.0000
5157.9544	2463.0000
5157.9827	2394.0000
5158.0110	2452.0000
5158.0393	2445.0000
5158.0676	2503.0000
5158.0959	2539.0000
5158.1242	2556.0000
5158.1525	2643.0000
5158.1807	2617.0000
5158.2090	2622.0000
5158.2373	2668.0000
5158.2656	2595.0000
5158.2939	2530.0000
5158.3222	2416.0000
5158.3504	2451.0000
5158.3787	2521.0000
5158.4070	2601.0000
5158.4353	2675.0000
5158.4636	2799.0000
5158.4918	2916.0000
5158.5201	2905.0000
5158.5484	2869.0000
5158.5766	2760.0000
5158.6049	2591.0000
5158.6332	2413.0000
5158.6614	2314.0000
5158.6897	2345.0000
5158.7180	2350.0000
5158.7462	2391.0000
5158.7745	2388.0000
5158.8027	2432.0000
5158.8310	2482.0000
5158.8593	2481.0000
5158.8875	2533.0000
5158.9158	2498.0000
5158.9440	2481.0000
5158.9724	2530.0000
5159.0006	2588.0000
5159.0289	2611.0000
5159.0571	2559.0000
5159.0854	2536.0000
5159.1136	2481.0000
5159.1419	2448.0000
5159.1701	2391.0000
5159.1983	2508.0000
5159.2266	2467.0000
5159.2548	2375.0000
5159.2830	2332.0000
5159.3113	2335.0000
5159.3395	2331.0000
5159.3678	2362.0000
5159.3960	2361.0000
5159.4242	2458.0000
5159.4524	2483.0000
5159.4807	2433.0000
5159.5089	2480.0000
5159.5371	2547.0000
5159.5653	2509.0000
5159.5936	2403.0000
5159.6218	2419.0000
5159.6500	2432.0000
5159.6782	2421.0000
5159.7064	2413.0000
5159.7347	2375.0000
5159.7629	2393.0000
5159.7911	2345.0000
5159.8193	2316.0000
5159.8475	2276.0000
5159.8757	2240.0000
5159.9039	2320.0000
5159.9321	2414.0000
5159.9603	2477.0000
5159.9885	2536.0000
5160.0168	2573.0000
5160.0450	2489.0000
5160.0732	2502.0000
5160.1014	2405.0000
5160.1296	2299.0000
5160.1578	2244.0000
5160.1860	2182.0000
5160.2142	2218.0000
5160.2424	2231.0000
5160.2706	2294.0000
5160.2988	2235.0000
5160.3270	2194.0000
5160.3551	2171.0000
5160.3833	2129.0000
5160.4115	2149.0000
5160.4397	2229.0000
5160.4679	2235.0000
5160.4961	2295.0000
5160.5242	2424.0000
5160.5524	2553.0000
5160.5806	2657.0000
5160.6088	2769.0000
5160.6369	2825.0000
5160.6651	2927.0000
5160.6933	2958.0000
5160.7214	2918.0000
5160.7496	2816.0000
5160.7778	2759.0000
5160.8059	2765.0000
5160.8341	2792.0000
5160.8623	2762.0000
5160.8904	2651.0000
5160.9186	2683.0000
5160.9467	2637.0000
5160.9749	2651.0000
5161.0031	2578.0000
5161.0312	2499.0000
5161.0594	2404.0000
5161.0876	2416.0000
5161.1158	2431.0000
5161.1439	2448.0000
5161.1721	2490.0000
5161.2002	2556.0000
5161.2283	2583.0000
5161.2565	2482.0000
5161.2846	2435.0000
5161.3128	2566.0000
5161.3409	2558.0000
5161.3690	2551.0000
5161.3972	2569.0000
5161.4253	2665.0000
5161.4535	2594.0000
5161.4816	2674.0000
5161.5097	2715.0000
5161.5378	2637.0000
5161.5660	2537.0000
5161.5941	2553.0000
5161.6222	2522.0000
5161.6504	2524.0000
5161.6785	2482.0000
5161.7066	2345.0000
5161.7347	2189.0000
5161.7628	2076.0000
5161.7910	2093.0000
5161.8191	2170.0000
5161.8472	2202.0000
5161.8753	2279.0000
5161.9034	2377.0000
5161.9315	2365.0000
5161.9596	2480.0000
5161.9877	2541.0000
5162.0159	2434.0000
5162.0440	2384.0000
5162.0721	2383.0000
5162.1002	2270.0000
5162.1284	2158.0000
5162.1565	2015.0000
5162.1846	1887.0000
5162.2127	1842.0000
5162.2408	1922.0000
5162.2689	2034.0000
5162.2969	2103.0000
5162.3250	2102.0000
5162.3531	2173.0000
5162.3812	2175.0000
5162.4093	2223.0000
5162.4374	2331.0000
5162.4655	2342.0000
5162.4936	2426.0000
5162.5217	2500.0000
5162.5497	2581.0000
5162.5778	2464.0000
5162.6059	2377.0000
5162.6340	2354.0000
5162.6620	2296.0000
5162.6901	2278.0000
5162.7182	2118.0000
5162.7463	2114.0000
5162.7743	2068.0000
5162.8024	1970.0000
5162.8305	1940.0000
5162.8585	1886.0000
5162.8866	2029.0000
5162.9147	1992.0000
5162.9427	2023.0000
5162.9708	2060.0000
5162.9989	2039.0000
5163.0269	2078.0000
5163.0550	2123.0000
5163.0830	2057.0000
5163.1111	1922.0000
5163.1391	1901.0000
5163.1672	1892.0000
5163.1953	1861.0000
5163.2234	1857.0000
5163.2514	1883.0000
5163.2795	1932.0000
5163.3075	2056.0000
5163.3356	2054.0000
5163.3636	2123.0000
5163.3917	2125.0000
5163.4197	2188.0000
5163.4477	2214.0000
5163.4758	2129.0000
5163.5038	2019.0000
5163.5319	1982.0000
5163.5599	1975.0000
5163.5879	1960.0000
5163.6160	1916.0000
5163.6440	1878.0000
5163.6720	1867.0000
5163.7000	1863.0000
5163.7281	1825.0000
5163.7561	1832.0000
5163.7841	1829.0000
5163.8121	1836.0000
5163.8402	1784.0000
5163.8682	1827.0000
5163.8962	1844.0000
5163.9242	1958.0000
5163.9522	2087.0000
5163.9802	2215.0000
5164.0082	2202.0000
5164.0363	2200.0000
5164.0643	2235.0000
5164.0923	2193.0000
5164.1203	2165.0000
5164.1483	2163.0000
5164.1763	2099.0000
5164.2043	2154.0000
5164.2324	2109.0000
5164.2604	2033.0000
5164.2884	1986.0000
5164.3164	1870.0000
5164.3444	1850.0000
5164.3724	1798.0000
5164.4004	1795.0000
5164.4284	1709.0000
5164.4564	1705.0000
5164.4844	1774.0000
5164.5123	1870.0000
5164.5403	1912.0000
5164.5683	1933.0000
5164.5963	1866.0000
5164.6243	1887.0000
5164.6523	1965.0000
5164.6802	1961.0000
5164.7082	1853.0000
5164.7362	1863.0000
5164.7642	1860.0000
5164.7921	1796.0000
5164.8201	1792.0000
5164.8481	1857.0000
5164.8761	1849.0000
5164.9040	1852.0000
5164.9320	1791.0000
5164.9600	1872.0000
5164.9879	1939.0000
5165.0159	1841.0000
5165.0439	1722.0000
5165.0718	1582.0000
5165.0998	1532.0000
5165.1277	1363.0000
5165.1557	1347.0000
5165.1837	1230.0000
5165.2116	1022.0000
5165.2396	1080.0000
5165.2675	1181.0000
5165.2956	1266.0000
5165.3235	1356.0000
5165.3515	1302.0000
5165.3794	1339.0000
5165.4074	1357.0000
5165.4353	1340.0000
5165.4632	1315.0000
