R_Cam.21
5869.4597	380.0000
5869.4949	643.0000
5869.5302	674.0000
5869.5655	753.0000
5869.6007	796.0000
5869.6360	855.0000
5869.6712	841.0000
5869.7064	880.0000
5869.7416	872.0000
5869.7769	827.0000
5869.8121	1014.0000
5869.8473	1077.0000
5869.8825	1112.0000
5869.9177	1080.0000
5869.9530	1035.0000
5869.9882	1100.0000
5870.0234	1053.0000
5870.0586	1084.0000
5870.0938	1120.0000
5870.1290	1141.0000
5870.1642	1207.0000
5870.1994	1196.0000
5870.2347	1168.0000
5870.2699	1195.0000
5870.3051	1167.0000
5870.3403	1063.0000
5870.3755	1083.0000
5870.4107	1083.0000
5870.4459	1078.0000
5870.4811	1074.0000
5870.5162	1154.0000
5870.5514	1158.0000
5870.5866	1203.0000
5870.6219	1251.0000
5870.6571	1330.0000
5870.6923	1260.0000
5870.7275	1267.0000
5870.7627	1280.0000
5870.7978	1220.0000
5870.8330	1265.0000
5870.8682	1224.0000
5870.9034	1109.0000
5870.9386	1135.0000
5870.9737	1086.0000
5871.0089	1121.0000
5871.0441	1171.0000
5871.0793	1034.0000
5871.1144	1054.0000
5871.1496	1128.0000
5871.1848	1107.0000
5871.2199	1142.0000
5871.2551	1147.0000
5871.2902	1173.0000
5871.3254	1120.0000
5871.3606	1157.0000
5871.3957	1128.0000
5871.4309	1139.0000
5871.4660	1198.0000
5871.5012	1199.0000
5871.5363	1168.0000
5871.5715	1145.0000
5871.6066	1122.0000
5871.6418	1212.0000
5871.6770	1271.0000
5871.7122	1235.0000
5871.7473	1211.0000
5871.7825	1183.0000
5871.8176	1158.0000
5871.8527	1079.0000
5871.8879	1055.0000
5871.9230	1112.0000
5871.9581	1164.0000
5871.9933	1171.0000
5872.0284	1076.0000
5872.0635	1147.0000
5872.0987	1201.0000
5872.1338	1125.0000
5872.1689	1133.0000
5872.2040	1209.0000
5872.2392	1159.0000
5872.2743	1140.0000
5872.3094	1198.0000
5872.3445	1194.0000
5872.3796	1109.0000
5872.4148	1041.0000
5872.4499	1077.0000
5872.4850	1003.0000
5872.5201	1051.0000
5872.5552	1015.0000
5872.5903	904.0000
5872.6254	844.0000
5872.6605	895.0000
5872.6956	895.0000
5872.7308	834.0000
5872.7659	873.0000
5872.8010	799.0000
5872.8361	734.0000
5872.8712	776.0000
5872.9063	802.0000
5872.9414	858.0000
5872.9765	910.0000
5873.0116	945.0000
5873.0467	928.0000
5873.0818	936.0000
5873.1168	941.0000
5873.1519	931.0000
5873.1870	906.0000
5873.2221	960.0000
5873.2572	929.0000
5873.2922	884.0000
5873.3273	911.0000
5873.3624	882.0000
5873.3975	901.0000
5873.4325	975.0000
5873.4676	996.0000
5873.5027	1031.0000
5873.5378	1007.0000
5873.5728	1043.0000
5873.6079	1106.0000
5873.6429	1131.0000
5873.6780	1078.0000
5873.7131	1088.0000
5873.7481	1103.0000
5873.7833	1102.0000
5873.8183	1028.0000
5873.8534	1027.0000
5873.8884	1010.0000
5873.9235	1062.0000
5873.9585	1056.0000
5873.9936	996.0000
5874.0286	1030.0000
5874.0637	1037.0000
5874.0987	1011.0000
5874.1338	1024.0000
5874.1688	981.0000
5874.2039	1014.0000
5874.2389	1108.0000
5874.2739	1132.0000
5874.3090	1194.0000
5874.3440	1153.0000
5874.3790	1126.0000
5874.4141	1020.0000
5874.4491	1029.0000
5874.4841	1076.0000
5874.5192	1071.0000
5874.5542	1076.0000
5874.5892	1172.0000
5874.6242	1213.0000
5874.6592	1178.0000
5874.6943	1189.0000
5874.7293	1228.0000
5874.7643	1251.0000
5874.7993	1268.0000
5874.8344	1226.0000
5874.8694	1175.0000
5874.9044	1196.0000
5874.9395	1147.0000
5874.9745	1067.0000
5875.0095	1048.0000
5875.0445	1034.0000
5875.0795	1078.0000
5875.1145	1082.0000
5875.1495	1026.0000
5875.1845	995.0000
5875.2195	1042.0000
5875.2545	1077.0000
5875.2895	1040.0000
5875.3245	1060.0000
5875.3594	1078.0000
5875.3944	1067.0000
5875.4294	994.0000
5875.4644	902.0000
5875.4994	911.0000
5875.5344	937.0000
5875.5694	951.0000
5875.6043	961.0000
5875.6393	927.0000
5875.6743	895.0000
5875.7093	958.0000
5875.7443	938.0000
5875.7792	1001.0000
5875.8142	997.0000
5875.8492	1010.0000
5875.8842	976.0000
5875.9192	931.0000
5875.9542	970.0000
5875.9891	995.0000
5876.0241	1048.0000
5876.0591	972.0000
5876.0940	913.0000
5876.1290	914.0000
5876.1639	992.0000
5876.1989	1013.0000
5876.2339	968.0000
5876.2688	971.0000
5876.3038	937.0000
5876.3387	987.0000
5876.3737	1065.0000
5876.4086	1054.0000
5876.4435	1110.0000
5876.4785	1134.0000
5876.5134	1100.0000
5876.5484	1022.0000
5876.5833	1031.0000
5876.6183	986.0000
5876.6532	1021.0000
5876.6881	1009.0000
5876.7231	1025.0000
5876.7580	1027.0000
5876.7929	948.0000
5876.8279	982.0000
5876.8628	1076.0000
5876.8977	1109.0000
5876.9327	1063.0000
5876.9677	1096.0000
5877.0026	1073.0000
5877.0375	1139.0000
5877.0724	1131.0000
5877.1073	1043.0000
5877.1423	1088.0000
5877.1772	1050.0000
5877.2121	1063.0000
5877.2470	1081.0000
5877.2819	1005.0000
5877.3168	1089.0000
5877.3517	1119.0000
5877.3866	1110.0000
5877.4215	998.0000
5877.4564	1055.0000
5877.4913	1088.0000
5877.5262	1078.0000
5877.5611	1041.0000
5877.5960	1063.0000
5877.6309	1044.0000
5877.6658	1077.0000
5877.7007	1043.0000
5877.7356	1042.0000
5877.7705	1020.0000
5877.8054	951.0000
5877.8403	912.0000
5877.8752	929.0000
5877.9100	982.0000
5877.9449	1090.0000
5877.9798	1148.0000
5878.0148	1101.0000
5878.0497	1020.0000
5878.0845	1031.0000
5878.1194	1005.0000
5878.1543	1053.0000
5878.1892	1071.0000
5878.2240	1057.0000
5878.2589	1044.0000
5878.2938	1057.0000
5878.3286	1049.0000
5878.3635	1078.0000
5878.3984	1013.0000
5878.4332	984.0000
5878.4681	1059.0000
5878.5029	1134.0000
5878.5378	1104.0000
5878.5727	1101.0000
5878.6075	1192.0000
5878.6424	1179.0000
5878.6772	1174.0000
5878.7121	1141.0000
5878.7469	1108.0000
5878.7818	1105.0000
5878.8166	992.0000
5878.8514	1017.0000
5878.8863	1139.0000
5878.9211	1114.0000
5878.9560	1057.0000
5878.9908	1120.0000
5879.0256	1176.0000
5879.0606	1237.0000
5879.0954	1288.0000
5879.1302	1265.0000
5879.1651	1376.0000
5879.1999	1410.0000
5879.2347	1361.0000
5879.2696	1322.0000
5879.3044	1302.0000
5879.3392	1271.0000
5879.3740	1215.0000
5879.4088	1242.0000
5879.4437	1138.0000
5879.4785	1140.0000
5879.5133	1162.0000
5879.5481	1212.0000
5879.5829	1219.0000
5879.6177	1130.0000
5879.6525	1146.0000
5879.6874	1189.0000
5879.7222	1198.0000
5879.7570	1300.0000
5879.7918	1357.0000
5879.8266	1405.0000
5879.8614	1396.0000
5879.8962	1388.0000
5879.9310	1415.0000
5879.9658	1258.0000
5880.0006	1187.0000
5880.0354	1112.0000
5880.0702	1131.0000
5880.1050	1173.0000
5880.1398	1122.0000
5880.1746	1102.0000
5880.2094	1187.0000
5880.2442	1205.0000
5880.2790	1285.0000
5880.3138	1386.0000
5880.3485	1421.0000
5880.3833	1465.0000
5880.4181	1569.0000
5880.4529	1599.0000
5880.4877	1613.0000
5880.5224	1675.0000
5880.5572	1532.0000
5880.5920	1434.0000
5880.6267	1307.0000
5880.6615	1214.0000
5880.6963	1118.0000
5880.7310	1149.0000
5880.7658	1182.0000
5880.8006	1179.0000
5880.8353	1331.0000
5880.8701	1431.0000
5880.9048	1446.0000
5880.9396	1467.0000
5880.9743	1544.0000
5881.0091	1617.0000
5881.0438	1660.0000
5881.0786	1641.0000
5881.1133	1636.0000
5881.1482	1529.0000
5881.1829	1379.0000
5881.2177	1245.0000
5881.2524	1175.0000
5881.2872	1145.0000
5881.3219	1150.0000
5881.3566	1145.0000
5881.3914	1128.0000
5881.4261	1119.0000
5881.4608	1211.0000
5881.4956	1247.0000
5881.5303	1240.0000
5881.5650	1320.0000
5881.5998	1391.0000
5881.6345	1358.0000
5881.6692	1292.0000
5881.7039	1335.0000
5881.7387	1325.0000
5881.7734	1314.0000
5881.8081	1283.0000
5881.8428	1208.0000
5881.8775	1148.0000
5881.9122	1201.0000
5881.9470	1261.0000
5881.9817	1245.0000
5882.0164	1318.0000
5882.0511	1416.0000
5882.0858	1453.0000
5882.1205	1429.0000
5882.1552	1414.0000
5882.1899	1311.0000
5882.2247	1326.0000
5882.2594	1318.0000
5882.2941	1324.0000
5882.3288	1366.0000
5882.3635	1372.0000
5882.3982	1388.0000
5882.4329	1436.0000
5882.4676	1336.0000
5882.5023	1349.0000
5882.5370	1371.0000
5882.5716	1337.0000
5882.6063	1323.0000
5882.6410	1192.0000
5882.6757	1176.0000
5882.7104	1187.0000
5882.7450	1208.0000
5882.7797	1290.0000
5882.8144	1321.0000
5882.8491	1394.0000
5882.8837	1425.0000
5882.9184	1459.0000
5882.9531	1437.0000
5882.9878	1459.0000
5883.0224	1395.0000
5883.0571	1393.0000
5883.0918	1467.0000
5883.1264	1485.0000
5883.1611	1517.0000
5883.1957	1448.0000
5883.2304	1329.0000
5883.2652	1275.0000
5883.2998	1263.0000
5883.3345	1329.0000
5883.3691	1271.0000
5883.4038	1193.0000
5883.4384	1252.0000
5883.4731	1316.0000
5883.5077	1387.0000
5883.5424	1430.0000
5883.5770	1451.0000
5883.6116	1498.0000
5883.6463	1570.0000
5883.6809	1576.0000
5883.7156	1593.0000
5883.7502	1602.0000
5883.7848	1561.0000
5883.8195	1597.0000
5883.8541	1589.0000
5883.8887	1448.0000
5883.9234	1411.0000
5883.9580	1281.0000
5883.9926	1232.0000
5884.0272	1256.0000
5884.0619	1343.0000
5884.0965	1378.0000
5884.1311	1414.0000
5884.1657	1364.0000
5884.2003	1358.0000
5884.2349	1547.0000
5884.2696	1647.0000
5884.3043	1542.0000
5884.3389	1625.0000
5884.3735	1584.0000
5884.4081	1563.0000
5884.4427	1576.0000
5884.4773	1506.0000
5884.5119	1451.0000
5884.5465	1370.0000
5884.5811	1433.0000
5884.6157	1349.0000
5884.6503	1285.0000
5884.6849	1328.0000
5884.7195	1362.0000
5884.7541	1430.0000
5884.7887	1322.0000
5884.8233	1332.0000
5884.8579	1400.0000
5884.8925	1493.0000
5884.9270	1537.0000
5884.9616	1637.0000
5884.9962	1725.0000
5885.0308	1762.0000
5885.0654	1673.0000
5885.1000	1715.0000
5885.1345	1802.0000
5885.1691	1729.0000
5885.2037	1666.0000
5885.2383	1608.0000
5885.2728	1502.0000
5885.3074	1416.0000
5885.3420	1417.0000
5885.3766	1475.0000
5885.4112	1453.0000
5885.4458	1391.0000
5885.4803	1454.0000
5885.5149	1477.0000
5885.5494	1506.0000
5885.5840	1479.0000
5885.6186	1542.0000
5885.6531	1526.0000
5885.6877	1643.0000
5885.7222	1705.0000
5885.7568	1694.0000
5885.7913	1645.0000
5885.8259	1649.0000
5885.8604	1597.0000
5885.8950	1582.0000
5885.9295	1559.0000
5885.9640	1539.0000
5885.9986	1568.0000
5886.0331	1479.0000
5886.0677	1433.0000
5886.1022	1487.0000
5886.1367	1411.0000
5886.1713	1394.0000
5886.2058	1540.0000
5886.2403	1613.0000
5886.2748	1555.0000
5886.3094	1597.0000
5886.3439	1600.0000
5886.3784	1568.0000
5886.4130	1581.0000
5886.4476	1527.0000
5886.4821	1417.0000
5886.5166	1435.0000
5886.5511	1470.0000
5886.5856	1520.0000
5886.6201	1498.0000
5886.6547	1465.0000
5886.6892	1438.0000
5886.7237	1480.0000
5886.7582	1464.0000
5886.7927	1370.0000
5886.8272	1398.0000
5886.8617	1410.0000
5886.8962	1452.0000
5886.9307	1484.0000
5886.9652	1478.0000
5886.9997	1571.0000
5887.0342	1677.0000
5887.0687	1669.0000
5887.1032	1668.0000
5887.1377	1636.0000
5887.1722	1613.0000
5887.2067	1581.0000
5887.2411	1546.0000
5887.2756	1547.0000
5887.3101	1438.0000
5887.3446	1415.0000
5887.3791	1411.0000
5887.4135	1445.0000
5887.4480	1412.0000
5887.4826	1557.0000
5887.5171	1571.0000
5887.5516	1684.0000
5887.5860	1710.0000
5887.6205	1634.0000
5887.6550	1667.0000
5887.6894	1603.0000
5887.7239	1518.0000
5887.7584	1426.0000
5887.7928	1543.0000
5887.8273	1506.0000
5887.8617	1535.0000
5887.8962	1530.0000
5887.9307	1343.0000
5887.9651	1305.0000
5887.9996	1329.0000
5888.0340	1354.0000
5888.0685	1296.0000
5888.1029	1240.0000
5888.1374	1238.0000
5888.1718	1284.0000
5888.2063	1330.0000
5888.2407	1355.0000
5888.2752	1348.0000
5888.3096	1388.0000
5888.3440	1388.0000
5888.3785	1460.0000
5888.4129	1468.0000
5888.4473	1428.0000
5888.4818	1464.0000
5888.5163	1464.0000
5888.5507	1431.0000
5888.5852	1429.0000
5888.6196	1396.0000
5888.6540	1278.0000
5888.6885	1327.0000
5888.7229	1252.0000
5888.7573	1220.0000
5888.7917	1181.0000
5888.8261	1181.0000
5888.8606	1225.0000
5888.8950	1204.0000
5888.9294	1303.0000
5888.9638	1179.0000
5888.9982	1175.0000
5889.0326	1175.0000
5889.0670	1151.0000
5889.1014	1160.0000
5889.1358	1167.0000
5889.1702	1187.0000
5889.2047	1078.0000
5889.2391	1071.0000
5889.2735	1129.0000
5889.3078	1017.0000
5889.3422	965.0000
5889.3766	935.0000
5889.4110	880.0000
5889.4454	880.0000
5889.4798	905.0000
5889.5142	817.0000
5889.5486	771.0000
5889.5831	810.0000
5889.6175	731.0000
5889.6519	576.0000
5889.6862	518.0000
5889.7206	430.0000
5889.7550	305.0000
5889.7894	254.0000
5889.8237	202.0000
5889.8581	208.0000
5889.8925	213.0000
5889.9269	145.0000
5889.9612	154.0000
5889.9956	138.0000
5890.0300	133.0000
5890.0643	156.0000
5890.0987	152.0000
5890.1331	141.0000
5890.1674	219.0000
5890.2018	217.0000
5890.2361	222.0000
5890.2705	379.0000
5890.3049	441.0000
5890.3392	497.0000
5890.3736	559.0000
5890.4079	555.0000
5890.4423	534.0000
5890.4766	521.0000
5890.5110	505.0000
5890.5453	577.0000
5890.5796	653.0000
5890.6140	741.0000
5890.6484	816.0000
5890.6828	934.0000
5890.7171	954.0000
5890.7514	1033.0000
5890.7858	1025.0000
5890.8201	1054.0000
5890.8544	1152.0000
5890.8888	1200.0000
5890.9231	1286.0000
5890.9574	1259.0000
5890.9918	1365.0000
5891.0261	1416.0000
5891.0604	1377.0000
5891.0947	1284.0000
5891.1290	1366.0000
5891.1634	1405.0000
5891.1977	1313.0000
5891.2320	1286.0000
5891.2663	1260.0000
5891.3006	1410.0000
5891.3349	1472.0000
5891.3692	1459.0000
5891.4035	1474.0000
5891.4379	1400.0000
5891.4722	1389.0000
5891.5065	1416.0000
5891.5408	1431.0000
5891.5751	1550.0000
5891.6094	1564.0000
5891.6437	1570.0000
5891.6781	1620.0000
5891.7124	1674.0000
5891.7466	1756.0000
5891.7809	1760.0000
5891.8152	1753.0000
5891.8495	1809.0000
5891.8838	1800.0000
5891.9181	1761.0000
5891.9524	1665.0000
5891.9867	1615.0000
5892.0209	1571.0000
5892.0552	1494.0000
5892.0895	1488.0000
5892.1238	1519.0000
5892.1580	1444.0000
5892.1923	1387.0000
5892.2266	1444.0000
5892.2609	1506.0000
5892.2951	1662.0000
5892.3294	1731.0000
5892.3637	1719.0000
5892.3979	1686.0000
5892.4322	1767.0000
5892.4665	1679.0000
5892.5007	1707.0000
5892.5350	1786.0000
5892.5692	1891.0000
5892.6035	1879.0000
5892.6377	1881.0000
5892.6720	1918.0000
5892.7063	1853.0000
5892.7406	1848.0000
5892.7749	1840.0000
5892.8091	1771.0000
5892.8433	1603.0000
5892.8776	1627.0000
5892.9118	1620.0000
5892.9461	1645.0000
5892.9803	1700.0000
5893.0146	1676.0000
5893.0488	1673.0000
5893.0830	1773.0000
5893.1173	1773.0000
5893.1515	1808.0000
5893.1857	1820.0000
5893.2200	1840.0000
5893.2542	1891.0000
5893.2884	1759.0000
5893.3226	1779.0000
5893.3569	1807.0000
5893.3911	1759.0000
5893.4253	1767.0000
5893.4595	1768.0000
5893.4937	1776.0000
5893.5280	1760.0000
5893.5622	1617.0000
5893.5964	1581.0000
5893.6306	1550.0000
5893.6648	1455.0000
5893.6990	1527.0000
5893.7332	1582.0000
5893.7674	1545.0000
5893.8017	1585.0000
5893.8359	1556.0000
5893.8701	1592.0000
5893.9043	1652.0000
5893.9385	1614.0000
5893.9727	1642.0000
5894.0069	1606.0000
5894.0411	1583.0000
5894.0753	1630.0000
5894.1095	1646.0000
5894.1437	1671.0000
5894.1779	1636.0000
5894.2121	1736.0000
5894.2463	1765.0000
5894.2804	1734.0000
5894.3146	1684.0000
5894.3488	1617.0000
5894.3830	1607.0000
5894.4172	1600.0000
5894.4513	1609.0000
5894.4855	1643.0000
5894.5197	1601.0000
5894.5539	1597.0000
5894.5880	1514.0000
5894.6222	1430.0000
5894.6564	1491.0000
5894.6905	1566.0000
5894.7247	1546.0000
5894.7589	1516.0000
5894.7930	1570.0000
5894.8272	1559.0000
5894.8614	1565.0000
5894.8956	1600.0000
5894.9297	1594.0000
5894.9639	1603.0000
5894.9980	1541.0000
5895.0322	1542.0000
5895.0663	1510.0000
5895.1005	1459.0000
5895.1346	1436.0000
5895.1688	1441.0000
5895.2029	1490.0000
5895.2371	1497.0000
5895.2712	1391.0000
5895.3054	1346.0000
5895.3395	1311.0000
5895.3736	1224.0000
5895.4078	1126.0000
5895.4419	1183.0000
5895.4760	1138.0000
5895.5102	1032.0000
5895.5443	926.0000
5895.5784	823.0000
5895.6125	863.0000
5895.6467	749.0000
5895.6808	625.0000
5895.7149	474.0000
5895.7490	355.0000
5895.7831	297.0000
5895.8173	301.0000
5895.8514	281.0000
5895.8856	222.0000
5895.9197	138.0000
5895.9538	134.0000
5895.9879	132.0000
5896.0220	166.0000
5896.0561	258.0000
5896.0902	285.0000
5896.1244	346.0000
5896.1585	446.0000
5896.1926	475.0000
5896.2267	548.0000
5896.2608	578.0000
5896.2948	618.0000
5896.3289	687.0000
5896.3630	725.0000
5896.3971	616.0000
5896.4312	536.0000
5896.4653	648.0000
5896.4994	599.0000
5896.5335	783.0000
5896.5676	1019.0000
5896.6016	1192.0000
5896.6357	1371.0000
5896.6698	1441.0000
5896.7039	1385.0000
5896.7380	1331.0000
5896.7720	1340.0000
5896.8061	1463.0000
5896.8402	1527.0000
5896.8743	1536.0000
5896.9083	1590.0000
5896.9425	1523.0000
5896.9766	1593.0000
5897.0106	1658.0000
5897.0447	1700.0000
5897.0788	1764.0000
5897.1128	1739.0000
5897.1469	1682.0000
5897.1809	1724.0000
5897.2150	1635.0000
5897.2490	1723.0000
5897.2831	1650.0000
5897.3171	1627.0000
5897.3512	1570.0000
5897.3852	1497.0000
5897.4193	1506.0000
5897.4533	1461.0000
5897.4874	1489.0000
5897.5214	1468.0000
5897.5555	1455.0000
5897.5895	1472.0000
5897.6235	1511.0000
5897.6576	1520.0000
5897.6916	1530.0000
5897.7256	1564.0000
5897.7597	1609.0000
5897.7937	1651.0000
5897.8277	1605.0000
5897.8618	1589.0000
5897.8958	1552.0000
5897.9298	1639.0000
5897.9638	1719.0000
5897.9980	1696.0000
5898.0320	1582.0000
5898.0660	1668.0000
5898.1000	1738.0000
5898.1340	1614.0000
5898.1681	1673.0000
5898.2021	1694.0000
5898.2361	1734.0000
5898.2701	1723.0000
5898.3041	1698.0000
5898.3381	1664.0000
5898.3721	1626.0000
5898.4061	1643.0000
5898.4401	1578.0000
5898.4741	1566.0000
5898.5081	1570.0000
5898.5421	1492.0000
5898.5761	1533.0000
5898.6101	1630.0000
5898.6441	1542.0000
5898.6781	1575.0000
5898.7121	1607.0000
5898.7461	1535.0000
5898.7801	1535.0000
5898.8141	1605.0000
5898.8480	1584.0000
5898.8820	1539.0000
5898.9160	1559.0000
5898.9500	1443.0000
5898.9840	1429.0000
5899.0179	1424.0000
5899.0520	1397.0000
5899.0860	1316.0000
5899.1200	1306.0000
5899.1539	1377.0000
5899.1879	1415.0000
5899.2219	1368.0000
5899.2558	1359.0000
5899.2898	1433.0000
5899.3238	1545.0000
5899.3577	1553.0000
5899.3917	1536.0000
5899.4257	1508.0000
5899.4596	1457.0000
5899.4936	1366.0000
5899.5275	1341.0000
5899.5615	1247.0000
5899.5954	1216.0000
5899.6294	1346.0000
5899.6633	1352.0000
5899.6973	1426.0000
5899.7312	1403.0000
5899.7652	1433.0000
5899.7991	1417.0000
5899.8331	1456.0000
5899.8670	1424.0000
5899.9009	1480.0000
5899.9349	1445.0000
5899.9688	1428.0000
5900.0027	1463.0000
5900.0367	1505.0000
5900.0706	1538.0000
5900.1046	1539.0000
5900.1386	1599.0000
5900.1725	1580.0000
5900.2064	1626.0000
5900.2403	1548.0000
5900.2743	1567.0000
5900.3082	1639.0000
5900.3421	1519.0000
5900.3760	1534.0000
5900.4099	1520.0000
5900.4439	1448.0000
5900.4778	1388.0000
5900.5117	1309.0000
5900.5456	1307.0000
5900.5795	1365.0000
5900.6134	1301.0000
5900.6473	1266.0000
5900.6812	1323.0000
5900.7151	1389.0000
5900.7490	1373.0000
5900.7829	1416.0000
5900.8168	1530.0000
5900.8507	1521.0000
5900.8846	1536.0000
5900.9185	1569.0000
5900.9524	1636.0000
5900.9863	1606.0000
5901.0202	1632.0000
5901.0541	1682.0000
5901.0880	1651.0000
5901.1218	1643.0000
5901.1558	1728.0000
5901.1897	1717.0000
5901.2236	1660.0000
5901.2575	1658.0000
5901.2914	1602.0000
5901.3252	1633.0000
5901.3591	1567.0000
5901.3930	1595.0000
5901.4269	1590.0000
5901.4607	1617.0000
5901.4946	1632.0000
5901.5285	1642.0000
5901.5623	1552.0000
5901.5962	1642.0000
5901.6301	1561.0000
5901.6639	1474.0000
5901.6978	1474.0000
5901.7316	1515.0000
5901.7655	1559.0000
5901.7993	1594.0000
5901.8332	1753.0000
5901.8671	1766.0000
5901.9009	1742.0000
5901.9348	1720.0000
5901.9686	1663.0000
5902.0025	1559.0000
5902.0363	1566.0000
5902.0701	1701.0000
5902.1040	1663.0000
5902.1378	1762.0000
5902.1717	1788.0000
5902.2056	1906.0000
5902.2394	1789.0000
5902.2733	1740.0000
5902.3071	1764.0000
5902.3409	1783.0000
5902.3748	1785.0000
5902.4086	1737.0000
5902.4424	1756.0000
5902.4763	1728.0000
5902.5101	1672.0000
5902.5439	1681.0000
5902.5777	1711.0000
5902.6115	1610.0000
5902.6454	1659.0000
5902.6792	1604.0000
5902.7130	1635.0000
5902.7468	1632.0000
5902.7806	1645.0000
5902.8144	1701.0000
5902.8482	1686.0000
5902.8821	1603.0000
5902.9159	1606.0000
5902.9497	1686.0000
5902.9835	1669.0000
5903.0173	1706.0000
5903.0511	1741.0000
5903.0849	1911.0000
5903.1187	1836.0000
5903.1525	1781.0000
5903.1863	1824.0000
5903.2201	1866.0000
5903.2539	1853.0000
5903.2877	1865.0000
5903.3215	1838.0000
5903.3553	1810.0000
5903.3891	1874.0000
5903.4229	1825.0000
5903.4567	1829.0000
5903.4904	1894.0000
5903.5242	1894.0000
5903.5580	1879.0000
5903.5918	1862.0000
5903.6256	1882.0000
5903.6593	1826.0000
5903.6931	1783.0000
5903.7269	1771.0000
5903.7606	1728.0000
5903.7944	1681.0000
5903.8282	1747.0000
5903.8619	1729.0000
5903.8957	1693.0000
5903.9295	1690.0000
5903.9632	1728.0000
5903.9970	1667.0000
5904.0307	1592.0000
5904.0645	1620.0000
5904.0983	1665.0000
5904.1320	1605.0000
5904.1658	1763.0000
5904.1995	1732.0000
5904.2333	1764.0000
5904.2670	1734.0000
5904.3008	1699.0000
5904.3346	1713.0000
5904.3683	1776.0000
5904.4021	1675.0000
5904.4358	1825.0000
5904.4696	1852.0000
5904.5033	1878.0000
5904.5370	1885.0000
5904.5708	1780.0000
5904.6045	1664.0000
5904.6382	1622.0000
5904.6720	1661.0000
5904.7057	1534.0000
5904.7394	1449.0000
5904.7731	1491.0000
5904.8069	1483.0000
5904.8406	1501.0000
5904.8743	1433.0000
5904.9080	1329.0000
5904.9417	1405.0000
5904.9755	1435.0000
5905.0092	1411.0000
5905.0429	1399.0000
5905.0766	1509.0000
5905.1103	1519.0000
5905.1440	1520.0000
5905.1777	1534.0000
5905.2114	1464.0000
5905.2451	1470.0000
5905.2788	1488.0000
5905.3125	1500.0000
5905.3462	1475.0000
5905.3800	1522.0000
5905.4137	1468.0000
5905.4474	1427.0000
5905.4811	1400.0000
5905.5148	1405.0000
5905.5485	1526.0000
5905.5822	1531.0000
5905.6159	1414.0000
5905.6496	1489.0000
5905.6833	1470.0000
5905.7169	1474.0000
5905.7506	1383.0000
5905.7843	1417.0000
5905.8180	1458.0000
5905.8517	1451.0000
5905.8853	1566.0000
5905.9190	1502.0000
5905.9527	1491.0000
5905.9864	1498.0000
5906.0200	1495.0000
5906.0537	1409.0000
5906.0874	1409.0000
5906.1210	1448.0000
5906.1547	1456.0000
5906.1884	1534.0000
5906.2220	1440.0000
5906.2557	1445.0000
5906.2893	1576.0000
5906.3230	1553.0000
5906.3566	1596.0000
5906.3903	1523.0000
5906.4240	1536.0000
5906.4577	1518.0000
5906.4913	1513.0000
5906.5250	1520.0000
5906.5586	1565.0000
5906.5923	1618.0000
5906.6259	1530.0000
5906.6596	1512.0000
5906.6932	1493.0000
5906.7269	1547.0000
5906.7605	1622.0000
5906.7941	1560.0000
5906.8278	1606.0000
5906.8614	1627.0000
5906.8950	1591.0000
5906.9287	1638.0000
5906.9623	1703.0000
5906.9959	1627.0000
5907.0295	1582.0000
5907.0632	1580.0000
5907.0968	1638.0000
5907.1304	1613.0000
5907.1640	1544.0000
5907.1976	1506.0000
5907.2313	1556.0000
5907.2649	1502.0000
5907.2985	1493.0000
5907.3321	1518.0000
5907.3657	1614.0000
5907.3993	1664.0000
5907.4329	1633.0000
5907.4666	1661.0000
5907.5002	1674.0000
5907.5338	1653.0000
5907.5674	1609.0000
5907.6010	1633.0000
5907.6346	1614.0000
5907.6682	1625.0000
5907.7018	1620.0000
5907.7354	1575.0000
5907.7690	1549.0000
5907.8026	1541.0000
5907.8362	1549.0000
5907.8698	1502.0000
5907.9034	1610.0000
5907.9370	1572.0000
5907.9705	1641.0000
5908.0041	1653.0000
5908.0377	1704.0000
5908.0713	1731.0000
5908.1049	1662.0000
5908.1384	1634.0000
5908.1720	1637.0000
5908.2056	1674.0000
5908.2392	1633.0000
5908.2727	1607.0000
5908.3063	1602.0000
5908.3399	1520.0000
5908.3734	1512.0000
5908.4070	1574.0000
5908.4406	1577.0000
5908.4741	1542.0000
5908.5077	1538.0000
5908.5413	1560.0000
5908.5749	1525.0000
5908.6084	1618.0000
5908.6420	1577.0000
5908.6756	1520.0000
5908.7091	1557.0000
5908.7427	1628.0000
5908.7762	1668.0000
5908.8097	1710.0000
5908.8433	1707.0000
5908.8768	1671.0000
5908.9104	1658.0000
5908.9439	1718.0000
5908.9775	1683.0000
5909.0110	1689.0000
5909.0445	1613.0000
5909.0781	1661.0000
5909.1116	1648.0000
5909.1451	1717.0000
5909.1787	1686.0000
5909.2122	1652.0000
5909.2457	1667.0000
5909.2792	1737.0000
5909.3128	1764.0000
5909.3463	1754.0000
5909.3798	1768.0000
5909.4133	1782.0000
5909.4468	1804.0000
5909.4804	1582.0000
5909.5139	1610.0000
5909.5474	1645.0000
5909.5810	1677.0000
5909.6145	1699.0000
5909.6480	1770.0000
5909.6815	1814.0000
5909.7150	1803.0000
5909.7485	1778.0000
5909.7820	1844.0000
5909.8156	1792.0000
5909.8491	1799.0000
5909.8826	1761.0000
5909.9160	1793.0000
5909.9495	1744.0000
5909.9830	1712.0000
5910.0165	1688.0000
5910.0500	1675.0000
5910.0835	1611.0000
5910.1170	1645.0000
5910.1505	1726.0000
5910.1840	1700.0000
5910.2175	1826.0000
5910.2509	1774.0000
5910.2844	1682.0000
5910.3179	1798.0000
5910.3514	1808.0000
5910.3849	1807.0000
5910.4183	1855.0000
5910.4518	1883.0000
5910.4853	1718.0000
5910.5187	1710.0000
5910.5522	1769.0000
5910.5857	1741.0000
5910.6191	1834.0000
5910.6527	1821.0000
5910.6862	1803.0000
5910.7196	1789.0000
5910.7531	1652.0000
5910.7866	1621.0000
5910.8200	1673.0000
5910.8535	1733.0000
5910.8869	1760.0000
5910.9204	1760.0000
5910.9538	1697.0000
5910.9873	1711.0000
5911.0207	1643.0000
5911.0542	1690.0000
5911.0876	1747.0000
5911.1211	1783.0000
5911.1545	1829.0000
5911.1879	1847.0000
5911.2214	1820.0000
5911.2548	1849.0000
5911.2883	1846.0000
5911.3217	1789.0000
5911.3551	1744.0000
5911.3886	1731.0000
5911.4220	1834.0000
5911.4554	1843.0000
5911.4888	1765.0000
5911.5223	1755.0000
5911.5557	1692.0000
5911.5891	1785.0000
5911.6225	1776.0000
5911.6560	1777.0000
5911.6895	1806.0000
5911.7229	1766.0000
5911.7563	1778.0000
5911.7897	1798.0000
5911.8231	1786.0000
5911.8565	1856.0000
5911.8900	1854.0000
5911.9234	1846.0000
5911.9568	1888.0000
5911.9902	1836.0000
5912.0236	1809.0000
5912.0570	1956.0000
5912.0904	1816.0000
5912.1238	1783.0000
5912.1572	1819.0000
5912.1906	1773.0000
5912.2240	1778.0000
5912.2574	1753.0000
5912.2908	1697.0000
5912.3241	1733.0000
5912.3575	1663.0000
5912.3909	1738.0000
5912.4243	1742.0000
5912.4577	1741.0000
5912.4911	1726.0000
5912.5244	1731.0000
5912.5578	1777.0000
5912.5912	1710.0000
5912.6246	1709.0000
5912.6580	1671.0000
5912.6913	1715.0000
5912.7247	1675.0000
5912.7582	1648.0000
5912.7915	1722.0000
5912.8249	1756.0000
5912.8583	1789.0000
5912.8916	1788.0000
5912.9250	1782.0000
5912.9584	1818.0000
5912.9917	1858.0000
5913.0251	1822.0000
5913.0584	1783.0000
5913.0918	1801.0000
5913.1252	1754.0000
5913.1585	1822.0000
5913.1919	1868.0000
5913.2252	1777.0000
5913.2586	1779.0000
5913.2919	1773.0000
5913.3252	1709.0000
5913.3586	1688.0000
5913.3919	1740.0000
5913.4253	1716.0000
5913.4586	1682.0000
5913.4920	1754.0000
5913.5253	1674.0000
5913.5586	1572.0000
5913.5920	1586.0000
5913.6253	1626.0000
5913.6586	1566.0000
5913.6919	1638.0000
5913.7253	1658.0000
5913.7586	1651.0000
5913.7920	1635.0000
5913.8253	1696.0000
5913.8587	1711.0000
5913.8920	1746.0000
5913.9253	1680.0000
5913.9586	1753.0000
5913.9919	1769.0000
5914.0253	1761.0000
5914.0586	1792.0000
5914.0919	1758.0000
5914.1252	1743.0000
5914.1585	1761.0000
5914.1918	1775.0000
5914.2251	1750.0000
5914.2584	1788.0000
5914.2917	1769.0000
5914.3250	1862.0000
5914.3583	1982.0000
5914.3916	2016.0000
5914.4249	2027.0000
5914.4582	2025.0000
5914.4915	2009.0000
5914.5248	1989.0000
5914.5581	1910.0000
5914.5914	1939.0000
5914.6247	1898.0000
5914.6579	1861.0000
5914.6912	1822.0000
5914.7245	1786.0000
5914.7578	1770.0000
5914.7911	1831.0000
5914.8243	1862.0000
5914.8577	1919.0000
5914.8910	1889.0000
5914.9243	1816.0000
5914.9575	1900.0000
5914.9908	1993.0000
5915.0241	2015.0000
5915.0573	2053.0000
5915.0906	2001.0000
5915.1239	1999.0000
5915.1571	1970.0000
5915.1904	1857.0000
5915.2237	1903.0000
5915.2569	1938.0000
5915.2902	2031.0000
5915.3234	2011.0000
5915.3567	2098.0000
5915.3899	2099.0000
5915.4232	2050.0000
5915.4564	2002.0000
5915.4897	2008.0000
5915.5229	1939.0000
5915.5562	1996.0000
5915.5894	1988.0000
5915.6227	1992.0000
5915.6559	1877.0000
5915.6892	1945.0000
5915.7224	1902.0000
5915.7556	1928.0000
5915.7889	1855.0000
5915.8221	1860.0000
5915.8553	1828.0000
5915.8887	1816.0000
5915.9219	1792.0000
5915.9551	1699.0000
5915.9883	1847.0000
5916.0216	1817.0000
5916.0548	1850.0000
5916.0880	1939.0000
5916.1212	1960.0000
5916.1544	1923.0000
5916.1877	1999.0000
5916.2209	2031.0000
5916.2541	2029.0000
5916.2873	1982.0000
5916.3205	2055.0000
5916.3537	2044.0000
5916.3869	2017.0000
5916.4201	1947.0000
5916.4533	2015.0000
5916.4865	1935.0000
5916.5198	1949.0000
5916.5530	1922.0000
5916.5862	1885.0000
5916.6193	1848.0000
5916.6525	1817.0000
5916.6857	1798.0000
5916.7189	1878.0000
5916.7521	1885.0000
5916.7853	1894.0000
5916.8185	1947.0000
5916.8517	1916.0000
5916.8849	1942.0000
5916.9181	1917.0000
5916.9513	1862.0000
5916.9845	1830.0000
5917.0177	1859.0000
5917.0509	1862.0000
5917.0841	1899.0000
5917.1172	1912.0000
5917.1504	1969.0000
5917.1836	1905.0000
5917.2168	1943.0000
5917.2499	1922.0000
5917.2831	1818.0000
5917.3163	1847.0000
5917.3494	1817.0000
5917.3826	1837.0000
5917.4157	1876.0000
5917.4489	1833.0000
5917.4821	1854.0000
5917.5152	1869.0000
5917.5484	1857.0000
5917.5815	1882.0000
5917.6147	2041.0000
5917.6478	2085.0000
5917.6810	2034.0000
5917.7141	2026.0000
5917.7473	2053.0000
5917.7804	2062.0000
5917.8136	2097.0000
5917.8467	2014.0000
5917.8799	1985.0000
5917.9130	1998.0000
5917.9461	2004.0000
5917.9793	1991.0000
5918.0125	1896.0000
5918.0456	1873.0000
5918.0788	1931.0000
5918.1119	1963.0000
5918.1450	2052.0000
5918.1782	2072.0000
5918.2113	2059.0000
5918.2444	2036.0000
5918.2775	2119.0000
5918.3106	2058.0000
5918.3438	2028.0000
5918.3769	1926.0000
5918.4100	1954.0000
5918.4431	1971.0000
5918.4762	2019.0000
5918.5093	2068.0000
5918.5425	2043.0000
5918.5756	1996.0000
5918.6087	2115.0000
5918.6418	2116.0000
5918.6749	1988.0000
5918.7080	1942.0000
5918.7411	1901.0000
5918.7742	1756.0000
5918.8073	1780.0000
5918.8404	1811.0000
5918.8735	1791.0000
5918.9066	1727.0000
5918.9397	1778.0000
5918.9728	1886.0000
5919.0058	2046.0000
5919.0389	2103.0000
5919.0721	2219.0000
5919.1052	2264.0000
5919.1383	2337.0000
5919.1714	2377.0000
5919.2045	2358.0000
5919.2375	2231.0000
5919.2706	2163.0000
5919.3037	2157.0000
5919.3368	2069.0000
5919.3698	1951.0000
5919.4029	1955.0000
5919.4360	1867.0000
5919.4691	1844.0000
5919.5021	1862.0000
5919.5352	1845.0000
5919.5683	1797.0000
5919.6013	1788.0000
5919.6344	1796.0000
5919.6674	1828.0000
5919.7005	1934.0000
5919.7336	1968.0000
5919.7666	1896.0000
5919.7997	1940.0000
5919.8327	1983.0000
5919.8658	1922.0000
5919.8988	1866.0000
5919.9319	1906.0000
5919.9649	1904.0000
5919.9980	2037.0000
5920.0310	1957.0000
5920.0640	2024.0000
5920.0972	1998.0000
5920.1302	1899.0000
5920.1633	1859.0000
5920.1963	1820.0000
5920.2293	1808.0000
5920.2624	1865.0000
5920.2954	1929.0000
5920.3284	1982.0000
5920.3615	1983.0000
5920.3945	1925.0000
5920.4275	1904.0000
5920.4605	1897.0000
5920.4936	1869.0000
5920.5266	1892.0000
5920.5596	1873.0000
5920.5926	1811.0000
5920.6256	1915.0000
5920.6586	1941.0000
5920.6917	1944.0000
5920.7247	1967.0000
5920.7577	1913.0000
5920.7907	1963.0000
5920.8237	1957.0000
5920.8567	2020.0000
5920.8897	1988.0000
5920.9227	2049.0000
5920.9557	2152.0000
5920.9887	2153.0000
5921.0217	2101.0000
5921.0547	2014.0000
5921.0877	1967.0000
5921.1207	1888.0000
5921.1538	1934.0000
5921.1868	1902.0000
5921.2198	1932.0000
5921.2528	2008.0000
5921.2858	2089.0000
5921.3187	2009.0000
5921.3517	1938.0000
5921.3847	1868.0000
5921.4177	1891.0000
5921.4507	1927.0000
5921.4836	1911.0000
5921.5166	1865.0000
5921.5496	1895.0000
5921.5826	1952.0000
5921.6155	1908.0000
5921.6485	1951.0000
5921.6815	1939.0000
5921.7144	1954.0000
5921.7474	2024.0000
5921.7804	2101.0000
5921.8133	2049.0000
5921.8463	2102.0000
5921.8793	2079.0000
5921.9122	2084.0000
5921.9452	2129.0000
5921.9781	2141.0000
5922.0111	2113.0000
5922.0440	2187.0000
5922.0770	2249.0000
5922.1099	2164.0000
5922.1429	2155.0000
5922.1758	2062.0000
5922.2089	2058.0000
5922.2418	2035.0000
5922.2748	2018.0000
5922.3077	1980.0000
5922.3406	1914.0000
5922.3736	1945.0000
5922.4065	1914.0000
5922.4394	1933.0000
5922.4724	1855.0000
5922.5053	1819.0000
5922.5382	1800.0000
5922.5712	1857.0000
5922.6041	1767.0000
5922.6370	1847.0000
5922.6699	1746.0000
5922.7029	1774.0000
5922.7358	1855.0000
5922.7687	1803.0000
5922.8016	1825.0000
5922.8345	1762.0000
5922.8675	1730.0000
5922.9004	1702.0000
5922.9333	1726.0000
5922.9662	1728.0000
5922.9991	1710.0000
5923.0320	1762.0000
5923.0649	1702.0000
5923.0978	1647.0000
5923.1307	1775.0000
5923.1636	1796.0000
5923.1965	1814.0000
5923.2294	1888.0000
5923.2624	1917.0000
5923.2953	1824.0000
5923.3282	1933.0000
5923.3611	1957.0000
5923.3940	1991.0000
5923.4269	1997.0000
5923.4598	1976.0000
5923.4927	2095.0000
5923.5255	2067.0000
5923.5584	2095.0000
5923.5913	2073.0000
5923.6242	2067.0000
5923.6571	2084.0000
5923.6899	2064.0000
5923.7228	2003.0000
5923.7557	2060.0000
5923.7886	2001.0000
5923.8214	2084.0000
5923.8543	1983.0000
5923.8872	1963.0000
5923.9201	2032.0000
5923.9529	1994.0000
5923.9858	1955.0000
5924.0186	1983.0000
5924.0515	2062.0000
5924.0844	2042.0000
5924.1172	1938.0000
5924.1501	1862.0000
5924.1829	1904.0000
5924.2158	1878.0000
5924.2486	1940.0000
5924.2815	1927.0000
5924.3144	1958.0000
5924.3473	1909.0000
5924.3801	1924.0000
5924.4130	1970.0000
5924.4458	2024.0000
5924.4787	2084.0000
5924.5115	2047.0000
5924.5443	1982.0000
5924.5772	1953.0000
5924.6100	1987.0000
5924.6428	1934.0000
5924.6757	1767.0000
5924.7085	1859.0000
5924.7413	1857.0000
5924.7742	1803.0000
5924.8070	1793.0000
5924.8398	1771.0000
5924.8726	1792.0000
5924.9055	1919.0000
5924.9383	2013.0000
5924.9711	1994.0000
5925.0039	2015.0000
5925.0367	2060.0000
5925.0696	2084.0000
5925.1024	2101.0000
5925.1352	2103.0000
5925.1680	2053.0000
5925.2008	2061.0000
5925.2336	2149.0000
5925.2664	2081.0000
5925.2992	2145.0000
5925.3320	2037.0000
5925.3649	2073.0000
5925.3977	2123.0000
5925.4305	2143.0000
5925.4633	2066.0000
5925.4961	2034.0000
5925.5289	1915.0000
5925.5617	1905.0000
5925.5945	1906.0000
5925.6273	1954.0000
5925.6601	1880.0000
5925.6929	1906.0000
5925.7256	1951.0000
5925.7584	1958.0000
5925.7912	1935.0000
5925.8240	1952.0000
5925.8568	1920.0000
5925.8895	1915.0000
5925.9223	1880.0000
5925.9551	1854.0000
5925.9879	1931.0000
5926.0206	1929.0000
5926.0534	1897.0000
5926.0862	1892.0000
5926.1189	1858.0000
5926.1517	1839.0000
5926.1845	1920.0000
5926.2172	1857.0000
5926.2500	1874.0000
5926.2827	1926.0000
5926.3155	1989.0000
5926.3483	1994.0000
5926.3810	1979.0000
5926.4139	1963.0000
5926.4466	2019.0000
5926.4794	1965.0000
5926.5121	2007.0000
5926.5449	1939.0000
5926.5776	1954.0000
5926.6104	1918.0000
5926.6431	1904.0000
5926.6758	1983.0000
5926.7086	1892.0000
5926.7413	1913.0000
5926.7741	1914.0000
5926.8068	1839.0000
5926.8395	1888.0000
5926.8723	1911.0000
5926.9050	2059.0000
5926.9377	2083.0000
5926.9704	2048.0000
5927.0032	2094.0000
5927.0359	2129.0000
5927.0686	2081.0000
5927.1013	2055.0000
5927.1341	2031.0000
5927.1668	1950.0000
5927.1995	1944.0000
5927.2322	1960.0000
5927.2649	1969.0000
5927.2976	1956.0000
5927.3304	1891.0000
5927.3631	1957.0000
5927.3958	2030.0000
5927.4285	2050.0000
5927.4612	2065.0000
5927.4940	2071.0000
5927.5267	2077.0000
5927.5594	2022.0000
5927.5921	1988.0000
5927.6248	1976.0000
5927.6575	2048.0000
5927.6902	1941.0000
5927.7229	1942.0000
5927.7556	1866.0000
5927.7883	1915.0000
5927.8209	1898.0000
5927.8536	1915.0000
5927.8863	1891.0000
5927.9190	1995.0000
5927.9517	2079.0000
5927.9844	2040.0000
5928.0170	2027.0000
5928.0497	2089.0000
5928.0824	2144.0000
5928.1151	2042.0000
5928.1478	2074.0000
5928.1804	1947.0000
5928.2131	1911.0000
5928.2458	1959.0000
5928.2784	1944.0000
5928.3111	1963.0000
5928.3438	1994.0000
5928.3764	2027.0000
5928.4091	2025.0000
5928.4417	2089.0000
5928.4744	2040.0000
5928.5071	2036.0000
5928.5398	1967.0000
5928.5725	1970.0000
5928.6051	2012.0000
5928.6378	2028.0000
5928.6704	1982.0000
5928.7031	1971.0000
5928.7357	1843.0000
5928.7684	1780.0000
5928.8010	1746.0000
5928.8337	1778.0000
5928.8663	1754.0000
5928.8989	1744.0000
5928.9316	1776.0000
5928.9642	1791.0000
5928.9968	1770.0000
5929.0295	1895.0000
5929.0621	1912.0000
5929.0947	1866.0000
5929.1274	1975.0000
5929.1600	1968.0000
5929.1926	1997.0000
5929.2252	1906.0000
5929.2579	1872.0000
5929.2905	1828.0000
5929.3231	1841.0000
5929.3557	1860.0000
5929.3883	1872.0000
5929.4210	1853.0000
5929.4536	1917.0000
5929.4862	1979.0000
5929.5188	2065.0000
5929.5514	2077.0000
5929.5841	2175.0000
5929.6167	2086.0000
5929.6493	2067.0000
5929.6819	2020.0000
5929.7145	1958.0000
5929.7471	1914.0000
5929.7797	1981.0000
5929.8123	1874.0000
5929.8449	1903.0000
5929.8775	1888.0000
5929.9101	1806.0000
5929.9427	1872.0000
5929.9753	1873.0000
5930.0079	1906.0000
5930.0405	1947.0000
5930.0731	1864.0000
5930.1056	1806.0000
5930.1382	1871.0000
5930.1708	1914.0000
5930.2034	1876.0000
5930.2360	1877.0000
5930.2685	1845.0000
5930.3011	1857.0000
5930.3337	1898.0000
5930.3663	1931.0000
5930.3988	1859.0000
5930.4314	1863.0000
5930.4640	1874.0000
5930.4965	1940.0000
5930.5291	1912.0000
5930.5617	1912.0000
5930.5942	2011.0000
5930.6269	1974.0000
5930.6594	1952.0000
5930.6920	1839.0000
5930.7245	1863.0000
5930.7571	1888.0000
5930.7897	1826.0000
5930.8222	1826.0000
5930.8548	1776.0000
5930.8873	1669.0000
5930.9198	1695.0000
5930.9524	1765.0000
5930.9849	1823.0000
5931.0175	1813.0000
5931.0500	1847.0000
5931.0826	1852.0000
5931.1151	1871.0000
5931.1476	1930.0000
5931.1802	1992.0000
5931.2127	1961.0000
5931.2452	1888.0000
5931.2778	1934.0000
5931.3103	1867.0000
5931.3428	1872.0000
5931.3753	1892.0000
5931.4079	1903.0000
5931.4404	1885.0000
5931.4729	1907.0000
5931.5054	1899.0000
5931.5379	1962.0000
5931.5705	1976.0000
5931.6030	1999.0000
5931.6355	2013.0000
5931.6680	2117.0000
5931.7006	2156.0000
5931.7331	2199.0000
5931.7656	2092.0000
5931.7981	2081.0000
5931.8306	2091.0000
5931.8631	2074.0000
5931.8956	2023.0000
5931.9281	1910.0000
5931.9606	1802.0000
5931.9931	1836.0000
5932.0256	1768.0000
5932.0581	1692.0000
5932.0906	1655.0000
5932.1231	1776.0000
5932.1556	1704.0000
5932.1881	1710.0000
5932.2206	1718.0000
5932.2531	1747.0000
5932.2855	1728.0000
5932.3180	1797.0000
5932.3505	1810.0000
5932.3830	1825.0000
5932.4155	1866.0000
5932.4479	1854.0000
5932.4804	1920.0000
5932.5129	1884.0000
5932.5454	1857.0000
5932.5778	1856.0000
5932.6103	1801.0000
5932.6428	1737.0000
5932.6752	1776.0000
5932.7077	1893.0000
5932.7402	1931.0000
5932.7727	1993.0000
5932.8052	2031.0000
5932.8376	2003.0000
5932.8701	2056.0000
5932.9025	2047.0000
5932.9350	2004.0000
5932.9674	1926.0000
5932.9999	1940.0000
5933.0323	1898.0000
5933.0648	1952.0000
5933.0972	1974.0000
5933.1297	1934.0000
5933.1621	1985.0000
5933.1946	1971.0000
5933.2270	1883.0000
5933.2594	1822.0000
5933.2919	1822.0000
5933.3243	1843.0000
5933.3567	1825.0000
5933.3892	1923.0000
5933.4216	1918.0000
5933.4540	1959.0000
5933.4865	1929.0000
5933.5189	1938.0000
5933.5513	1935.0000
5933.5837	1904.0000
5933.6162	1916.0000
5933.6486	1906.0000
5933.6810	1896.0000
5933.7134	1872.0000
5933.7458	1977.0000
5933.7782	1928.0000
5933.8108	1890.0000
5933.8432	1892.0000
5933.8756	1889.0000
5933.9080	1904.0000
5933.9404	1877.0000
5933.9728	1928.0000
5934.0052	1976.0000
5934.0376	1936.0000
5934.0700	1885.0000
5934.1024	1921.0000
5934.1348	1918.0000
5934.1672	1834.0000
5934.1996	1815.0000
5934.2320	1767.0000
5934.2644	1714.0000
5934.2968	1666.0000
5934.3292	1685.0000
5934.3615	1692.0000
5934.3939	1728.0000
5934.4263	1850.0000
5934.4587	1864.0000
5934.4911	1865.0000
5934.5235	1898.0000
5934.5558	2030.0000
5934.5882	2034.0000
5934.6206	2076.0000
5934.6530	2106.0000
5934.6853	2103.0000
5934.7177	2152.0000
5934.7501	2165.0000
5934.7824	2107.0000
5934.8148	2077.0000
5934.8473	2083.0000
5934.8796	2037.0000
5934.9120	1984.0000
5934.9444	1977.0000
5934.9767	1963.0000
5935.0091	1945.0000
5935.0414	1916.0000
5935.0738	1885.0000
5935.1061	1883.0000
5935.1385	1903.0000
5935.1708	1995.0000
5935.2032	1986.0000
5935.2355	1909.0000
5935.2679	1986.0000
5935.3002	1983.0000
5935.3326	1927.0000
5935.3649	1940.0000
5935.3972	1884.0000
5935.4296	1909.0000
5935.4619	1817.0000
5935.4942	1772.0000
5935.5266	1772.0000
5935.5589	1813.0000
5935.5912	1823.0000
5935.6236	1795.0000
5935.6559	1848.0000
5935.6882	1870.0000
5935.7205	1951.0000
5935.7529	1930.0000
5935.7852	1934.0000
5935.8175	1986.0000
5935.8498	1998.0000
5935.8821	2014.0000
5935.9146	1987.0000
5935.9469	2069.0000
5935.9792	2098.0000
5936.0115	2116.0000
5936.0438	2110.0000
5936.0761	2096.0000
5936.1084	2060.0000
5936.1407	2129.0000
5936.1730	2065.0000
5936.2053	1984.0000
5936.2376	1984.0000
5936.2699	2074.0000
5936.3022	2062.0000
5936.3345	1959.0000
5936.3668	1947.0000
5936.3991	1967.0000
5936.4314	1970.0000
5936.4637	2015.0000
5936.4960	1955.0000
5936.5283	2002.0000
5936.5605	2014.0000
5936.5928	2015.0000
5936.6251	2001.0000
5936.6574	2103.0000
5936.6897	2163.0000
5936.7219	2200.0000
5936.7542	2064.0000
5936.7865	2053.0000
5936.8188	2087.0000
5936.8510	2103.0000
5936.8833	2037.0000
5936.9156	2063.0000
5936.9479	2101.0000
5936.9802	2068.0000
5937.0125	2070.0000
5937.0447	2110.0000
5937.0770	2057.0000
5937.1093	2091.0000
5937.1415	2081.0000
5937.1738	2059.0000
5937.2060	2015.0000
5937.2383	2015.0000
5937.2705	1998.0000
5937.3028	2071.0000
5937.3350	2086.0000
5937.3673	2095.0000
5937.3995	2096.0000
5937.4318	2000.0000
5937.4640	2031.0000
5937.4963	1968.0000
5937.5285	1909.0000
5937.5607	1912.0000
5937.5930	1911.0000
5937.6252	1892.0000
5937.6574	1888.0000
5937.6897	1908.0000
5937.7219	1934.0000
5937.7541	1896.0000
5937.7864	1943.0000
5937.8186	2016.0000
5937.8508	2009.0000
5937.8830	2043.0000
5937.9153	2035.0000
5937.9475	2028.0000
5937.9797	1934.0000
5938.0120	1990.0000
5938.0442	2038.0000
5938.0764	1978.0000
5938.1087	1904.0000
5938.1409	1959.0000
5938.1731	1943.0000
5938.2053	1646.0000
5938.2375	1617.0000
5938.2697	1541.0000
5938.3019	1541.0000
5938.3341	1491.0000
5938.3663	1488.0000
5938.3985	1502.0000
5938.4307	1494.0000
5938.4629	1483.0000
5938.4951	1493.0000
