R_Cam.15
5460.8975	120.0000
5460.9302	205.0000
5460.9630	319.0000
5460.9957	451.0000
5461.0285	443.0000
5461.0612	499.0000
5461.0940	561.0000
5461.1268	536.0000
5461.1595	549.0000
5461.1923	564.0000
5461.2250	623.0000
5461.2578	653.0000
5461.2905	821.0000
5461.3232	838.0000
5461.3560	798.0000
5461.3887	765.0000
5461.4214	741.0000
5461.4541	722.0000
5461.4869	735.0000
5461.5196	662.0000
5461.5523	619.0000
5461.5850	569.0000
5461.6178	544.0000
5461.6505	587.0000
5461.6832	571.0000
5461.7159	571.0000
5461.7486	658.0000
5461.7813	643.0000
5461.8141	663.0000
5461.8468	717.0000
5461.8795	752.0000
5461.9122	764.0000
5461.9449	824.0000
5461.9776	815.0000
5462.0103	810.0000
5462.0430	778.0000
5462.0757	834.0000
5462.1084	768.0000
5462.1411	812.0000
5462.1739	872.0000
5462.2066	794.0000
5462.2393	750.0000
5462.2720	713.0000
5462.3047	720.0000
5462.3374	605.0000
5462.3701	597.0000
5462.4028	598.0000
5462.4355	635.0000
5462.4681	658.0000
5462.5008	643.0000
5462.5335	659.0000
5462.5662	645.0000
5462.5989	725.0000
5462.6316	804.0000
5462.6642	845.0000
5462.6969	891.0000
5462.7296	906.0000
5462.7623	871.0000
5462.7949	842.0000
5462.8276	778.0000
5462.8603	767.0000
5462.8929	765.0000
5462.9256	759.0000
5462.9583	775.0000
5462.9909	726.0000
5463.0236	641.0000
5463.0563	727.0000
5463.0889	722.0000
5463.1216	694.0000
5463.1542	584.0000
5463.1869	623.0000
5463.2197	635.0000
5463.2523	591.0000
5463.2850	598.0000
5463.3176	629.0000
5463.3503	611.0000
5463.3829	588.0000
5463.4156	654.0000
5463.4482	706.0000
5463.4808	749.0000
5463.5135	849.0000
5463.5461	906.0000
5463.5788	884.0000
5463.6114	896.0000
5463.6440	935.0000
5463.6767	868.0000
5463.7093	845.0000
5463.7420	856.0000
5463.7746	768.0000
5463.8072	690.0000
5463.8398	665.0000
5463.8725	639.0000
5463.9051	662.0000
5463.9377	663.0000
5463.9703	639.0000
5464.0030	598.0000
5464.0356	582.0000
5464.0682	520.0000
5464.1008	580.0000
5464.1334	605.0000
5464.1661	599.0000
5464.1987	597.0000
5464.2313	650.0000
5464.2640	697.0000
5464.2966	710.0000
5464.3292	766.0000
5464.3618	763.0000
5464.3944	830.0000
5464.4270	882.0000
5464.4596	956.0000
5464.4923	941.0000
5464.5249	899.0000
5464.5575	950.0000
5464.5901	843.0000
5464.6226	869.0000
5464.6552	863.0000
5464.6878	792.0000
5464.7204	706.0000
5464.7530	677.0000
5464.7856	648.0000
5464.8182	623.0000
5464.8508	571.0000
5464.8834	487.0000
5464.9160	616.0000
5464.9485	632.0000
5464.9811	590.0000
5465.0137	544.0000
5465.0463	564.0000
5465.0789	648.0000
5465.1114	667.0000
5465.1440	647.0000
5465.1766	663.0000
5465.2092	790.0000
5465.2417	816.0000
5465.2743	851.0000
5465.3069	932.0000
5465.3395	1038.0000
5465.3721	1095.0000
5465.4047	1100.0000
5465.4372	1146.0000
5465.4698	1114.0000
5465.5024	864.0000
5465.5349	799.0000
5465.5675	697.0000
5465.6000	639.0000
5465.6326	596.0000
5465.6651	638.0000
5465.6977	650.0000
5465.7302	679.0000
5465.7628	749.0000
5465.7953	736.0000
5465.8279	689.0000
5465.8604	657.0000
5465.8930	701.0000
5465.9255	606.0000
5465.9581	592.0000
5465.9906	666.0000
5466.0231	749.0000
5466.0557	727.0000
5466.0882	665.0000
5466.1208	760.0000
5466.1533	875.0000
5466.1858	909.0000
5466.2183	863.0000
5466.2509	902.0000
5466.2834	1036.0000
5466.3159	1046.0000
5466.3485	1151.0000
5466.3811	1142.0000
5466.4136	968.0000
5466.4461	919.0000
5466.4786	834.0000
5466.5112	821.0000
5466.5437	759.0000
5466.5762	710.0000
5466.6087	708.0000
5466.6412	758.0000
5466.6737	789.0000
5466.7062	776.0000
5466.7388	802.0000
5466.7713	808.0000
5466.8038	758.0000
5466.8363	879.0000
5466.8688	757.0000
5466.9013	742.0000
5466.9338	784.0000
5466.9663	750.0000
5466.9988	773.0000
5467.0313	782.0000
5467.0638	775.0000
5467.0963	862.0000
5467.1288	971.0000
5467.1612	940.0000
5467.1937	1033.0000
5467.2262	1013.0000
5467.2587	1002.0000
5467.2912	1019.0000
5467.3237	924.0000
5467.3562	916.0000
5467.3887	882.0000
5467.4212	785.0000
5467.4537	688.0000
5467.4862	660.0000
5467.5187	598.0000
5467.5511	741.0000
5467.5836	782.0000
5467.6161	773.0000
5467.6486	918.0000
5467.6810	928.0000
5467.7135	963.0000
5467.7460	904.0000
5467.7784	973.0000
5467.8109	887.0000
5467.8434	940.0000
5467.8758	895.0000
5467.9083	859.0000
5467.9407	966.0000
5467.9732	899.0000
5468.0057	845.0000
5468.0381	833.0000
5468.0706	831.0000
5468.1030	941.0000
5468.1355	920.0000
5468.1679	881.0000
5468.2004	926.0000
5468.2328	996.0000
5468.2653	975.0000
5468.2977	908.0000
5468.3301	843.0000
5468.3626	862.0000
5468.3950	797.0000
5468.4275	731.0000
5468.4599	817.0000
5468.4924	825.0000
5468.5249	748.0000
5468.5573	787.0000
5468.5897	897.0000
5468.6222	887.0000
5468.6546	863.0000
5468.6870	1014.0000
5468.7194	914.0000
5468.7519	842.0000
5468.7843	869.0000
5468.8167	932.0000
5468.8491	930.0000
5468.8816	983.0000
5468.9140	971.0000
5468.9464	904.0000
5468.9788	887.0000
5469.0112	871.0000
5469.0436	937.0000
5469.0760	942.0000
5469.1085	902.0000
5469.1409	942.0000
5469.1733	949.0000
5469.2057	917.0000
5469.2381	894.0000
5469.2705	878.0000
5469.3029	824.0000
5469.3353	782.0000
5469.3677	861.0000
5469.4001	932.0000
5469.4325	896.0000
5469.4649	864.0000
5469.4973	837.0000
5469.5298	842.0000
5469.5622	779.0000
5469.5945	798.0000
5469.6269	780.0000
5469.6593	828.0000
5469.6917	898.0000
5469.7241	908.0000
5469.7565	920.0000
5469.7889	874.0000
5469.8212	883.0000
5469.8536	888.0000
5469.8860	961.0000
5469.9184	963.0000
5469.9507	1013.0000
5469.9831	995.0000
5470.0155	970.0000
5470.0479	971.0000
5470.0802	922.0000
5470.1126	890.0000
5470.1450	915.0000
5470.1773	953.0000
5470.2097	842.0000
5470.2421	837.0000
5470.2744	920.0000
5470.3068	891.0000
5470.3391	881.0000
5470.3715	957.0000
5470.4038	1064.0000
5470.4362	1026.0000
5470.4686	1067.0000
5470.5009	1096.0000
5470.5333	1124.0000
5470.5656	1097.0000
5470.5981	1095.0000
5470.6304	1006.0000
5470.6627	943.0000
5470.6951	970.0000
5470.7274	959.0000
5470.7598	971.0000
5470.7921	949.0000
5470.8245	984.0000
5470.8568	967.0000
5470.8891	1010.0000
5470.9215	990.0000
5470.9538	1055.0000
5470.9861	1125.0000
5471.0185	1053.0000
5471.0508	1025.0000
5471.0831	1037.0000
5471.1154	1045.0000
5471.1478	938.0000
5471.1801	870.0000
5471.2124	895.0000
5471.2447	866.0000
5471.2770	872.0000
5471.3094	883.0000
5471.3417	886.0000
5471.3740	973.0000
5471.4063	1081.0000
5471.4386	1137.0000
5471.4709	1193.0000
5471.5032	1185.0000
5471.5355	1184.0000
5471.5679	1236.0000
5471.6002	1140.0000
5471.6326	1112.0000
5471.6649	1169.0000
5471.6972	1170.0000
5471.7295	1087.0000
5471.7618	1009.0000
5471.7941	1037.0000
5471.8264	1047.0000
5471.8587	1005.0000
5471.8909	1058.0000
5471.9232	1006.0000
5471.9555	1021.0000
5471.9878	1190.0000
5472.0201	1188.0000
5472.0524	1194.0000
5472.0847	1276.0000
5472.1170	1147.0000
5472.1492	1060.0000
5472.1815	1081.0000
5472.2138	1142.0000
5472.2461	1057.0000
5472.2784	945.0000
5472.3106	897.0000
5472.3429	923.0000
5472.3752	977.0000
5472.4075	1060.0000
5472.4397	1092.0000
5472.4720	1128.0000
5472.5043	1283.0000
5472.5365	1325.0000
5472.5688	1379.0000
5472.6011	1359.0000
5472.6333	1363.0000
5472.6656	1402.0000
5472.6979	1357.0000
5472.7302	1387.0000
5472.7624	1319.0000
5472.7947	1125.0000
5472.8270	1097.0000
5472.8592	1129.0000
5472.8915	1034.0000
5472.9237	1027.0000
5472.9560	1039.0000
5472.9882	1078.0000
5473.0205	1205.0000
5473.0527	1188.0000
5473.0849	1169.0000
5473.1172	1206.0000
5473.1494	1237.0000
5473.1817	1203.0000
5473.2139	1219.0000
5473.2461	1281.0000
5473.2784	1151.0000
5473.3106	990.0000
5473.3428	980.0000
5473.3751	1018.0000
5473.4073	1010.0000
5473.4395	1024.0000
5473.4717	931.0000
5473.5040	1092.0000
5473.5362	1149.0000
5473.5684	1262.0000
5473.6006	1289.0000
5473.6329	1272.0000
5473.6651	1351.0000
5473.6973	1448.0000
5473.7295	1457.0000
5473.7618	1451.0000
5473.7940	1436.0000
5473.8263	1416.0000
5473.8585	1366.0000
5473.8907	1442.0000
5473.9229	1332.0000
5473.9551	1229.0000
5473.9873	1225.0000
5474.0195	1062.0000
5474.0517	1053.0000
5474.0839	1083.0000
5474.1161	1057.0000
5474.1483	1076.0000
5474.1805	947.0000
5474.2127	1018.0000
5474.2449	1109.0000
5474.2771	1106.0000
5474.3093	1131.0000
5474.3414	1134.0000
5474.3736	1108.0000
5474.4058	1067.0000
5474.4380	1070.0000
5474.4702	1089.0000
5474.5024	1082.0000
5474.5346	948.0000
5474.5667	962.0000
5474.5989	924.0000
5474.6311	1055.0000
5474.6633	1062.0000
5474.6954	1217.0000
5474.7276	1371.0000
5474.7598	1471.0000
5474.7921	1597.0000
5474.8242	1544.0000
5474.8564	1609.0000
5474.8886	1697.0000
5474.9207	1573.0000
5474.9529	1523.0000
5474.9851	1523.0000
5475.0172	1460.0000
5475.0494	1315.0000
5475.0815	1319.0000
5475.1137	1262.0000
5475.1459	1218.0000
5475.1780	1193.0000
5475.2102	1126.0000
5475.2423	1029.0000
5475.2745	1032.0000
5475.3066	1024.0000
5475.3388	1076.0000
5475.3709	1173.0000
5475.4030	1187.0000
5475.4352	1182.0000
5475.4673	1199.0000
5475.4995	1130.0000
5475.5316	1153.0000
5475.5637	1074.0000
5475.5959	937.0000
5475.6280	989.0000
5475.6602	1012.0000
5475.6923	1011.0000
5475.7244	1113.0000
5475.7565	1085.0000
5475.7887	1017.0000
5475.8208	1097.0000
5475.8530	1254.0000
5475.8852	1466.0000
5475.9173	1514.0000
5475.9494	1548.0000
5475.9815	1570.0000
5476.0136	1609.0000
5476.0458	1614.0000
5476.0779	1681.0000
5476.1100	1554.0000
5476.1421	1506.0000
5476.1742	1480.0000
5476.2063	1491.0000
5476.2384	1508.0000
5476.2705	1469.0000
5476.3026	1262.0000
5476.3348	1165.0000
5476.3669	1116.0000
5476.3990	1102.0000
5476.4311	1041.0000
5476.4632	1053.0000
5476.4953	1069.0000
5476.5274	1082.0000
5476.5594	1112.0000
5476.5915	1151.0000
5476.6236	1186.0000
5476.6557	1147.0000
5476.6878	1184.0000
5476.7199	1079.0000
5476.7520	1081.0000
5476.7841	1137.0000
5476.8162	1160.0000
5476.8482	1166.0000
5476.8803	1138.0000
5476.9125	1018.0000
5476.9446	1111.0000
5476.9767	1171.0000
5477.0087	1194.0000
5477.0408	1274.0000
5477.0729	1461.0000
5477.1050	1503.0000
5477.1370	1597.0000
5477.1691	1642.0000
5477.2012	1637.0000
5477.2332	1655.0000
5477.2653	1661.0000
5477.2974	1769.0000
5477.3294	1750.0000
5477.3615	1760.0000
5477.3936	1654.0000
5477.4256	1600.0000
5477.4577	1585.0000
5477.4897	1508.0000
5477.5218	1381.0000
5477.5538	1322.0000
5477.5859	1279.0000
5477.6179	1155.0000
5477.6500	1036.0000
5477.6820	1070.0000
5477.7141	1075.0000
5477.7461	1157.0000
5477.7782	1269.0000
5477.8102	1134.0000
5477.8423	1134.0000
5477.8743	1245.0000
5477.9063	1256.0000
5477.9384	1144.0000
5477.9705	1209.0000
5478.0025	1294.0000
5478.0346	1389.0000
5478.0666	1261.0000
5478.0986	1365.0000
5478.1307	1300.0000
5478.1627	1280.0000
5478.1947	1385.0000
5478.2267	1377.0000
5478.2588	1365.0000
5478.2908	1368.0000
5478.3228	1420.0000
5478.3548	1539.0000
5478.3868	1599.0000
5478.4189	1622.0000
5478.4509	1679.0000
5478.4829	1734.0000
5478.5149	1704.0000
5478.5469	1756.0000
5478.5789	1718.0000
5478.6109	1768.0000
5478.6429	1795.0000
5478.6749	1787.0000
5478.7069	1720.0000
5478.7389	1569.0000
5478.7709	1464.0000
5478.8029	1367.0000
5478.8349	1322.0000
5478.8669	1179.0000
5478.8989	1209.0000
5478.9309	1233.0000
5478.9629	1300.0000
5478.9949	1273.0000
5479.0270	1262.0000
5479.0590	1200.0000
5479.0910	1254.0000
5479.1230	1292.0000
5479.1550	1286.0000
5479.1869	1326.0000
5479.2189	1403.0000
5479.2509	1454.0000
5479.2829	1460.0000
5479.3149	1526.0000
5479.3468	1572.0000
5479.3788	1584.0000
5479.4108	1547.0000
5479.4428	1594.0000
5479.4747	1543.0000
5479.5067	1396.0000
5479.5387	1440.0000
5479.5706	1469.0000
5479.6026	1511.0000
5479.6346	1498.0000
5479.6665	1578.0000
5479.6985	1702.0000
5479.7304	1784.0000
5479.7624	1866.0000
5479.7944	1997.0000
5479.8263	1991.0000
5479.8583	1974.0000
5479.8902	1961.0000
5479.9222	1851.0000
5479.9541	1846.0000
5479.9861	1760.0000
5480.0180	1655.0000
5480.0501	1591.0000
5480.0820	1457.0000
5480.1140	1360.0000
5480.1459	1355.0000
5480.1778	1324.0000
5480.2098	1295.0000
5480.2417	1263.0000
5480.2737	1298.0000
5480.3056	1384.0000
5480.3375	1369.0000
5480.3695	1333.0000
5480.4014	1383.0000
5480.4333	1430.0000
5480.4653	1566.0000
5480.4972	1685.0000
5480.5291	1719.0000
5480.5610	1845.0000
5480.5930	1788.0000
5480.6249	1808.0000
5480.6568	1763.0000
5480.6887	1702.0000
5480.7206	1685.0000
5480.7525	1677.0000
5480.7845	1560.0000
5480.8164	1588.0000
5480.8483	1558.0000
5480.8802	1530.0000
5480.9121	1564.0000
5480.9440	1624.0000
5480.9759	1719.0000
5481.0078	1848.0000
5481.0397	2061.0000
5481.0716	2047.0000
5481.1036	1982.0000
5481.1355	2004.0000
5481.1674	1931.0000
5481.1993	1922.0000
5481.2312	1994.0000
5481.2631	2001.0000
5481.2950	1797.0000
5481.3269	1803.0000
5481.3588	1709.0000
5481.3907	1579.0000
5481.4226	1312.0000
5481.4545	1241.0000
5481.4863	1283.0000
5481.5182	1228.0000
5481.5501	1263.0000
5481.5820	1278.0000
5481.6139	1392.0000
5481.6458	1459.0000
5481.6776	1589.0000
5481.7095	1613.0000
5481.7414	1632.0000
5481.7732	1701.0000
5481.8051	1714.0000
5481.8370	1922.0000
5481.8689	1939.0000
5481.9007	1858.0000
5481.9326	1863.0000
5481.9645	1899.0000
5481.9963	1863.0000
5482.0282	1826.0000
5482.0600	1908.0000
5482.0919	1816.0000
5482.1238	1713.0000
5482.1557	1664.0000
5482.1876	1667.0000
5482.2194	1742.0000
5482.2513	1741.0000
5482.2831	1804.0000
5482.3150	1879.0000
5482.3468	1861.0000
5482.3787	1897.0000
5482.4105	1944.0000
5482.4424	1995.0000
5482.4742	2019.0000
5482.5060	2003.0000
5482.5379	2058.0000
5482.5697	2000.0000
5482.6016	1927.0000
5482.6334	1803.0000
5482.6652	1704.0000
5482.6971	1523.0000
5482.7289	1466.0000
5482.7607	1446.0000
5482.7925	1343.0000
5482.8244	1344.0000
5482.8562	1397.0000
5482.8880	1477.0000
5482.9198	1602.0000
5482.9517	1552.0000
5482.9835	1721.0000
5483.0153	1819.0000
5483.0471	1861.0000
5483.0789	1875.0000
5483.1108	2032.0000
5483.1426	2085.0000
5483.1744	2035.0000
5483.2062	2076.0000
5483.2381	2164.0000
5483.2699	2178.0000
5483.3017	2017.0000
5483.3335	1874.0000
5483.3653	1848.0000
5483.3971	1836.0000
5483.4289	1860.0000
5483.4607	1836.0000
5483.4925	1790.0000
5483.5243	1726.0000
5483.5561	1729.0000
5483.5879	1779.0000
5483.6197	1891.0000
5483.6515	1996.0000
5483.6833	2022.0000
5483.7151	2096.0000
5483.7469	2211.0000
5483.7786	2140.0000
5483.8104	2171.0000
5483.8422	2276.0000
5483.8740	2244.0000
5483.9058	2193.0000
5483.9376	2193.0000
5483.9693	2061.0000
5484.0011	1936.0000
5484.0329	1651.0000
5484.0647	1585.0000
5484.0964	1538.0000
5484.1282	1488.0000
5484.1600	1585.0000
5484.1917	1571.0000
5484.2235	1620.0000
5484.2553	1731.0000
5484.2871	1795.0000
5484.3189	1924.0000
5484.3507	1907.0000
5484.3824	1947.0000
5484.4142	1985.0000
5484.4459	2140.0000
5484.4777	2212.0000
5484.5094	2269.0000
5484.5412	2285.0000
5484.5730	2318.0000
5484.6047	2303.0000
5484.6365	2159.0000
5484.6682	1994.0000
5484.6999	1968.0000
5484.7317	1971.0000
5484.7634	2009.0000
5484.7952	1912.0000
5484.8269	1904.0000
5484.8587	1891.0000
5484.8904	1856.0000
5484.9221	1787.0000
5484.9539	1780.0000
5484.9856	1852.0000
5485.0173	1962.0000
5485.0491	1998.0000
5485.0808	2083.0000
5485.1125	2184.0000
5485.1442	2199.0000
5485.1760	2292.0000
5485.2077	2321.0000
5485.2394	2404.0000
5485.2711	2407.0000
5485.3029	2231.0000
5485.3347	2000.0000
5485.3664	1888.0000
5485.3981	1626.0000
5485.4298	1453.0000
5485.4615	1395.0000
5485.4932	1273.0000
5485.5250	1302.0000
5485.5567	1427.0000
5485.5884	1594.0000
5485.6201	1658.0000
5485.6518	1732.0000
5485.6835	1828.0000
5485.7152	1787.0000
5485.7469	1894.0000
5485.7786	1847.0000
5485.8103	1856.0000
5485.8420	1884.0000
5485.8737	1911.0000
5485.9054	1849.0000
5485.9371	1828.0000
5485.9688	1814.0000
5486.0005	1785.0000
5486.0321	1757.0000
5486.0638	1674.0000
5486.0955	1541.0000
5486.1272	1470.0000
5486.1589	1491.0000
5486.1906	1541.0000
5486.2222	1547.0000
5486.2539	1473.0000
5486.2856	1568.0000
5486.3173	1550.0000
5486.3489	1531.0000
5486.3807	1640.0000
5486.4124	1679.0000
5486.4441	1674.0000
5486.4757	1610.0000
5486.5074	1699.0000
5486.5391	1895.0000
5486.5707	1873.0000
5486.6024	1809.0000
5486.6341	1808.0000
5486.6657	1737.0000
5486.6974	1575.0000
5486.7290	1435.0000
5486.7607	1399.0000
5486.7923	1275.0000
5486.8240	1257.0000
5486.8557	1295.0000
5486.8873	1294.0000
5486.9190	1323.0000
5486.9506	1417.0000
5486.9822	1486.0000
5487.0139	1613.0000
5487.0455	1759.0000
5487.0772	1785.0000
5487.1088	1911.0000
5487.1405	2033.0000
5487.1721	2153.0000
5487.2037	2138.0000
5487.2354	2166.0000
5487.2670	2231.0000
5487.2986	2201.0000
5487.3303	2123.0000
5487.3619	2129.0000
5487.3935	2023.0000
5487.4253	1965.0000
5487.4569	1942.0000
5487.4885	1893.0000
5487.5201	1798.0000
5487.5518	1742.0000
5487.5834	1828.0000
5487.6150	1891.0000
5487.6466	1914.0000
5487.6782	1991.0000
5487.7098	1936.0000
5487.7415	1906.0000
5487.7731	1844.0000
5487.8047	1845.0000
5487.8363	1833.0000
5487.8679	1870.0000
5487.8995	1965.0000
5487.9311	2032.0000
5487.9627	2068.0000
5487.9943	2095.0000
5488.0259	2030.0000
5488.0575	1911.0000
5488.0891	1756.0000
5488.1207	1630.0000
5488.1523	1505.0000
5488.1839	1418.0000
5488.2155	1299.0000
5488.2471	1301.0000
5488.2787	1307.0000
5488.3103	1410.0000
5488.3419	1446.0000
5488.3735	1480.0000
5488.4050	1544.0000
5488.4366	1662.0000
5488.4682	1892.0000
5488.4999	2110.0000
5488.5315	2191.0000
5488.5630	2348.0000
5488.5946	2494.0000
5488.6262	2534.0000
5488.6578	2585.0000
5488.6893	2684.0000
5488.7209	2512.0000
5488.7525	2475.0000
5488.7840	2529.0000
5488.8156	2485.0000
5488.8472	2258.0000
5488.8787	2229.0000
5488.9103	2145.0000
5488.9419	1998.0000
5488.9734	2109.0000
5489.0050	2161.0000
5489.0365	2111.0000
5489.0681	2197.0000
5489.0997	2209.0000
5489.1312	2094.0000
5489.1628	2145.0000
5489.1943	2166.0000
5489.2259	2092.0000
5489.2574	1977.0000
5489.2890	2029.0000
5489.3205	2187.0000
5489.3520	2136.0000
5489.3836	2291.0000
5489.4151	2209.0000
5489.4467	2002.0000
5489.4782	1975.0000
5489.5097	1858.0000
5489.5414	1708.0000
5489.5729	1631.0000
5489.6044	1504.0000
5489.6360	1457.0000
5489.6675	1405.0000
5489.6990	1439.0000
5489.7306	1467.0000
5489.7621	1419.0000
5489.7936	1397.0000
5489.8251	1485.0000
5489.8567	1625.0000
5489.8882	1796.0000
5489.9197	1895.0000
5489.9512	2090.0000
5489.9827	2293.0000
5490.0142	2338.0000
5490.0458	2339.0000
5490.0773	2437.0000
5490.1088	2452.0000
5490.1403	2443.0000
5490.1718	2428.0000
5490.2033	2263.0000
5490.2348	2133.0000
5490.2663	1999.0000
5490.2978	1941.0000
5490.3293	1982.0000
5490.3608	1923.0000
5490.3923	1902.0000
5490.4238	1846.0000
5490.4553	1853.0000
5490.4868	1918.0000
5490.5183	1945.0000
5490.5498	2014.0000
5490.5814	2033.0000
5490.6129	1996.0000
5490.6443	1906.0000
5490.6758	1770.0000
5490.7073	1628.0000
5490.7388	1456.0000
5490.7703	1329.0000
5490.8018	1129.0000
5490.8332	1053.0000
5490.8647	1015.0000
5490.8962	1001.0000
5490.9277	1140.0000
5490.9591	1217.0000
5490.9906	1266.0000
5491.0221	1262.0000
5491.0535	1346.0000
5491.0850	1420.0000
5491.1165	1460.0000
5491.1479	1477.0000
5491.1794	1517.0000
5491.2109	1557.0000
5491.2423	1502.0000
5491.2738	1591.0000
5491.3052	1643.0000
5491.3367	1752.0000
5491.3682	1830.0000
5491.3996	2007.0000
5491.4311	2113.0000
5491.4625	2208.0000
5491.4940	2176.0000
5491.5254	2244.0000
5491.5569	2319.0000
5491.5883	2283.0000
5491.6198	2266.0000
5491.6513	2322.0000
5491.6827	2232.0000
5491.7142	2162.0000
5491.7456	2142.0000
5491.7771	2010.0000
5491.8085	1922.0000
5491.8399	1865.0000
5491.8714	1840.0000
5491.9028	1784.0000
5491.9342	1803.0000
5491.9656	1772.0000
5491.9971	1836.0000
5492.0285	1933.0000
5492.0599	2056.0000
5492.0913	2065.0000
5492.1228	2060.0000
5492.1542	2109.0000
5492.1856	2044.0000
5492.2170	1935.0000
5492.2484	1869.0000
5492.2799	1885.0000
5492.3113	1807.0000
5492.3427	1736.0000
5492.3741	1796.0000
5492.4055	1762.0000
5492.4369	1624.0000
5492.4683	1772.0000
5492.4997	1897.0000
5492.5311	1811.0000
5492.5625	1799.0000
5492.5939	1763.0000
5492.6253	1680.0000
5492.6567	1588.0000
5492.6882	1644.0000
5492.7196	1631.0000
5492.7510	1709.0000
5492.7824	1718.0000
5492.8138	1796.0000
5492.8452	1869.0000
5492.8766	2063.0000
5492.9080	2179.0000
5492.9394	2235.0000
5492.9707	2285.0000
5493.0021	2373.0000
5493.0335	2414.0000
5493.0649	2325.0000
5493.0963	2345.0000
5493.1276	2425.0000
5493.1590	2476.0000
5493.1904	2389.0000
5493.2218	2429.0000
5493.2531	2318.0000
5493.2845	2260.0000
5493.3159	2211.0000
5493.3472	2097.0000
5493.3786	2033.0000
5493.4100	2005.0000
5493.4413	2045.0000
5493.4727	2069.0000
5493.5041	2043.0000
5493.5354	2130.0000
5493.5668	2170.0000
5493.5981	2127.0000
5493.6295	2004.0000
5493.6608	1963.0000
5493.6922	1932.0000
5493.7236	1798.0000
5493.7550	1647.0000
5493.7864	1643.0000
5493.8177	1667.0000
5493.8490	1666.0000
5493.8804	1653.0000
5493.9117	1838.0000
5493.9431	1861.0000
5493.9744	1825.0000
5494.0058	1815.0000
5494.0371	1938.0000
5494.0684	1923.0000
5494.0998	1890.0000
5494.1311	1835.0000
5494.1624	1780.0000
5494.1938	1692.0000
5494.2251	1673.0000
5494.2564	1660.0000
5494.2877	1686.0000
5494.3191	1809.0000
5494.3504	1884.0000
5494.3817	2028.0000
5494.4130	2186.0000
5494.4444	2295.0000
5494.4757	2406.0000
5494.5070	2519.0000
5494.5383	2563.0000
5494.5696	2518.0000
5494.6009	2558.0000
5494.6322	2557.0000
5494.6635	2451.0000
5494.6949	2544.0000
5494.7262	2584.0000
5494.7575	2548.0000
5494.7889	2441.0000
5494.8202	2331.0000
5494.8515	2279.0000
5494.8828	2162.0000
5494.9141	2167.0000
5494.9454	2071.0000
5494.9767	2181.0000
5495.0080	2140.0000
5495.0393	2147.0000
5495.0705	2245.0000
5495.1018	2290.0000
5495.1331	2423.0000
5495.1644	2549.0000
5495.1957	2528.0000
5495.2270	2470.0000
5495.2583	2363.0000
5495.2896	2174.0000
5495.3208	2107.0000
5495.3521	2072.0000
5495.3834	1937.0000
5495.4147	1910.0000
5495.4459	1910.0000
5495.4772	1995.0000
5495.5085	2062.0000
5495.5398	2076.0000
5495.5710	2068.0000
5495.6023	2042.0000
5495.6336	1923.0000
5495.6648	1815.0000
5495.6961	1733.0000
5495.7274	1747.0000
5495.7586	1743.0000
5495.7899	1729.0000
5495.8211	1651.0000
5495.8525	1647.0000
5495.8837	1654.0000
5495.9150	1721.0000
5495.9463	1760.0000
5495.9775	1787.0000
5496.0088	1818.0000
5496.0400	1916.0000
5496.0713	2011.0000
5496.1025	2157.0000
5496.1337	2214.0000
5496.1650	2333.0000
5496.1962	2355.0000
5496.2275	2451.0000
5496.2587	2386.0000
5496.2899	2362.0000
5496.3212	2371.0000
5496.3524	2253.0000
5496.3836	2165.0000
5496.4149	2122.0000
5496.4461	2103.0000
5496.4773	2008.0000
5496.5086	1947.0000
5496.5398	2027.0000
5496.5710	1958.0000
5496.6022	1967.0000
5496.6335	1847.0000
5496.6647	1832.0000
5496.6959	1751.0000
5496.7271	1711.0000
5496.7583	1636.0000
5496.7896	1591.0000
5496.8208	1516.0000
5496.8520	1572.0000
5496.8832	1575.0000
5496.9145	1507.0000
5496.9457	1526.0000
5496.9769	1558.0000
5497.0081	1620.0000
5497.0393	1636.0000
5497.0705	1685.0000
5497.1017	1708.0000
5497.1329	1659.0000
5497.1641	1656.0000
5497.1953	1712.0000
5497.2265	1626.0000
5497.2577	1591.0000
5497.2889	1497.0000
5497.3201	1430.0000
5497.3513	1393.0000
5497.3825	1377.0000
5497.4137	1357.0000
5497.4449	1326.0000
5497.4760	1257.0000
5497.5072	1228.0000
5497.5384	1265.0000
5497.5696	1290.0000
5497.6008	1305.0000
5497.6319	1473.0000
5497.6631	1559.0000
5497.6943	1531.0000
5497.7255	1612.0000
5497.7566	1609.0000
5497.7878	1739.0000
5497.8190	1699.0000
5497.8502	1712.0000
5497.8813	1700.0000
5497.9125	1797.0000
5497.9436	1742.0000
5497.9749	1691.0000
5498.0061	1688.0000
5498.0372	1780.0000
5498.0684	1718.0000
5498.0995	1774.0000
5498.1307	1716.0000
5498.1619	1692.0000
5498.1930	1609.0000
5498.2242	1629.0000
5498.2553	1670.0000
5498.2865	1641.0000
5498.3176	1599.0000
5498.3488	1676.0000
5498.3799	1571.0000
5498.4110	1576.0000
5498.4422	1627.0000
5498.4733	1643.0000
5498.5045	1602.0000
5498.5356	1596.0000
5498.5667	1623.0000
5498.5979	1676.0000
5498.6290	1697.0000
5498.6601	1619.0000
5498.6913	1601.0000
5498.7224	1647.0000
5498.7535	1571.0000
5498.7846	1567.0000
5498.8158	1640.0000
5498.8469	1614.0000
5498.8780	1620.0000
5498.9091	1616.0000
5498.9403	1603.0000
5498.9714	1662.0000
5499.0026	1679.0000
5499.0337	1648.0000
5499.0648	1619.0000
5499.0959	1554.0000
5499.1270	1656.0000
5499.1582	1741.0000
5499.1893	1829.0000
5499.2204	1828.0000
5499.2515	1898.0000
5499.2826	2001.0000
5499.3137	1995.0000
5499.3448	1994.0000
5499.3759	1975.0000
5499.4070	2007.0000
5499.4381	2057.0000
5499.4692	1991.0000
5499.5003	1978.0000
5499.5314	1988.0000
5499.5625	2042.0000
5499.5935	1963.0000
5499.6246	1837.0000
5499.6557	1730.0000
5499.6868	1688.0000
5499.7179	1715.0000
5499.7490	1571.0000
5499.7801	1580.0000
5499.8111	1560.0000
5499.8422	1533.0000
5499.8733	1512.0000
5499.9044	1517.0000
5499.9354	1419.0000
5499.9665	1455.0000
5499.9976	1537.0000
5500.0287	1642.0000
5500.0598	1521.0000
5500.0909	1538.0000
5500.1220	1708.0000
5500.1530	1672.0000
5500.1841	1618.0000
5500.2152	1648.0000
5500.2462	1607.0000
5500.2773	1621.0000
5500.3083	1638.0000
5500.3394	1621.0000
5500.3704	1729.0000
5500.4015	1666.0000
5500.4326	1620.0000
5500.4636	1573.0000
5500.4947	1673.0000
5500.5257	1653.0000
5500.5567	1620.0000
5500.5878	1671.0000
5500.6188	1626.0000
5500.6499	1494.0000
5500.6809	1535.0000
5500.7120	1567.0000
5500.7430	1639.0000
5500.7740	1746.0000
5500.8051	1809.0000
5500.8361	1889.0000
5500.8671	2013.0000
5500.8982	2087.0000
5500.9292	2155.0000
5500.9602	2097.0000
5500.9913	2050.0000
5501.0223	2016.0000
5501.0533	1930.0000
5501.0843	1860.0000
5501.1155	1865.0000
5501.1465	1752.0000
5501.1775	1833.0000
5501.2085	1844.0000
5501.2395	1783.0000
5501.2705	1841.0000
5501.3016	1835.0000
5501.3326	1865.0000
5501.3636	1710.0000
5501.3946	1647.0000
5501.4256	1523.0000
5501.4566	1420.0000
5501.4876	1293.0000
5501.5186	1271.0000
5501.5496	1323.0000
5501.5806	1377.0000
5501.6116	1421.0000
5501.6426	1487.0000
5501.6736	1599.0000
5501.7046	1610.0000
5501.7356	1685.0000
5501.7666	1741.0000
5501.7976	1806.0000
5501.8286	1782.0000
5501.8596	1884.0000
5501.8905	1877.0000
5501.9215	1778.0000
5501.9525	1661.0000
5501.9835	1635.0000
5502.0145	1610.0000
5502.0455	1560.0000
5502.0764	1573.0000
5502.1074	1565.0000
5502.1384	1634.0000
5502.1695	1610.0000
5502.2004	1614.0000
5502.2314	1697.0000
5502.2624	1816.0000
5502.2934	1769.0000
5502.3243	1734.0000
5502.3553	1723.0000
5502.3863	1782.0000
5502.4172	1816.0000
5502.4482	1800.0000
5502.4791	1772.0000
5502.5101	1730.0000
5502.5411	1714.0000
5502.5720	1813.0000
5502.6030	1897.0000
5502.6339	1942.0000
5502.6649	1989.0000
5502.6958	1899.0000
5502.7268	2085.0000
5502.7577	2074.0000
5502.7887	2124.0000
5502.8196	2247.0000
5502.8506	2157.0000
5502.8815	2114.0000
5502.9124	1991.0000
5502.9434	1947.0000
5502.9743	1969.0000
5503.0053	1855.0000
5503.0362	1760.0000
5503.0671	1845.0000
5503.0981	1909.0000
5503.1290	1844.0000
5503.1599	1784.0000
5503.1908	1774.0000
5503.2219	1742.0000
5503.2528	1700.0000
5503.2837	1706.0000
5503.3146	1666.0000
5503.3456	1706.0000
5503.3765	1744.0000
5503.4074	1751.0000
5503.4383	1818.0000
5503.4692	1880.0000
5503.5001	1855.0000
5503.5311	1861.0000
5503.5620	1943.0000
5503.5929	1951.0000
5503.6238	1925.0000
5503.6547	1992.0000
5503.6856	1931.0000
5503.7165	1781.0000
5503.7474	1802.0000
5503.7783	1653.0000
5503.8092	1714.0000
5503.8401	1692.0000
5503.8710	1633.0000
5503.9019	1647.0000
5503.9328	1656.0000
5503.9637	1732.0000
5503.9946	1726.0000
5504.0255	1717.0000
5504.0564	1753.0000
5504.0873	1731.0000
5504.1181	1743.0000
5504.1490	1747.0000
5504.1799	1803.0000
5504.2108	1728.0000
5504.2417	1832.0000
5504.2727	1875.0000
5504.3035	1913.0000
5504.3344	1950.0000
5504.3653	1938.0000
5504.3962	1912.0000
5504.4270	1888.0000
5504.4579	1995.0000
5504.4888	2077.0000
5504.5196	2127.0000
5504.5505	2116.0000
5504.5814	2157.0000
5504.6122	2117.0000
5504.6431	2129.0000
5504.6740	2174.0000
5504.7048	1990.0000
5504.7357	2035.0000
5504.7665	2044.0000
5504.7974	1844.0000
5504.8282	1790.0000
5504.8591	1688.0000
5504.8900	1656.0000
5504.9208	1655.0000
5504.9516	1710.0000
5504.9825	1767.0000
5505.0133	1872.0000
5505.0442	1914.0000
5505.0750	1935.0000
5505.1059	2027.0000
5505.1367	2082.0000
5505.1676	2054.0000
5505.1984	2143.0000
5505.2292	2139.0000
5505.2601	2053.0000
5505.2909	2060.0000
5505.3218	1955.0000
5505.3527	1794.0000
5505.3835	1685.0000
5505.4143	1639.0000
5505.4451	1717.0000
5505.4760	1728.0000
5505.5068	1673.0000
5505.5376	1707.0000
5505.5684	1797.0000
5505.5992	1870.0000
5505.6301	1962.0000
5505.6609	2107.0000
5505.6917	2218.0000
5505.7225	2280.0000
5505.7533	2280.0000
5505.7841	2184.0000
5505.8149	1950.0000
5505.8458	1935.0000
5505.8766	1937.0000
5505.9074	1802.0000
5505.9382	1720.0000
5505.9690	1756.0000
5505.9998	1776.0000
5506.0306	1785.0000
5506.0614	1787.0000
5506.0922	1914.0000
5506.1230	1934.0000
5506.1538	1912.0000
5506.1846	2064.0000
5506.2153	2172.0000
5506.2461	2282.0000
5506.2769	2320.0000
5506.3077	2430.0000
5506.3385	2514.0000
5506.3694	2546.0000
5506.4002	2470.0000
5506.4309	2374.0000
5506.4617	2277.0000
5506.4925	2029.0000
5506.5233	1972.0000
5506.5541	1796.0000
5506.5848	1642.0000
5506.6156	1592.0000
5506.6464	1544.0000
5506.6771	1529.0000
5506.7079	1480.0000
5506.7387	1404.0000
5506.7694	1411.0000
5506.8002	1500.0000
5506.8310	1534.0000
5506.8617	1656.0000
5506.8925	1851.0000
5506.9233	1943.0000
5506.9540	2117.0000
5506.9848	2188.0000
5507.0155	2215.0000
5507.0463	2293.0000
5507.0770	2241.0000
5507.1078	2160.0000
5507.1385	2076.0000
5507.1693	1898.0000
5507.2000	1822.0000
5507.2308	1736.0000
5507.2615	1621.0000
5507.2923	1682.0000
5507.3230	1777.0000
5507.3537	1839.0000
5507.3845	1945.0000
5507.4152	1903.0000
5507.4460	2014.0000
5507.4768	1960.0000
5507.5075	1917.0000
5507.5382	1821.0000
5507.5690	1902.0000
5507.5997	1912.0000
5507.6304	1930.0000
5507.6612	2026.0000
5507.6919	2239.0000
5507.7226	2249.0000
5507.7533	2223.0000
5507.7840	2260.0000
5507.8148	2213.0000
5507.8455	2232.0000
5507.8762	2117.0000
5507.9069	2200.0000
5507.9376	2212.0000
5507.9683	2203.0000
5507.9990	2214.0000
5508.0297	2226.0000
5508.0605	2336.0000
5508.0912	2407.0000
5508.1219	2454.0000
5508.1526	2564.0000
5508.1833	2558.0000
5508.2140	2579.0000
5508.2447	2424.0000
5508.2754	2216.0000
5508.3061	2093.0000
5508.3368	1889.0000
5508.3675	1834.0000
5508.3981	1812.0000
5508.4288	1829.0000
5508.4595	1918.0000
5508.4903	1994.0000
5508.5210	2174.0000
5508.5517	2303.0000
5508.5824	2333.0000
5508.6130	2403.0000
5508.6437	2492.0000
5508.6744	2525.0000
5508.7051	2403.0000
5508.7358	2358.0000
5508.7664	2315.0000
5508.7971	2204.0000
5508.8278	2142.0000
5508.8585	2196.0000
5508.8891	2210.0000
5508.9198	2155.0000
5508.9505	2034.0000
5508.9811	1865.0000
5509.0118	1801.0000
5509.0424	1774.0000
5509.0731	1722.0000
5509.1038	1838.0000
5509.1344	1941.0000
5509.1651	2063.0000
5509.1957	2245.0000
5509.2264	2371.0000
5509.2570	2437.0000
5509.2877	2570.0000
5509.3183	2615.0000
5509.3490	2518.0000
5509.3796	2410.0000
5509.4103	2320.0000
5509.4409	2263.0000
5509.4716	2226.0000
5509.5022	2080.0000
5509.5330	2180.0000
5509.5636	2101.0000
5509.5942	2114.0000
5509.6249	2107.0000
5509.6555	2166.0000
5509.6861	2257.0000
5509.7168	2324.0000
5509.7474	2315.0000
5509.7780	2313.0000
5509.8086	2288.0000
5509.8393	2258.0000
5509.8699	2241.0000
5509.9005	2322.0000
5509.9311	2363.0000
5509.9618	2388.0000
5509.9924	2458.0000
5510.0230	2545.0000
5510.0536	2553.0000
5510.0842	2450.0000
5510.1148	2395.0000
5510.1455	2255.0000
5510.1761	2195.0000
5510.2067	2195.0000
5510.2373	2250.0000
5510.2679	2157.0000
5510.2985	2193.0000
5510.3291	2130.0000
5510.3597	2153.0000
5510.3903	2198.0000
5510.4209	2165.0000
5510.4515	2244.0000
5510.4821	2232.0000
5510.5127	2162.0000
5510.5433	2121.0000
5510.5739	2034.0000
5510.6046	1990.0000
5510.6352	1938.0000
5510.6657	1941.0000
5510.6963	1830.0000
5510.7269	1777.0000
5510.7575	1858.0000
5510.7881	1772.0000
5510.8187	1807.0000
5510.8492	1956.0000
5510.8798	2054.0000
5510.9104	2073.0000
5510.9410	2268.0000
5510.9715	2432.0000
5511.0021	2626.0000
5511.0327	2666.0000
5511.0633	2702.0000
5511.0938	2699.0000
5511.1244	2591.0000
5511.1550	2406.0000
5511.1855	2267.0000
5511.2161	2049.0000
5511.2466	1945.0000
5511.2772	1870.0000
5511.3078	1822.0000
5511.3383	1850.0000
5511.3689	1869.0000
5511.3994	2015.0000
5511.4300	2122.0000
5511.4605	2130.0000
5511.4911	2163.0000
5511.5216	2241.0000
5511.5522	2373.0000
5511.5827	2404.0000
5511.6133	2480.0000
5511.6439	2613.0000
5511.6744	2746.0000
5511.7050	2789.0000
5511.7355	2791.0000
5511.7661	2797.0000
5511.7966	2708.0000
5511.8271	2527.0000
5511.8577	2342.0000
5511.8882	2235.0000
5511.9187	2136.0000
5511.9493	2042.0000
5511.9798	2063.0000
5512.0103	1936.0000
5512.0408	1861.0000
5512.0714	1809.0000
5512.1019	1879.0000
5512.1324	1912.0000
5512.1629	1874.0000
5512.1934	1968.0000
5512.2240	2047.0000
5512.2545	2162.0000
5512.2850	2199.0000
5512.3155	2283.0000
5512.3460	2368.0000
5512.3765	2394.0000
5512.4070	2332.0000
5512.4375	2151.0000
5512.4680	2020.0000
5512.4985	1950.0000
5512.5290	1862.0000
5512.5595	1823.0000
5512.5900	1903.0000
5512.6205	1958.0000
5512.6510	1954.0000
5512.6815	2004.0000
5512.7121	2101.0000
5512.7426	2093.0000
5512.7731	2105.0000
5512.8036	2216.0000
5512.8341	2258.0000
5512.8646	2233.0000
5512.8951	2200.0000
5512.9255	2078.0000
5512.9560	1964.0000
5512.9865	1877.0000
5513.0170	1812.0000
5513.0475	1865.0000
5513.0779	1905.0000
5513.1084	1870.0000
5513.1389	1858.0000
5513.1694	1981.0000
5513.1998	2093.0000
5513.2303	2238.0000
5513.2608	2280.0000
5513.2912	2302.0000
5513.3217	2278.0000
5513.3522	2348.0000
5513.3826	2368.0000
5513.4131	2341.0000
5513.4435	2344.0000
5513.4740	2485.0000
5513.5045	2472.0000
5513.5349	2527.0000
5513.5654	2607.0000
5513.5958	2660.0000
5513.6263	2560.0000
5513.6567	2437.0000
5513.6872	2168.0000
5513.7176	2027.0000
5513.7482	1898.0000
5513.7786	1892.0000
5513.8091	1899.0000
5513.8395	2043.0000
5513.8699	2101.0000
5513.9004	2141.0000
5513.9308	2274.0000
5513.9612	2331.0000
5513.9917	2316.0000
5514.0221	2348.0000
5514.0525	2376.0000
5514.0830	2386.0000
5514.1134	2233.0000
5514.1438	2275.0000
5514.1743	2245.0000
5514.2047	2233.0000
5514.2351	2168.0000
5514.2655	2095.0000
5514.2959	1983.0000
5514.3264	1960.0000
5514.3568	1817.0000
5514.3872	1744.0000
5514.4176	1751.0000
5514.4480	1731.0000
5514.4784	1674.0000
5514.5088	1617.0000
5514.5393	1766.0000
5514.5697	1767.0000
5514.6001	1697.0000
5514.6305	1753.0000
5514.6609	1770.0000
5514.6913	1838.0000
5514.7217	1799.0000
5514.7521	1866.0000
5514.7825	1963.0000
5514.8130	1974.0000
5514.8434	2016.0000
5514.8738	2065.0000
5514.9042	2017.0000
5514.9345	1927.0000
5514.9649	1874.0000
5514.9953	1790.0000
5515.0257	1757.0000
5515.0561	1731.0000
5515.0865	1725.0000
5515.1169	1740.0000
5515.1472	1847.0000
5515.1776	1929.0000
5515.2080	1953.0000
5515.2384	1974.0000
5515.2688	2047.0000
5515.2991	2108.0000
5515.3295	2001.0000
5515.3599	1880.0000
5515.3902	1845.0000
5515.4206	1869.0000
5515.4510	1825.0000
5515.4813	1729.0000
5515.5117	1689.0000
5515.5421	1673.0000
5515.5724	1654.0000
5515.6028	1625.0000
5515.6331	1670.0000
5515.6635	1709.0000
5515.6939	1722.0000
5515.7242	1881.0000
5515.7546	1952.0000
5515.7849	1969.0000
5515.8153	2078.0000
5515.8457	2149.0000
5515.8761	2054.0000
5515.9064	2045.0000
5515.9367	2006.0000
5515.9671	2002.0000
5515.9974	1849.0000
5516.0278	1798.0000
5516.0581	1751.0000
5516.0884	1626.0000
5516.1188	1558.0000
5516.1491	1656.0000
5516.1794	1701.0000
5516.2098	1669.0000
5516.2401	1690.0000
5516.2704	1635.0000
5516.3008	1666.0000
5516.3311	1674.0000
5516.3614	1577.0000
5516.3917	1583.0000
5516.4221	1640.0000
5516.4524	1638.0000
5516.4827	1721.0000
5516.5130	1866.0000
5516.5433	1872.0000
5516.5736	1858.0000
5516.6040	1964.0000
5516.6343	1985.0000
5516.6646	2046.0000
5516.6949	1976.0000
5516.7252	1977.0000
5516.7555	1973.0000
5516.7858	1955.0000
5516.8161	2059.0000
5516.8464	1990.0000
5516.8767	2156.0000
5516.9071	2320.0000
5516.9374	2350.0000
5516.9677	2373.0000
5516.9980	2394.0000
5517.0283	2413.0000
5517.0586	2344.0000
5517.0889	2251.0000
5517.1192	2107.0000
5517.1495	1997.0000
5517.1797	1925.0000
5517.2100	1923.0000
5517.2403	1960.0000
5517.2706	1911.0000
5517.3009	1960.0000
5517.3311	1919.0000
5517.3614	1789.0000
5517.3917	1727.0000
5517.4220	1730.0000
5517.4523	1865.0000
5517.4825	1815.0000
5517.5128	1886.0000
5517.5431	2049.0000
5517.5733	2126.0000
5517.6036	2298.0000
5517.6339	2324.0000
5517.6641	2408.0000
5517.6944	2374.0000
5517.7246	2413.0000
5517.7549	2455.0000
5517.7852	2381.0000
5517.8154	2376.0000
5517.8457	2505.0000
5517.8759	2597.0000
5517.9062	2817.0000
5517.9364	2897.0000
5517.9668	2901.0000
5517.9970	2869.0000
5518.0273	2888.0000
5518.0575	2724.0000
5518.0878	2596.0000
5518.1180	2508.0000
5518.1483	2273.0000
5518.1785	2134.0000
5518.2087	2032.0000
5518.2390	1978.0000
5518.2692	1933.0000
5518.2994	1879.0000
5518.3297	1970.0000
5518.3599	1926.0000
5518.3901	1921.0000
5518.4204	1932.0000
5518.4506	1941.0000
5518.4808	1886.0000
5518.5110	1983.0000
5518.5413	2134.0000
5518.5715	2203.0000
5518.6017	2245.0000
5518.6319	2251.0000
5518.6621	2167.0000
5518.6923	2091.0000
5518.7226	2025.0000
5518.7528	2057.0000
5518.7830	2196.0000
5518.8132	2268.0000
5518.8434	2314.0000
5518.8736	2547.0000
5518.9038	2713.0000
5518.9340	2850.0000
5518.9642	2933.0000
5518.9944	3056.0000
5519.0247	3233.0000
5519.0549	3372.0000
5519.0851	3343.0000
5519.1153	3218.0000
5519.1455	3150.0000
5519.1757	2873.0000
5519.2059	2642.0000
5519.2361	2415.0000
5519.2663	2151.0000
5519.2965	1949.0000
5519.3266	1875.0000
5519.3568	1785.0000
5519.3870	1809.0000
5519.4172	1844.0000
5519.4474	1875.0000
5519.4775	1907.0000
5519.5077	1914.0000
5519.5379	1974.0000
5519.5681	2087.0000
5519.5982	2140.0000
5519.6284	2278.0000
5519.6586	2291.0000
5519.6888	2244.0000
5519.7189	2181.0000
5519.7491	2187.0000
5519.7793	2129.0000
5519.8094	2067.0000
5519.8396	2066.0000
5519.8697	2143.0000
5519.8999	2178.0000
5519.9301	2199.0000
5519.9602	2284.0000
5519.9904	2360.0000
5520.0205	2401.0000
5520.0507	2267.0000
5520.0809	2180.0000
5520.1111	2089.0000
5520.1412	2084.0000
5520.1714	2051.0000
5520.2015	2021.0000
5520.2317	1979.0000
5520.2618	2022.0000
5520.2919	1888.0000
5520.3221	1808.0000
5520.3522	1717.0000
5520.3823	1748.0000
5520.4125	1743.0000
5520.4426	1730.0000
5520.4727	1744.0000
5520.5029	1852.0000
5520.5330	1802.0000
5520.5631	1711.0000
5520.5933	1712.0000
5520.6234	1705.0000
5520.6535	1735.0000
5520.6836	1723.0000
5520.7138	1756.0000
5520.7439	1863.0000
5520.7740	1915.0000
5520.8041	1975.0000
5520.8342	1984.0000
5520.8643	2033.0000
5520.8944	2033.0000
5520.9246	2134.0000
5520.9547	2200.0000
5520.9848	2214.0000
5521.0149	2357.0000
5521.0450	2442.0000
5521.0751	2489.0000
5521.1052	2480.0000
5521.1354	2391.0000
5521.1655	2358.0000
5521.1956	2381.0000
5521.2257	2320.0000
5521.2558	2200.0000
5521.2859	2185.0000
5521.3160	2094.0000
5521.3461	2123.0000
5521.3761	2088.0000
5521.4062	2018.0000
5521.4363	1899.0000
5521.4664	1770.0000
5521.4965	1742.0000
5521.5266	1695.0000
5521.5567	1710.0000
5521.5867	1729.0000
5521.6168	1832.0000
5521.6469	1831.0000
5521.6770	1824.0000
5521.7070	1781.0000
5521.7371	1842.0000
5521.7672	1922.0000
5521.7972	1936.0000
5521.8273	2003.0000
5521.8574	1994.0000
5521.8874	2004.0000
5521.9175	2038.0000
5521.9476	1967.0000
5521.9776	1883.0000
5522.0077	1827.0000
5522.0378	1884.0000
5522.0678	1831.0000
5522.0979	1789.0000
5522.1279	1895.0000
5522.1580	2021.0000
5522.1881	2067.0000
5522.2182	2208.0000
5522.2482	2294.0000
5522.2783	2370.0000
5522.3083	2387.0000
5522.3384	2406.0000
5522.3684	2308.0000
5522.3984	2164.0000
5522.4285	2124.0000
5522.4585	1961.0000
5522.4886	1913.0000
5522.5186	1855.0000
5522.5486	1729.0000
5522.5787	1559.0000
5522.6087	1545.0000
5522.6387	1637.0000
5522.6687	1584.0000
5522.6988	1589.0000
5522.7288	1742.0000
5522.7588	1808.0000
5522.7888	1910.0000
5522.8189	1953.0000
5522.8489	1867.0000
5522.8789	1925.0000
5522.9089	1983.0000
5522.9389	1958.0000
5522.9689	1895.0000
5522.9990	1926.0000
5523.0290	1939.0000
5523.0590	1877.0000
5523.0890	1917.0000
5523.1190	1885.0000
5523.1490	1832.0000
5523.1790	1797.0000
5523.2090	1880.0000
5523.2391	2023.0000
5523.2691	2096.0000
5523.2991	2177.0000
5523.3291	2295.0000
5523.3591	2394.0000
5523.3891	2458.0000
5523.4191	2514.0000
5523.4491	2505.0000
5523.4791	2514.0000
5523.5091	2471.0000
5523.5390	2386.0000
5523.5690	2271.0000
5523.5990	2125.0000
5523.6290	1969.0000
5523.6590	1996.0000
5523.6890	1866.0000
5523.7189	1750.0000
5523.7489	1655.0000
5523.7789	1626.0000
5523.8089	1629.0000
5523.8388	1624.0000
5523.8688	1640.0000
5523.8988	1695.0000
5523.9287	1732.0000
5523.9587	1856.0000
5523.9887	1847.0000
5524.0186	1868.0000
5524.0486	1768.0000
5524.0786	1691.0000
5524.1085	1694.0000
5524.1385	1713.0000
5524.1684	1730.0000
5524.1984	1758.0000
5524.2284	1723.0000
5524.2583	1712.0000
5524.2884	1743.0000
5524.3183	1712.0000
5524.3483	1685.0000
5524.3782	1693.0000
5524.4082	1726.0000
5524.4381	1788.0000
5524.4680	1821.0000
5524.4980	1836.0000
5524.5279	1826.0000
5524.5579	1800.0000
5524.5878	1777.0000
5524.6177	1778.0000
5524.6477	1668.0000
5524.6776	1615.0000
5524.7075	1508.0000
5524.7375	1534.0000
5524.7674	1637.0000
5524.7973	1455.0000
5524.8272	1422.0000
5524.8572	1435.0000
5524.8871	1486.0000
5524.9170	1417.0000
5524.9469	1347.0000
5524.9769	1202.0000
5525.0068	1134.0000
5525.0367	1140.0000
5525.0666	1153.0000
