R_Cam.26
6259.7387	991.0000
6259.7763	1495.0000
6259.8139	1571.0000
6259.8516	1620.0000
6259.8892	1652.0000
6259.9268	1580.0000
6259.9644	1613.0000
6260.0020	1663.0000
6260.0396	1662.0000
6260.0772	1648.0000
6260.1148	2234.0000
6260.1525	2244.0000
6260.1901	2241.0000
6260.2277	2357.0000
6260.2653	2505.0000
6260.3029	2564.0000
6260.3405	2570.0000
6260.3781	2520.0000
6260.4157	2406.0000
6260.4533	2408.0000
6260.4909	2428.0000
6260.5285	2471.0000
6260.5660	2509.0000
6260.6036	2541.0000
6260.6412	2489.0000
6260.6788	2452.0000
6260.7164	2358.0000
6260.7539	2322.0000
6260.7915	2295.0000
6260.8291	2177.0000
6260.8667	2161.0000
6260.9042	2213.0000
6260.9418	2180.0000
6260.9794	2216.0000
6261.0169	2186.0000
6261.0545	2244.0000
6261.0920	2099.0000
6261.1296	2169.0000
6261.1672	2151.0000
6261.2048	2186.0000
6261.2424	2342.0000
6261.2799	2255.0000
6261.3175	2260.0000
6261.3550	2276.0000
6261.3926	2302.0000
6261.4301	2360.0000
6261.4677	2491.0000
6261.5052	2434.0000
6261.5428	2402.0000
6261.5803	2434.0000
6261.6179	2410.0000
6261.6554	2434.0000
6261.6929	2438.0000
6261.7305	2434.0000
6261.7680	2284.0000
6261.8055	2329.0000
6261.8431	2394.0000
6261.8806	2395.0000
6261.9181	2453.0000
6261.9556	2431.0000
6261.9932	2421.0000
6262.0307	2468.0000
6262.0682	2506.0000
6262.1057	2446.0000
6262.1432	2503.0000
6262.1808	2523.0000
6262.2183	2429.0000
6262.2559	2355.0000
6262.2934	2323.0000
6262.3309	2374.0000
6262.3684	2526.0000
6262.4059	2514.0000
6262.4434	2566.0000
6262.4809	2561.0000
6262.5184	2578.0000
6262.5559	2486.0000
6262.5934	2484.0000
6262.6309	2488.0000
6262.6684	2386.0000
6262.7059	2317.0000
6262.7434	2479.0000
6262.7809	2496.0000
6262.8184	2435.0000
6262.8559	2473.0000
6262.8934	2476.0000
6262.9309	2538.0000
6262.9683	2574.0000
6263.0058	2592.0000
6263.0433	2526.0000
6263.0808	2531.0000
6263.1182	2632.0000
6263.1557	2643.0000
6263.1932	2610.0000
6263.2307	2611.0000
6263.2681	2702.0000
6263.3057	2777.0000
6263.3432	2820.0000
6263.3806	2811.0000
6263.4181	2887.0000
6263.4556	2854.0000
6263.4930	2891.0000
6263.5305	2873.0000
6263.5679	2740.0000
6263.6054	2705.0000
6263.6429	2573.0000
6263.6803	2538.0000
6263.7178	2556.0000
6263.7552	2532.0000
6263.7927	2516.0000
6263.8301	2557.0000
6263.8675	2561.0000
6263.9050	2519.0000
6263.9424	2542.0000
6263.9799	2493.0000
6264.0173	2581.0000
6264.0547	2784.0000
6264.0922	2757.0000
6264.1296	2788.0000
6264.1670	2869.0000
6264.2045	2954.0000
6264.2419	2999.0000
6264.2793	3029.0000
6264.3168	3135.0000
6264.3543	3096.0000
6264.3917	3084.0000
6264.4291	2988.0000
6264.4665	3062.0000
6264.5040	2961.0000
6264.5414	2776.0000
6264.5788	2672.0000
6264.6162	2738.0000
6264.6536	2748.0000
6264.6910	2807.0000
6264.7284	2730.0000
6264.7658	2773.0000
6264.8032	2765.0000
6264.8407	2792.0000
6264.8781	2798.0000
6264.9155	2805.0000
6264.9529	2859.0000
6264.9902	2765.0000
6265.0276	2639.0000
6265.0650	2658.0000
6265.1024	2662.0000
6265.1398	2567.0000
6265.1772	2644.0000
6265.2146	2639.0000
6265.2520	2571.0000
6265.2894	2593.0000
6265.3268	2662.0000
6265.3641	2657.0000
6265.4016	2722.0000
6265.4390	2761.0000
6265.4764	2886.0000
6265.5137	2976.0000
6265.5511	3114.0000
6265.5885	3179.0000
6265.6259	3164.0000
6265.6632	3209.0000
6265.7006	3311.0000
6265.7380	3326.0000
6265.7753	3333.0000
6265.8127	3271.0000
6265.8500	3215.0000
6265.8874	3120.0000
6265.9248	2920.0000
6265.9621	2974.0000
6265.9995	2917.0000
6266.0368	2971.0000
6266.0742	2951.0000
6266.1115	2769.0000
6266.1489	2677.0000
6266.1862	2773.0000
6266.2236	2758.0000
6266.2609	2777.0000
6266.2982	2849.0000
6266.3356	2849.0000
6266.3729	2755.0000
6266.4103	2714.0000
6266.4477	2843.0000
6266.4850	2785.0000
6266.5224	2709.0000
6266.5597	2680.0000
6266.5970	2628.0000
6266.6344	2585.0000
6266.6717	2635.0000
6266.7090	2707.0000
6266.7463	2623.0000
6266.7836	2682.0000
6266.8210	2687.0000
6266.8583	2644.0000
6266.8956	2731.0000
6266.9329	2847.0000
6266.9702	2839.0000
6267.0075	2885.0000
6267.0448	2974.0000
6267.0822	3013.0000
6267.1195	3022.0000
6267.1568	3093.0000
6267.1941	3090.0000
6267.2314	3121.0000
6267.2687	3125.0000
6267.3060	3113.0000
6267.3433	3038.0000
6267.3806	3029.0000
6267.4179	3054.0000
6267.4551	3136.0000
6267.4924	3046.0000
6267.5298	3015.0000
6267.5671	3113.0000
6267.6044	3081.0000
6267.6417	3046.0000
6267.6790	3170.0000
6267.7163	3079.0000
6267.7535	3111.0000
6267.7908	3097.0000
6267.8281	3043.0000
6267.8654	2896.0000
6267.9026	2801.0000
6267.9399	2733.0000
6267.9772	2631.0000
6268.0144	2658.0000
6268.0517	2628.0000
6268.0890	2631.0000
6268.1262	2578.0000
6268.1635	2486.0000
6268.2008	2432.0000
6268.2380	2378.0000
6268.2753	2473.0000
6268.3125	2494.0000
6268.3498	2506.0000
6268.3870	2528.0000
6268.4243	2603.0000
6268.4615	2643.0000
6268.4988	2597.0000
6268.5360	2723.0000
6268.5734	2721.0000
6268.6106	2706.0000
6268.6479	2710.0000
6268.6851	2677.0000
6268.7223	2613.0000
6268.7596	2641.0000
6268.7968	2663.0000
6268.8341	2640.0000
6268.8713	2582.0000
6268.9085	2679.0000
6268.9457	2703.0000
6268.9830	2684.0000
6269.0202	2697.0000
6269.0574	2699.0000
6269.0946	2766.0000
6269.1319	2813.0000
6269.1691	2836.0000
6269.2063	2870.0000
6269.2435	2877.0000
6269.2807	2934.0000
6269.3179	2901.0000
6269.3552	2814.0000
6269.3924	2805.0000
6269.4296	2815.0000
6269.4668	2813.0000
6269.5040	2753.0000
6269.5412	2636.0000
6269.5784	2631.0000
6269.6157	2690.0000
6269.6529	2799.0000
6269.6901	2835.0000
6269.7273	2863.0000
6269.7645	2909.0000
6269.8017	2943.0000
6269.8389	3009.0000
6269.8761	3109.0000
6269.9132	3110.0000
6269.9504	3105.0000
6269.9876	3033.0000
6270.0248	3121.0000
6270.0620	3242.0000
6270.0992	3337.0000
6270.1363	3339.0000
6270.1735	3208.0000
6270.2107	3070.0000
6270.2479	3077.0000
6270.2850	3138.0000
6270.3222	3036.0000
6270.3594	3034.0000
6270.3965	3039.0000
6270.4337	3113.0000
6270.4709	3024.0000
6270.5080	3049.0000
6270.5452	3082.0000
6270.5823	3105.0000
6270.6195	3084.0000
6270.6567	3142.0000
6270.6939	3069.0000
6270.7311	3070.0000
6270.7682	3128.0000
6270.8054	3199.0000
6270.8425	3159.0000
6270.8797	3037.0000
6270.9168	3121.0000
6270.9539	3068.0000
6270.9911	3035.0000
6271.0282	3007.0000
6271.0654	3010.0000
6271.1025	3034.0000
6271.1396	2964.0000
6271.1768	2985.0000
6271.2139	2990.0000
6271.2510	3008.0000
6271.2882	3053.0000
6271.3253	3106.0000
6271.3624	3137.0000
6271.3995	3279.0000
6271.4367	3422.0000
6271.4738	3472.0000
6271.5109	3433.0000
6271.5480	3450.0000
6271.5851	3523.0000
6271.6223	3550.0000
6271.6594	3478.0000
6271.6965	3426.0000
6271.7337	3413.0000
6271.7708	3432.0000
6271.8079	3432.0000
6271.8450	3389.0000
6271.8821	3367.0000
6271.9192	3324.0000
6271.9563	3303.0000
6271.9934	3331.0000
6272.0305	3507.0000
6272.0676	3658.0000
6272.1047	3646.0000
6272.1418	3504.0000
6272.1789	3494.0000
6272.2160	3429.0000
6272.2531	3356.0000
6272.2902	3290.0000
6272.3272	3275.0000
6272.3643	3270.0000
6272.4014	3318.0000
6272.4385	3300.0000
6272.4756	3295.0000
6272.5126	3283.0000
6272.5497	3279.0000
6272.5868	3311.0000
6272.6239	3202.0000
6272.6609	3200.0000
6272.6980	3271.0000
6272.7351	3221.0000
6272.7722	3187.0000
6272.8093	3225.0000
6272.8464	3303.0000
6272.8834	3327.0000
6272.9205	3347.0000
6272.9575	3450.0000
6272.9946	3431.0000
6273.0316	3440.0000
6273.0687	3551.0000
6273.1057	3525.0000
6273.1428	3571.0000
6273.1798	3559.0000
6273.2169	3580.0000
6273.2539	3610.0000
6273.2910	3419.0000
6273.3280	3340.0000
6273.3651	3305.0000
6273.4021	3294.0000
6273.4391	3216.0000
6273.4762	3124.0000
6273.5132	3157.0000
6273.5502	3324.0000
6273.5873	3397.0000
6273.6243	3540.0000
6273.6613	3482.0000
6273.6984	3435.0000
6273.7354	3488.0000
6273.7724	3553.0000
6273.8094	3529.0000
6273.8465	3517.0000
6273.8836	3509.0000
6273.9206	3505.0000
6273.9576	3459.0000
6273.9946	3478.0000
6274.0316	3482.0000
6274.0686	3436.0000
6274.1056	3447.0000
6274.1426	3432.0000
6274.1796	3419.0000
6274.2166	3370.0000
6274.2536	3413.0000
6274.2906	3436.0000
6274.3276	3428.0000
6274.3646	3459.0000
6274.4016	3571.0000
6274.4386	3708.0000
6274.4756	3716.0000
6274.5126	3684.0000
6274.5496	3517.0000
6274.5866	3414.0000
6274.6236	3487.0000
6274.6606	3455.0000
6274.6976	3411.0000
6274.7345	3351.0000
6274.7715	3413.0000
6274.8085	3427.0000
6274.8455	3393.0000
6274.8825	3395.0000
6274.9195	3457.0000
6274.9565	3545.0000
6274.9935	3611.0000
6275.0304	3547.0000
6275.0674	3608.0000
6275.1044	3601.0000
6275.1413	3610.0000
6275.1783	3622.0000
6275.2152	3516.0000
6275.2522	3338.0000
6275.2892	3424.0000
6275.3261	3349.0000
6275.3631	3236.0000
6275.4000	3145.0000
6275.4370	3084.0000
6275.4739	3059.0000
6275.5109	3062.0000
6275.5478	2962.0000
6275.5848	2974.0000
6275.6217	2983.0000
6275.6587	3033.0000
6275.6956	3030.0000
6275.7325	2945.0000
6275.7695	3004.0000
6275.8064	3080.0000
6275.8433	3048.0000
6275.8803	3015.0000
6275.9172	3044.0000
6275.9542	3095.0000
6275.9912	3218.0000
6276.0281	3229.0000
6276.0650	3165.0000
6276.1019	3204.0000
6276.1389	3182.0000
6276.1758	3220.0000
6276.2127	3209.0000
6276.2496	3274.0000
6276.2865	3298.0000
6276.3234	3307.0000
6276.3603	3326.0000
6276.3973	3475.0000
6276.4342	3475.0000
6276.4711	3467.0000
6276.5080	3422.0000
6276.5449	3282.0000
6276.5818	3291.0000
6276.6187	3333.0000
6276.6556	3359.0000
6276.6925	3393.0000
6276.7294	3359.0000
6276.7663	3456.0000
6276.8032	3448.0000
6276.8401	3403.0000
6276.8769	3455.0000
6276.9138	3475.0000
6276.9507	3516.0000
6276.9877	3522.0000
6277.0246	3588.0000
6277.0615	3526.0000
6277.0984	3369.0000
6277.1352	3084.0000
6277.1721	2904.0000
6277.2090	2858.0000
6277.2459	2959.0000
6277.2827	3101.0000
6277.3196	3048.0000
6277.3565	2919.0000
6277.3933	2875.0000
6277.4302	2872.0000
6277.4671	2944.0000
6277.5039	3028.0000
6277.5408	3147.0000
6277.5776	3251.0000
6277.6145	3270.0000
6277.6514	3280.0000
6277.6882	3255.0000
6277.7251	3374.0000
6277.7619	3404.0000
6277.7988	3398.0000
6277.8356	3266.0000
6277.8725	3062.0000
6277.9093	3002.0000
6277.9462	2949.0000
6277.9830	2942.0000
6278.0198	3139.0000
6278.0568	3131.0000
6278.0936	3245.0000
6278.1304	3188.0000
6278.1673	3089.0000
6278.2041	3113.0000
6278.2409	3025.0000
6278.2778	3128.0000
6278.3146	3269.0000
6278.3514	3372.0000
6278.3883	3463.0000
6278.4251	3576.0000
6278.4619	3630.0000
6278.4987	3584.0000
6278.5355	3476.0000
6278.5724	3282.0000
6278.6092	2808.0000
6278.6460	2578.0000
6278.6828	2523.0000
6278.7196	2790.0000
6278.7564	3116.0000
6278.7932	3436.0000
6278.8300	3594.0000
6278.8668	3639.0000
6278.9036	3554.0000
6278.9404	3576.0000
6278.9772	3644.0000
6279.0140	3632.0000
6279.0508	3568.0000
6279.0877	3577.0000
6279.1245	3551.0000
6279.1613	3472.0000
6279.1981	3514.0000
6279.2349	3535.0000
6279.2717	3527.0000
6279.3085	3466.0000
6279.3452	3389.0000
6279.3820	3299.0000
6279.4188	3110.0000
6279.4556	3060.0000
6279.4924	3196.0000
6279.5291	3450.0000
6279.5659	3637.0000
6279.6027	3593.0000
6279.6394	3362.0000
6279.6762	3272.0000
6279.7130	3272.0000
6279.7497	3390.0000
6279.7865	3604.0000
6279.8233	3704.0000
6279.8600	3684.0000
6279.8968	3692.0000
6279.9336	3708.0000
6279.9703	3736.0000
6280.0071	3875.0000
6280.0438	3778.0000
6280.0806	3798.0000
6280.1173	3788.0000
6280.1542	3635.0000
6280.1909	3645.0000
6280.2277	3701.0000
6280.2644	3695.0000
6280.3011	3631.0000
6280.3379	3692.0000
6280.3746	3612.0000
6280.4114	3423.0000
6280.4481	3264.0000
6280.4848	3104.0000
6280.5216	3198.0000
6280.5583	3354.0000
6280.5950	3443.0000
6280.6318	3522.0000
6280.6685	3588.0000
6280.7052	3652.0000
6280.7419	3689.0000
6280.7787	3732.0000
6280.8154	3774.0000
6280.8521	3705.0000
6280.8888	3637.0000
6280.9255	3489.0000
6280.9622	3357.0000
6280.9989	3305.0000
6281.0357	3494.0000
6281.0724	3719.0000
6281.1091	3806.0000
6281.1458	3794.0000
6281.1825	3791.0000
6281.2193	3772.0000
6281.2560	3880.0000
6281.2927	3819.0000
6281.3294	3938.0000
6281.3661	3979.0000
6281.4028	4096.0000
6281.4395	4026.0000
6281.4762	4026.0000
6281.5128	4030.0000
6281.5495	3979.0000
6281.5862	4061.0000
6281.6229	4022.0000
6281.6596	3825.0000
6281.6963	3655.0000
6281.7330	3399.0000
6281.7696	3328.0000
6281.8063	3504.0000
6281.8430	3699.0000
6281.8797	3981.0000
6281.9163	4077.0000
6281.9530	4144.0000
6281.9897	4121.0000
6282.0263	4106.0000
6282.0630	4066.0000
6282.0997	4012.0000
6282.1363	4049.0000
6282.1730	3857.0000
6282.2097	3796.0000
6282.2464	3694.0000
6282.2831	3668.0000
6282.3197	3613.0000
6282.3564	3632.0000
6282.3930	3589.0000
6282.4297	3611.0000
6282.4663	3539.0000
6282.5030	3501.0000
6282.5396	3442.0000
6282.5763	3642.0000
6282.6129	3858.0000
6282.6495	4001.0000
6282.6862	4016.0000
6282.7228	4014.0000
6282.7595	4099.0000
6282.7961	4120.0000
6282.8327	3975.0000
6282.8694	3862.0000
6282.9060	3932.0000
6282.9426	4013.0000
6282.9792	4152.0000
6283.0159	4096.0000
6283.0525	4057.0000
6283.0891	4132.0000
6283.1257	4228.0000
6283.1624	4147.0000
6283.1990	4143.0000
6283.2356	4007.0000
6283.2722	3746.0000
6283.3089	3701.0000
6283.3455	3768.0000
6283.3821	3839.0000
6283.4187	3947.0000
6283.4553	3979.0000
6283.4919	4038.0000
6283.5286	4026.0000
6283.5652	4063.0000
6283.6018	4013.0000
6283.6383	4031.0000
6283.6749	4070.0000
6283.7115	4232.0000
6283.7481	4347.0000
6283.7847	4296.0000
6283.8213	4315.0000
6283.8579	4270.0000
6283.8945	4203.0000
6283.9311	4162.0000
6283.9677	4012.0000
6284.0042	3950.0000
6284.0408	3812.0000
6284.0774	3957.0000
6284.1140	3983.0000
6284.1506	4086.0000
6284.1871	4049.0000
6284.2237	4202.0000
6284.2603	4258.0000
6284.2968	4236.0000
6284.3334	4177.0000
6284.3701	4068.0000
6284.4066	4130.0000
6284.4432	4342.0000
6284.4798	4406.0000
6284.5163	4310.0000
6284.5529	4425.0000
6284.5894	4420.0000
6284.6260	4484.0000
6284.6625	4432.0000
6284.6991	4299.0000
6284.7357	4322.0000
6284.7722	4346.0000
6284.8087	4281.0000
6284.8453	4285.0000
6284.8818	4213.0000
6284.9184	4132.0000
6284.9549	3939.0000
6284.9915	3817.0000
6285.0280	3663.0000
6285.0645	3589.0000
6285.1011	3538.0000
6285.1376	3511.0000
6285.1741	3470.0000
6285.2107	3627.0000
6285.2472	3795.0000
6285.2837	3807.0000
6285.3202	3814.0000
6285.3568	3882.0000
6285.3933	3927.0000
6285.4299	4113.0000
6285.4664	4193.0000
6285.5029	4323.0000
6285.5395	4493.0000
6285.5760	4643.0000
6285.6125	4662.0000
6285.6490	4828.0000
6285.6855	4714.0000
6285.7220	4615.0000
6285.7585	4514.0000
6285.7950	4351.0000
6285.8315	4306.0000
6285.8680	4317.0000
6285.9045	4413.0000
6285.9410	4348.0000
6285.9775	4432.0000
6286.0140	4464.0000
6286.0505	4471.0000
6286.0870	4509.0000
6286.1235	4514.0000
6286.1600	4615.0000
6286.1965	4638.0000
6286.2330	4625.0000
6286.2694	4528.0000
6286.3059	4585.0000
6286.3424	4627.0000
6286.3789	4697.0000
6286.4154	4639.0000
6286.4519	4672.0000
6286.4884	4606.0000
6286.5249	4549.0000
6286.5614	4605.0000
6286.5978	4497.0000
6286.6343	4496.0000
6286.6708	4400.0000
6286.7072	4452.0000
6286.7437	4414.0000
6286.7801	4456.0000
6286.8166	4513.0000
6286.8531	4533.0000
6286.8895	4617.0000
6286.9260	4652.0000
6286.9624	4682.0000
6286.9989	4710.0000
6287.0353	4802.0000
6287.0718	4695.0000
6287.1082	4742.0000
6287.1447	4743.0000
6287.1811	4849.0000
6287.2176	4816.0000
6287.2540	4856.0000
6287.2904	4756.0000
6287.3269	4694.0000
6287.3633	4715.0000
6287.3998	4697.0000
6287.4362	4639.0000
6287.4726	4667.0000
6287.5091	4557.0000
6287.5456	4600.0000
6287.5820	4542.0000
6287.6184	4444.0000
6287.6549	4575.0000
6287.6913	4587.0000
6287.7277	4756.0000
6287.7641	4888.0000
6287.8005	5008.0000
6287.8369	5188.0000
6287.8734	5199.0000
6287.9098	5155.0000
6287.9462	5197.0000
6287.9826	5054.0000
6288.0190	4909.0000
6288.0554	4723.0000
6288.0918	4628.0000
6288.1282	4631.0000
6288.1646	4689.0000
6288.2010	4757.0000
6288.2374	4809.0000
6288.2738	4840.0000
6288.3102	4887.0000
6288.3466	4855.0000
6288.3830	5029.0000
6288.4194	5038.0000
6288.4558	5099.0000
6288.4922	5008.0000
6288.5285	4935.0000
6288.5650	4849.0000
6288.6014	4706.0000
6288.6378	4623.0000
6288.6742	4711.0000
6288.7106	4632.0000
6288.7469	4669.0000
6288.7833	4690.0000
6288.8197	4731.0000
6288.8560	4720.0000
6288.8924	4750.0000
6288.9288	4924.0000
6288.9652	5018.0000
6289.0015	5250.0000
6289.0379	5246.0000
6289.0742	5272.0000
6289.1106	5372.0000
6289.1470	5291.0000
6289.1833	5221.0000
6289.2197	5060.0000
6289.2560	4921.0000
6289.2924	4912.0000
6289.3287	4861.0000
6289.3651	4686.0000
6289.4014	4556.0000
6289.4378	4495.0000
6289.4741	4492.0000
6289.5105	4518.0000
6289.5468	4604.0000
6289.5831	4680.0000
6289.6196	4767.0000
6289.6559	4828.0000
6289.6923	4790.0000
6289.7286	4874.0000
6289.7649	5031.0000
6289.8012	5058.0000
6289.8376	4986.0000
6289.8739	5024.0000
6289.9102	4827.0000
6289.9466	4728.0000
6289.9829	4906.0000
6290.0192	5126.0000
6290.0555	5328.0000
6290.0918	5543.0000
6290.1281	5691.0000
6290.1645	5656.0000
6290.2008	5525.0000
6290.2371	5335.0000
6290.2734	5204.0000
6290.3097	4940.0000
6290.3460	4782.0000
6290.3823	4797.0000
6290.4186	4842.0000
6290.4549	4828.0000
6290.4912	4956.0000
6290.5275	4994.0000
6290.5638	5085.0000
6290.6001	5130.0000
6290.6364	5161.0000
6290.6728	5132.0000
6290.7091	5086.0000
6290.7454	4780.0000
6290.7817	4614.0000
6290.8180	4520.0000
6290.8542	4586.0000
6290.8905	4742.0000
6290.9268	4866.0000
6290.9631	4960.0000
6290.9994	5044.0000
6291.0356	5101.0000
6291.0719	5053.0000
6291.1082	5057.0000
6291.1445	4904.0000
6291.1807	4799.0000
6291.2170	4676.0000
6291.2533	4659.0000
6291.2895	4686.0000
6291.3258	4615.0000
6291.3621	4669.0000
6291.3983	4697.0000
6291.4346	4932.0000
6291.4708	5055.0000
6291.5071	5230.0000
6291.5433	5223.0000
6291.5796	5268.0000
6291.6158	5417.0000
6291.6521	5431.0000
6291.6883	5202.0000
6291.7247	5186.0000
6291.7609	5241.0000
6291.7972	5338.0000
6291.8334	5196.0000
6291.8697	5215.0000
6291.9059	5315.0000
6291.9421	5237.0000
6291.9784	5155.0000
6292.0146	5074.0000
6292.0508	4991.0000
6292.0871	4915.0000
6292.1233	4926.0000
6292.1595	4872.0000
6292.1957	4895.0000
6292.2320	5061.0000
6292.2682	5062.0000
6292.3044	5268.0000
6292.3406	5417.0000
6292.3769	5432.0000
6292.4131	5302.0000
6292.4493	5187.0000
6292.4855	4981.0000
6292.5217	4843.0000
6292.5579	4659.0000
6292.5941	4518.0000
6292.6303	4450.0000
6292.6665	4101.0000
6292.7027	3785.0000
6292.7389	3593.0000
6292.7752	3571.0000
6292.8114	3756.0000
6292.8476	3945.0000
6292.8838	4210.0000
6292.9200	4283.0000
6292.9562	4212.0000
6292.9924	4192.0000
6293.0286	4185.0000
6293.0648	4185.0000
6293.1010	4174.0000
6293.1372	4310.0000
6293.1733	4286.0000
6293.2095	4339.0000
6293.2457	4596.0000
6293.2819	4714.0000
6293.3181	4760.0000
6293.3542	4898.0000
6293.3904	5016.0000
6293.4266	4995.0000
6293.4627	4769.0000
6293.4989	4458.0000
6293.5351	4401.0000
6293.5713	4576.0000
6293.6074	4667.0000
6293.6436	5027.0000
6293.6797	5210.0000
6293.7159	5252.0000
6293.7521	5344.0000
6293.7882	5264.0000
6293.8245	5247.0000
6293.8606	5274.0000
6293.8968	5209.0000
6293.9329	5134.0000
6293.9691	5080.0000
6294.0052	4960.0000
6294.0414	4971.0000
6294.0775	4932.0000
6294.1136	4989.0000
6294.1498	5098.0000
6294.1859	5133.0000
6294.2221	5160.0000
6294.2582	5198.0000
6294.2943	5289.0000
6294.3305	5378.0000
6294.3666	5461.0000
6294.4027	5463.0000
6294.4389	5553.0000
6294.4750	5535.0000
6294.5111	5570.0000
6294.5472	5571.0000
6294.5833	5625.0000
6294.6195	5549.0000
6294.6556	5399.0000
6294.6917	5207.0000
6294.7278	4999.0000
6294.7639	4799.0000
6294.8000	4522.0000
6294.8362	4205.0000
6294.8724	4174.0000
6294.9085	4170.0000
6294.9446	4099.0000
6294.9807	4067.0000
6295.0168	4079.0000
6295.0529	4055.0000
6295.0890	3992.0000
6295.1251	3984.0000
6295.1612	3971.0000
6295.1973	3964.0000
6295.2334	4074.0000
6295.2694	4162.0000
6295.3055	4189.0000
6295.3416	4128.0000
6295.3777	4210.0000
6295.4138	4327.0000
6295.4499	4355.0000
6295.4860	4598.0000
6295.5220	4427.0000
6295.5581	4485.0000
6295.5942	4593.0000
6295.6303	4450.0000
6295.6663	4374.0000
6295.7024	4094.0000
6295.7385	3782.0000
6295.7746	3755.0000
6295.8106	3992.0000
6295.8467	4145.0000
6295.8828	4327.0000
6295.9188	4509.0000
6295.9550	4614.0000
6295.9910	4682.0000
6296.0271	4781.0000
6296.0632	4897.0000
6296.0992	5016.0000
6296.1353	5093.0000
6296.1713	5130.0000
6296.2074	5075.0000
6296.2434	4950.0000
6296.2795	4827.0000
6296.3155	4769.0000
6296.3516	4569.0000
6296.3876	4465.0000
6296.4236	4256.0000
6296.4597	3842.0000
6296.4957	3408.0000
6296.5317	3171.0000
6296.5678	3035.0000
6296.6038	3157.0000
6296.6398	3329.0000
6296.6759	3446.0000
6296.7119	3666.0000
6296.7479	3842.0000
6296.7840	4040.0000
6296.8200	4131.0000
6296.8560	4256.0000
6296.8920	4408.0000
6296.9280	4644.0000
6296.9641	4866.0000
6297.0002	4985.0000
6297.0362	5183.0000
6297.0722	5256.0000
6297.1082	5343.0000
6297.1442	5326.0000
6297.1802	5306.0000
6297.2162	5317.0000
6297.2522	5163.0000
6297.2882	5108.0000
6297.3242	5100.0000
6297.3602	5146.0000
6297.3962	5173.0000
6297.4322	5268.0000
6297.4682	5299.0000
6297.5042	5298.0000
6297.5402	5347.0000
6297.5762	5390.0000
6297.6122	5308.0000
6297.6482	5254.0000
6297.6842	5276.0000
6297.7201	5114.0000
6297.7561	5034.0000
6297.7921	5118.0000
6297.8281	5009.0000
6297.8641	4967.0000
6297.9000	4953.0000
6297.9360	5041.0000
6297.9720	5100.0000
6298.0080	5158.0000
6298.0440	5202.0000
6298.0800	5332.0000
6298.1160	5314.0000
6298.1519	5155.0000
6298.1879	5316.0000
6298.2238	5397.0000
6298.2598	5369.0000
6298.2958	5385.0000
6298.3317	5324.0000
6298.3677	5232.0000
6298.4036	5067.0000
6298.4396	5115.0000
6298.4755	5117.0000
6298.5115	5055.0000
6298.5474	5030.0000
6298.5834	5044.0000
6298.6193	5079.0000
6298.6553	5083.0000
6298.6912	5051.0000
6298.7271	5095.0000
6298.7631	4993.0000
6298.7990	5061.0000
6298.8349	4995.0000
6298.8709	4993.0000
6298.9068	4979.0000
6298.9427	4722.0000
6298.9787	4394.0000
6299.0146	4182.0000
6299.0505	4124.0000
6299.0865	4332.0000
6299.1225	4673.0000
6299.1584	4908.0000
6299.1943	5042.0000
6299.2302	5154.0000
6299.2661	5293.0000
6299.3021	5376.0000
6299.3380	5526.0000
6299.3739	5618.0000
6299.4098	5536.0000
6299.4457	5489.0000
6299.4816	5515.0000
6299.5175	5312.0000
6299.5534	5106.0000
6299.5893	5045.0000
6299.6252	5030.0000
6299.6611	5018.0000
6299.6970	4943.0000
6299.7329	4714.0000
6299.7688	4450.0000
6299.8047	4298.0000
6299.8406	4478.0000
6299.8765	4739.0000
6299.9123	4984.0000
6299.9482	5164.0000
6299.9841	5179.0000
6300.0200	5182.0000
6300.0559	5296.0000
6300.0918	5373.0000
6300.1276	5594.0000
6300.1636	5603.0000
6300.1995	5510.0000
6300.2354	5522.0000
6300.2712	5593.0000
6300.3071	5648.0000
6300.3430	5609.0000
6300.3788	5709.0000
6300.4147	5686.0000
6300.4506	5708.0000
6300.4864	5636.0000
6300.5223	5642.0000
6300.5581	5568.0000
6300.5940	5398.0000
6300.6299	5327.0000
6300.6657	5148.0000
6300.7016	5069.0000
6300.7374	5144.0000
6300.7733	5270.0000
6300.8091	5789.0000
6300.8450	6427.0000
6300.8808	6725.0000
6300.9166	6573.0000
6300.9525	6216.0000
6300.9883	5897.0000
6301.0242	5847.0000
6301.0600	5734.0000
6301.0958	5595.0000
6301.1317	5463.0000
6301.1675	5450.0000
6301.2034	5364.0000
6301.2393	5373.0000
6301.2751	5356.0000
6301.3109	5411.0000
6301.3467	5519.0000
6301.3826	5779.0000
6301.4184	5903.0000
6301.4542	5985.0000
6301.4900	5968.0000
6301.5258	5914.0000
6301.5616	5792.0000
6301.5975	5707.0000
6301.6333	5587.0000
6301.6691	5495.0000
6301.7049	5401.0000
6301.7407	5257.0000
6301.7765	5408.0000
6301.8123	5341.0000
6301.8481	5303.0000
6301.8839	5331.0000
6301.9197	5322.0000
6301.9555	5498.0000
6301.9913	5567.0000
6302.0271	5671.0000
6302.0629	5797.0000
6302.0987	5761.0000
6302.1345	5749.0000
6302.1702	5691.0000
6302.2060	5555.0000
6302.2419	5451.0000
6302.2777	5358.0000
6302.3135	5448.0000
6302.3493	5444.0000
6302.3850	5461.0000
6302.4208	5530.0000
6302.4566	5455.0000
6302.4924	5381.0000
6302.5281	5106.0000
6302.5639	4818.0000
6302.5997	4831.0000
6302.6354	4965.0000
6302.6712	5017.0000
6302.7070	5123.0000
6302.7427	5096.0000
6302.7785	5210.0000
6302.8142	5280.0000
6302.8500	5228.0000
6302.8858	5315.0000
6302.9215	5406.0000
6302.9573	5552.0000
6302.9930	5762.0000
6303.0288	5864.0000
6303.0645	5899.0000
6303.1003	5993.0000
6303.1360	5929.0000
6303.1718	5851.0000
6303.2075	5656.0000
6303.2432	5339.0000
6303.2790	5031.0000
6303.3148	4678.0000
6303.3505	4727.0000
6303.3863	4916.0000
6303.4220	5286.0000
6303.4577	5698.0000
6303.4935	5976.0000
6303.5292	6157.0000
6303.5649	6306.0000
6303.6006	6353.0000
6303.6364	6397.0000
6303.6721	6424.0000
6303.7078	6242.0000
6303.7435	6025.0000
6303.7792	6015.0000
6303.8150	5790.0000
6303.8507	5591.0000
6303.8864	5490.0000
6303.9221	5396.0000
6303.9578	5386.0000
6303.9935	5437.0000
6304.0292	5500.0000
6304.0649	5568.0000
6304.1006	5604.0000
6304.1363	5592.0000
6304.1720	5780.0000
6304.2077	5857.0000
6304.2434	5995.0000
6304.2791	6108.0000
6304.3148	6167.0000
6304.3506	6098.0000
6304.3863	6084.0000
6304.4220	6065.0000
6304.4577	5894.0000
6304.4933	5865.0000
6304.5290	5737.0000
6304.5647	5805.0000
6304.6004	5859.0000
6304.6361	5841.0000
6304.6717	5854.0000
6304.7074	5813.0000
6304.7431	5689.0000
6304.7788	5648.0000
6304.8144	5613.0000
6304.8501	5682.0000
6304.8858	5691.0000
6304.9214	5857.0000
6304.9571	5920.0000
6304.9928	6081.0000
6305.0284	6187.0000
6305.0641	6180.0000
6305.0997	6175.0000
6305.1354	6150.0000
6305.1710	6008.0000
6305.2067	5896.0000
6305.2423	5915.0000
6305.2780	5831.0000
6305.3136	5703.0000
6305.3493	5500.0000
6305.3849	5316.0000
6305.4207	5128.0000
6305.4563	4829.0000
6305.4920	4445.0000
6305.5276	4117.0000
6305.5632	3891.0000
6305.5989	3834.0000
6305.6345	3816.0000
6305.6701	3782.0000
6305.7058	3892.0000
6305.7414	3913.0000
6305.7770	3978.0000
6305.8127	3985.0000
6305.8483	3998.0000
6305.8839	4309.0000
6305.9195	4578.0000
6305.9551	4875.0000
6305.9908	5237.0000
6306.0264	5614.0000
6306.0620	5983.0000
6306.0976	6291.0000
6306.1332	6458.0000
6306.1688	6412.0000
6306.2044	6503.0000
6306.2400	6677.0000
6306.2757	6693.0000
6306.3113	6389.0000
6306.3469	6022.0000
6306.3825	5754.0000
6306.4181	5664.0000
6306.4538	5680.0000
6306.4894	5624.0000
6306.5249	5640.0000
6306.5605	5494.0000
6306.5961	5518.0000
6306.6317	5507.0000
6306.6673	5723.0000
6306.7029	5835.0000
6306.7385	5873.0000
6306.7741	6037.0000
6306.8096	6084.0000
6306.8452	6154.0000
6306.8808	6298.0000
6306.9164	6236.0000
6306.9520	6303.0000
6306.9875	6347.0000
6307.0231	6419.0000
6307.0587	6371.0000
6307.0942	6128.0000
6307.1298	5863.0000
6307.1654	5951.0000
6307.2009	5870.0000
6307.2365	5839.0000
6307.2721	5877.0000
6307.3076	5796.0000
6307.3432	5666.0000
6307.3787	5811.0000
6307.4143	5929.0000
6307.4498	6112.0000
6307.4854	6248.0000
6307.5211	6505.0000
6307.5566	6602.0000
6307.5921	6627.0000
6307.6277	6645.0000
6307.6632	6545.0000
6307.6988	6364.0000
6307.7343	6335.0000
6307.7699	6278.0000
6307.8054	6297.0000
6307.8409	6334.0000
6307.8765	6274.0000
6307.9120	6254.0000
6307.9475	6216.0000
6307.9831	6160.0000
6308.0186	6066.0000
6308.0541	5836.0000
6308.0896	5664.0000
6308.1252	5654.0000
6308.1607	5682.0000
6308.1962	5844.0000
6308.2317	5911.0000
6308.2672	6074.0000
6308.3028	6314.0000
6308.3383	6525.0000
6308.3738	6778.0000
6308.4093	6949.0000
6308.4448	7134.0000
6308.4803	7336.0000
6308.5158	7456.0000
6308.5513	7368.0000
6308.5869	7391.0000
6308.6224	7286.0000
6308.6579	7088.0000
6308.6934	6848.0000
6308.7289	6655.0000
6308.7644	6295.0000
6308.7999	5959.0000
6308.8354	5797.0000
6308.8709	5642.0000
6308.9064	5465.0000
6308.9419	5446.0000
6308.9773	5474.0000
6309.0128	5523.0000
6309.0483	5592.0000
6309.0838	5677.0000
6309.1193	5884.0000
6309.1548	6112.0000
6309.1902	6332.0000
6309.2257	6454.0000
6309.2612	6724.0000
6309.2966	6773.0000
6309.3321	6805.0000
6309.3676	6763.0000
6309.4031	6727.0000
6309.4385	6769.0000
6309.4740	6738.0000
6309.5094	6723.0000
6309.5449	6764.0000
6309.5804	6687.0000
6309.6159	6714.0000
6309.6514	6493.0000
6309.6868	6453.0000
6309.7223	6453.0000
6309.7577	6333.0000
6309.7932	6196.0000
6309.8286	6052.0000
6309.8641	5889.0000
6309.8995	5837.0000
6309.9350	5811.0000
6309.9704	5816.0000
6310.0058	5975.0000
6310.0413	6111.0000
6310.0767	6266.0000
6310.1121	6615.0000
6310.1476	6832.0000
6310.1830	7024.0000
6310.2184	7061.0000
6310.2539	7095.0000
6310.2893	7015.0000
6310.3247	7092.0000
6310.3601	7015.0000
6310.3956	6717.0000
6310.4310	6382.0000
6310.4664	6292.0000
6310.5018	6234.0000
6310.5372	6349.0000
6310.5727	6539.0000
6310.6081	6561.0000
6310.6435	6446.0000
6310.6790	6422.0000
6310.7144	6338.0000
6310.7498	6293.0000
6310.7852	6237.0000
6310.8206	6217.0000
6310.8560	6093.0000
6310.8914	6050.0000
6310.9268	6003.0000
6310.9622	6059.0000
6310.9976	6199.0000
6311.0330	6277.0000
6311.0684	6267.0000
6311.1038	6421.0000
6311.1392	6128.0000
6311.1746	6078.0000
6311.2099	6106.0000
6311.2453	6211.0000
6311.2807	6444.0000
6311.3161	6572.0000
6311.3515	6639.0000
6311.3868	6597.0000
6311.4222	6517.0000
6311.4576	6584.0000
6311.4930	6486.0000
6311.5283	6446.0000
6311.5637	6451.0000
6311.5991	6324.0000
6311.6344	6373.0000
6311.6698	6376.0000
6311.7052	6370.0000
6311.7406	6433.0000
6311.7760	6591.0000
6311.8114	6690.0000
6311.8467	6584.0000
6311.8821	6636.0000
6311.9174	6567.0000
6311.9528	6458.0000
6311.9881	6445.0000
6312.0235	6431.0000
6312.0588	6415.0000
6312.0942	6490.0000
6312.1295	6685.0000
6312.1649	6780.0000
6312.2002	6790.0000
6312.2355	6780.0000
6312.2709	6768.0000
6312.3062	6677.0000
6312.3416	6628.0000
6312.3769	6698.0000
6312.4122	6748.0000
6312.4476	6942.0000
6312.4829	7014.0000
6312.5182	7188.0000
6312.5535	7322.0000
6312.5889	7375.0000
6312.6242	7430.0000
6312.6595	7351.0000
6312.6948	7476.0000
6312.7301	7339.0000
6312.7655	7189.0000
6312.8009	7007.0000
6312.8362	6906.0000
6312.8715	6717.0000
6312.9068	6443.0000
6312.9421	6192.0000
6312.9774	6269.0000
6313.0127	6214.0000
6313.0480	6268.0000
6313.0833	6384.0000
6313.1186	6632.0000
6313.1539	6809.0000
6313.1892	6860.0000
6313.2245	6829.0000
6313.2598	6705.0000
6313.2951	6620.0000
6313.3304	6636.0000
6313.3657	6562.0000
6313.4010	6677.0000
6313.4363	6869.0000
6313.4715	6892.0000
6313.5068	6943.0000
6313.5421	6934.0000
6313.5774	7066.0000
6313.6127	7178.0000
6313.6479	7300.0000
6313.6832	7373.0000
6313.7185	7509.0000
6313.7538	7531.0000
6313.7890	7502.0000
6313.8244	7409.0000
6313.8597	7344.0000
6313.8949	7255.0000
6313.9302	7072.0000
6313.9655	7001.0000
6314.0007	6799.0000
6314.0360	6754.0000
6314.0712	6518.0000
6314.1065	6416.0000
6314.1418	6256.0000
6314.1770	6081.0000
6314.2123	6006.0000
6314.2475	5998.0000
6314.2828	5995.0000
6314.3180	6125.0000
6314.3533	6491.0000
6314.3885	6656.0000
6314.4237	6954.0000
6314.4590	7046.0000
6314.4942	7322.0000
6314.5295	7397.0000
6314.5647	7546.0000
6314.5999	7667.0000
6314.6352	7672.0000
6314.6704	7593.0000
6314.7056	7573.0000
6314.7408	7315.0000
6314.7761	7117.0000
6314.8113	7034.0000
6314.8465	7099.0000
6314.8818	7038.0000
6314.9171	7005.0000
6314.9523	7015.0000
6314.9875	6928.0000
6315.0227	6830.0000
6315.0579	6657.0000
6315.0931	6535.0000
6315.1283	6388.0000
6315.1636	6241.0000
6315.1988	6149.0000
6315.2340	6291.0000
6315.2692	6327.0000
6315.3044	6444.0000
6315.3396	6452.0000
6315.3748	6713.0000
6315.4100	6821.0000
6315.4452	6930.0000
6315.4804	6963.0000
6315.5156	6940.0000
6315.5507	7059.0000
6315.5859	7331.0000
6315.6211	7492.0000
6315.6563	7620.0000
6315.6915	7890.0000
6315.7267	7999.0000
6315.7619	7958.0000
6315.7970	7917.0000
6315.8322	7801.0000
6315.8674	7747.0000
6315.9026	7709.0000
6315.9379	7625.0000
6315.9730	7616.0000
6316.0082	7587.0000
6316.0434	7401.0000
6316.0785	7190.0000
6316.1137	7079.0000
6316.1489	6826.0000
6316.1840	6655.0000
6316.2192	6423.0000
6316.2543	6214.0000
6316.2895	6028.0000
6316.3247	5940.0000
6316.3598	5879.0000
6316.3950	5800.0000
6316.4301	5917.0000
6316.4653	6155.0000
6316.5004	6412.0000
6316.5356	6559.0000
6316.5707	6721.0000
6316.6059	6913.0000
6316.6410	7056.0000
6316.6761	7391.0000
6316.7113	7606.0000
6316.7464	7682.0000
6316.7816	7927.0000
6316.8167	8046.0000
6316.8518	8017.0000
6316.8870	8005.0000
6316.9221	8074.0000
6316.9572	7949.0000
6316.9924	8078.0000
6317.0276	8136.0000
6317.0627	8144.0000
6317.0978	8044.0000
6317.1329	7890.0000
6317.1680	7723.0000
6317.2032	7325.0000
6317.2383	6994.0000
6317.2734	6753.0000
6317.3085	6471.0000
6317.3436	6170.0000
6317.3787	6065.0000
6317.4138	6079.0000
6317.4489	6210.0000
6317.4840	6428.0000
6317.5192	6808.0000
6317.5543	7089.0000
6317.5894	7181.0000
6317.6245	7335.0000
6317.6595	7277.0000
6317.6946	7198.0000
6317.7297	7124.0000
6317.7648	6926.0000
6317.7999	6728.0000
6317.8350	6751.0000
6317.8701	6773.0000
6317.9052	6750.0000
6317.9403	7000.0000
6317.9753	7238.0000
6318.0104	7482.0000
6318.0456	7729.0000
6318.0807	7839.0000
6318.1158	7914.0000
6318.1508	8016.0000
6318.1859	8265.0000
6318.2210	8164.0000
6318.2560	7926.0000
6318.2911	7712.0000
6318.3262	7348.0000
6318.3612	7069.0000
6318.3963	6763.0000
6318.4314	6390.0000
6318.4664	6150.0000
6318.5015	6103.0000
6318.5366	6160.0000
6318.5716	6274.0000
6318.6067	6362.0000
6318.6417	6551.0000
6318.6768	6759.0000
6318.7118	6850.0000
6318.7469	6934.0000
6318.7819	6873.0000
6318.8170	6939.0000
6318.8520	7072.0000
6318.8870	7318.0000
6318.9221	7466.0000
6318.9571	7783.0000
6318.9922	7907.0000
6319.0272	8107.0000
6319.0622	8075.0000
6319.0974	7895.0000
6319.1324	7763.0000
6319.1674	7386.0000
6319.2024	7057.0000
6319.2375	6912.0000
6319.2725	6830.0000
6319.3075	6782.0000
6319.3425	6698.0000
6319.3776	6623.0000
6319.4126	6592.0000
6319.4476	6606.0000
6319.4826	6658.0000
6319.5176	6631.0000
6319.5526	6507.0000
6319.5876	6423.0000
6319.6226	6326.0000
6319.6576	6279.0000
6319.6927	6188.0000
6319.7277	6292.0000
6319.7627	6289.0000
6319.7977	6326.0000
6319.8327	6466.0000
6319.8677	6755.0000
6319.9027	7055.0000
6319.9376	7282.0000
6319.9726	7614.0000
6320.0076	7740.0000
6320.0426	7941.0000
6320.0776	7994.0000
6320.1126	8003.0000
6320.1477	7969.0000
6320.1827	7966.0000
6320.2176	7915.0000
6320.2526	7826.0000
6320.2876	7619.0000
6320.3226	7577.0000
6320.3575	7512.0000
6320.3925	7393.0000
6320.4275	7360.0000
6320.4625	7317.0000
6320.4974	7306.0000
6320.5324	7221.0000
6320.5674	7127.0000
6320.6023	6982.0000
6320.6373	6735.0000
6320.6723	6465.0000
6320.7072	6191.0000
6320.7422	6091.0000
6320.7771	6096.0000
6320.8121	6117.0000
6320.8470	6328.0000
6320.8820	6585.0000
6320.9169	6710.0000
6320.9519	6819.0000
6320.9868	6854.0000
6321.0218	6780.0000
6321.0567	6718.0000
6321.0917	6554.0000
6321.1266	6193.0000
6321.1615	5782.0000
6321.1966	5419.0000
6321.2315	5279.0000
6321.2664	4995.0000
6321.3014	4830.0000
6321.3363	4656.0000
6321.3712	4601.0000
6321.4062	4542.0000
6321.4411	4473.0000
6321.4760	4597.0000
6321.5109	4622.0000
6321.5459	4728.0000
6321.5808	4735.0000
6321.6157	4838.0000
6321.6506	4848.0000
6321.6855	4887.0000
6321.7204	4938.0000
6321.7554	5036.0000
6321.7903	4916.0000
6321.8252	4894.0000
6321.8601	4912.0000
6321.8950	4979.0000
6321.9299	5037.0000
6321.9648	4936.0000
6321.9997	5040.0000
6322.0346	5074.0000
6322.0695	5172.0000
6322.1044	5086.0000
6322.1393	5106.0000
6322.1742	5179.0000
6322.2091	5178.0000
6322.2441	5210.0000
6322.2789	5176.0000
6322.3138	5347.0000
6322.3487	5355.0000
6322.3836	5568.0000
6322.4185	5772.0000
6322.4534	5939.0000
6322.4882	6022.0000
6322.5231	6152.0000
6322.5580	6211.0000
6322.5929	6361.0000
6322.6277	6448.0000
6322.6626	6331.0000
6322.6975	6446.0000
6322.7324	6435.0000
6322.7672	6313.0000
6322.8021	6183.0000
6322.8369	6035.0000
6322.8718	5868.0000
6322.9067	5812.0000
6322.9415	5738.0000
6322.9764	5711.0000
6323.0112	5719.0000
6323.0461	5882.0000
6323.0809	5841.0000
6323.1158	5788.0000
6323.1506	5774.0000
6323.1855	5815.0000
6323.2203	5567.0000
6323.2552	5428.0000
6323.2900	5674.0000
6323.3250	5716.0000
6323.3598	5767.0000
6323.3946	5830.0000
6323.4295	5830.0000
6323.4643	5999.0000
6323.4991	6209.0000
6323.5340	6296.0000
6323.5688	6270.0000
6323.6036	6186.0000
6323.6385	6170.0000
6323.6733	6211.0000
6323.7081	6326.0000
6323.7429	6332.0000
6323.7777	6442.0000
6323.8126	6577.0000
6323.8474	6619.0000
6323.8822	6574.0000
6323.9170	6606.0000
6323.9518	6611.0000
6323.9866	6643.0000
6324.0214	6625.0000
6324.0563	6621.0000
6324.0911	6730.0000
6324.1259	6785.0000
6324.1607	6710.0000
6324.1955	6812.0000
6324.2303	6707.0000
6324.2651	6421.0000
6324.2999	6092.0000
6324.3347	5734.0000
6324.3696	5581.0000
6324.4043	5413.0000
6324.4391	5222.0000
6324.4739	5193.0000
6324.5087	5246.0000
6324.5435	5295.0000
6324.5783	5239.0000
6324.6131	5348.0000
6324.6478	5396.0000
6324.6826	5444.0000
6324.7174	5401.0000
6324.7522	5422.0000
6324.7870	5339.0000
6324.8217	5292.0000
6324.8565	5303.0000
6324.8913	5139.0000
6324.9260	4947.0000
6324.9608	4836.0000
6324.9956	4663.0000
6325.0303	4512.0000
6325.0651	4225.0000
6325.0999	4058.0000
6325.1346	4015.0000
6325.1694	3875.0000
6325.2041	3992.0000
6325.2389	4135.0000
6325.2736	4335.0000
6325.3084	4660.0000
6325.3431	4877.0000
6325.3779	5154.0000
6325.4127	5373.0000
6325.4475	5614.0000
6325.4822	5848.0000
6325.5170	5998.0000
6325.5517	5975.0000
6325.5864	5953.0000
6325.6212	5981.0000
6325.6559	6001.0000
6325.6906	5925.0000
6325.7254	5877.0000
6325.7601	5773.0000
6325.7948	5657.0000
6325.8296	5627.0000
6325.8643	5652.0000
6325.8990	5759.0000
6325.9337	5793.0000
6325.9684	5864.0000
6326.0032	5805.0000
6326.0379	5779.0000
6326.0726	5828.0000
6326.1073	5814.0000
6326.1420	5863.0000
6326.1767	5970.0000
6326.2115	5988.0000
6326.2462	5970.0000
6326.2809	5885.0000
6326.3156	5883.0000
6326.3503	5793.0000
6326.3850	5581.0000
6326.4197	5534.0000
6326.4545	5618.0000
6326.4892	5839.0000
6326.5239	5918.0000
6326.5586	5910.0000
6326.5933	5939.0000
6326.6279	6170.0000
6326.6626	6466.0000
6326.6973	6388.0000
6326.7320	6286.0000
6326.7667	6071.0000
6326.8014	5971.0000
6326.8361	5761.0000
6326.8707	5691.0000
6326.9054	5623.0000
6326.9401	5434.0000
6326.9748	5407.0000
6327.0094	5482.0000
6327.0441	5628.0000
6327.0788	5741.0000
6327.1135	5878.0000
6327.1481	6101.0000
6327.1828	6122.0000
6327.2175	6235.0000
6327.2521	6314.0000
6327.2868	6511.0000
6327.3214	6479.0000
6327.3561	6468.0000
6327.3907	6249.0000
6327.4254	5997.0000
6327.4601	5848.0000
6327.4947	5719.0000
6327.5295	5492.0000
6327.5641	5392.0000
6327.5988	5440.0000
6327.6334	5573.0000
6327.6680	5786.0000
6327.7027	6148.0000
6327.7373	6445.0000
6327.7720	6612.0000
6327.8066	6992.0000
6327.8412	7102.0000
6327.8759	7191.0000
6327.9105	7255.0000
6327.9451	7079.0000
6327.9798	6766.0000
6328.0144	6491.0000
6328.0490	6058.0000
6328.0836	5818.0000
6328.1183	5719.0000
6328.1529	5707.0000
6328.1875	5667.0000
6328.2221	5704.0000
6328.2567	5842.0000
6328.2914	5809.0000
6328.3260	5713.0000
6328.3606	5570.0000
6328.3952	5514.0000
6328.4298	5455.0000
6328.4644	5396.0000
6328.4990	5326.0000
6328.5336	5323.0000
6328.5683	5281.0000
6328.6029	5438.0000
6328.6375	5635.0000
6328.6721	5698.0000
6328.7067	5780.0000
6328.7413	5744.0000
6328.7759	5805.0000
6328.8105	5804.0000
6328.8451	5831.0000
6328.8797	5745.0000
6328.9143	5766.0000
6328.9488	5655.0000
6328.9834	5487.0000
6329.0180	5289.0000
6329.0526	5254.0000
6329.0872	5326.0000
6329.1217	5409.0000
6329.1563	5672.0000
6329.1909	5948.0000
6329.2255	6109.0000
6329.2600	6270.0000
6329.2946	6395.0000
6329.3292	6445.0000
6329.3637	6309.0000
6329.3983	6238.0000
6329.4329	5983.0000
6329.4674	5780.0000
6329.5020	5628.0000
6329.5365	5473.0000
6329.5711	5239.0000
6329.6057	5202.0000
6329.6403	5171.0000
6329.6749	5196.0000
6329.7094	5195.0000
6329.7440	5294.0000
6329.7785	5303.0000
6329.8131	5380.0000
6329.8476	5538.0000
6329.8821	5601.0000
6329.9167	5728.0000
6329.9512	5631.0000
6329.9858	5607.0000
6330.0203	5449.0000
6330.0548	5322.0000
6330.0894	5262.0000
6330.1239	5181.0000
6330.1584	5031.0000
6330.1930	5050.0000
6330.2275	5189.0000
6330.2620	5295.0000
6330.2965	5331.0000
6330.3311	5343.0000
6330.3656	5601.0000
6330.4001	5862.0000
6330.4346	6139.0000
6330.4691	6214.0000
6330.5036	6248.0000
6330.5382	6320.0000
6330.5727	6194.0000
6330.6072	5942.0000
6330.6417	5852.0000
6330.6763	5675.0000
6330.7108	5447.0000
6330.7453	5357.0000
6330.7798	5435.0000
6330.8143	5403.0000
6330.8488	5559.0000
6330.8833	5606.0000
6330.9178	5791.0000
6330.9523	5706.0000
6330.9868	5796.0000
6331.0213	5918.0000
6331.0558	5828.0000
6331.0902	5652.0000
6331.1247	5574.0000
6331.1592	5507.0000
6331.1937	5461.0000
6331.2282	5451.0000
6331.2627	5446.0000
6331.2971	5474.0000
6331.3316	5520.0000
6331.3661	5636.0000
6331.4006	5785.0000
6331.4350	5976.0000
6331.4695	6102.0000
6331.5040	6050.0000
6331.5384	6053.0000
6331.5729	5988.0000
6331.6074	5965.0000
6331.6418	5865.0000
6331.6763	5807.0000
6331.7107	5830.0000
6331.7453	5793.0000
6331.7798	5874.0000
6331.8142	5841.0000
6331.8487	5783.0000
6331.8831	5802.0000
6331.9176	5752.0000
6331.9520	5651.0000
6331.9865	5658.0000
6332.0209	5587.0000
6332.0553	5645.0000
6332.0898	5729.0000
6332.1242	5738.0000
6332.1587	5889.0000
6332.1931	6002.0000
6332.2275	6039.0000
6332.2620	6023.0000
6332.2964	5895.0000
6332.3308	5797.0000
6332.3653	5708.0000
6332.3997	5537.0000
6332.4341	5399.0000
6332.4685	5236.0000
6332.5030	5123.0000
6332.5374	4979.0000
6332.5718	5027.0000
6332.6062	5043.0000
6332.6406	5075.0000
6332.6751	5182.0000
6332.7095	5361.0000
6332.7439	5519.0000
6332.7784	5736.0000
6332.8128	5973.0000
6332.8472	6116.0000
6332.8816	6135.0000
6332.9160	6280.0000
6332.9504	6509.0000
6332.9848	6471.0000
6333.0192	6330.0000
6333.0536	6300.0000
6333.0880	6263.0000
6333.1224	4991.0000
6333.1568	4852.0000
6333.1912	4669.0000
6333.2256	4470.0000
6333.2600	4371.0000
6333.2944	4254.0000
6333.3287	4283.0000
6333.3631	4328.0000
6333.3975	4391.0000
6333.4319	4440.0000
